2728 3
0 1 2
1 3 2
4 1364 6
7 8 9
10 11 12
8 7 13
14 15 16
17 18 19
6 1364 20
18 21 19
22 23 24
25 22 24
26 15 14
27 28 29
28 27 30
31 27 32
32 27 29
33 34 35
11 10 36
14 10 12
37 38 39
40 41 2
42 41 40
35 34 43
44 31 32
45 46 47
38 37 48
49 50 51
46 52 47
53 54 13
41 0 2
55 56 57
53 58 54
59 25 24
60 61 18
23 22 51
31 44 62
59 63 64
51 50 65
63 59 24
61 60 66
67 54 68
69 70 71
64 63 72
46 64 72
73 74 36
75 67 68
14 16 10
76 77 19
78 79 80
79 45 47
57 56 81
28 42 40
52 46 72
82 73 36
83 84 85
74 11 36
86 87 88
42 28 30
89 86 88
12 11 90
90 91 92
70 1 71
67 8 13
93 84 6
77 76 94
95 96 71
97 91 98
12 90 92
99 100 101
102 76 103
104 82 93
79 47 80
93 82 84
3 1 70
105 106 103
107 59 64
108 109 89
110 111 93
89 109 86
76 105 103
97 98 112
91 97 92
110 113 111
103 106 114
110 93 6
111 104 93
115 116 117
118 119 33
8 120 121
122 123 89
124 69 125
126 127 128
44 129 37
130 131 58
132 69 124
25 133 22
134 135 136
98 137 112
118 138 119
138 139 119
140 123 122
123 108 89
141 25 59
111 142 104
143 115 117
1365 113 110
136 129 44
25 145 133
146 147 148
104 73 82
149 126 128
150 142 111
106 128 114
151 146 3
152 134 153
154 130 58
1366 129 136
156 157 34
104 158 73
1366 1367 129
131 160 124
128 127 114
161 162 114
148 153 28
119 34 33
143 163 115
67 120 8
122 89 88
162 103 114
139 156 119
120 164 121
141 145 25
26 165 99
164 166 167
156 34 119
145 168 133
130 160 131
61 105 21
113 150 111
73 169 74
132 170 69
74 171 11
172 139 138
104 142 158
11 171 90
173 174 117
175 149 166
102 173 55
100 99 176
177 138 118
178 179 172
150 140 142
162 173 102
180 153 148
161 174 162
172 179 139
163 23 181
107 141 59
73 158 169
115 163 181
152 135 134
162 174 173
74 182 171
151 147 146
116 173 117
167 106 105
167 105 61
183 138 177
184 185 178
126 186 127
187 151 3
178 185 179
74 169 182
188 189 137
167 166 106
180 152 153
45 190 46
160 132 124
175 166 164
191 192 186
108 78 109
171 182 193
194 177 165
191 186 126
171 193 195
195 91 90
196 165 26
135 1366 136
21 105 76
55 116 56
195 193 197
166 149 128
189 184 137
142 140 122
127 161 114
147 180 148
172 138 183
198 199 200
188 137 98
201 198 192
184 178 137
143 202 163
162 102 103
127 203 161
201 192 191
195 204 91
184 205 185
161 206 174
139 207 156
183 177 194
192 198 200
55 173 116
91 204 98
199 208 200
204 197 209
188 209 199
210 164 120
211 143 117
195 197 204
127 186 203
169 158 88
212 56 213
164 167 121
196 26 14
194 165 196
189 199 198
211 214 143
172 183 112
215 126 149
171 195 90
156 216 157
199 209 208
209 197 217
218 219 220
221 149 175
106 166 128
222 223 224
174 211 117
163 225 23
183 97 112
167 61 121
189 226 184
115 181 213
206 203 227
137 178 112
226 198 201
87 169 88
184 226 205
219 206 227
75 120 67
197 193 228
204 209 188
218 220 229
200 208 230
87 86 231
139 179 207
191 126 215
174 206 211
158 142 122
182 169 87
230 208 232
161 203 206
143 214 202
188 199 189
227 203 233
125 75 68
234 235 236
203 186 233
189 198 226
178 172 112
192 200 233
220 219 227
175 164 210
193 182 237
185 205 238
197 228 217
204 188 98
0 239 95
232 217 240
183 194 97
208 209 217
241 229 242
211 206 219
222 224 243
214 219 218
218 229 241
244 242 245
246 247 15
215 149 221
186 192 233
211 219 214
248 249 77
84 250 85
251 252 35
253 41 42
224 223 253
201 191 243
222 239 223
223 0 41
182 87 237
221 175 254
191 215 243
255 256 212
95 239 254
244 257 52
156 207 216
196 14 12
215 221 222
222 221 239
163 202 225
0 95 1
215 222 243
223 41 253
228 193 237
241 242 244
223 239 0
258 251 259
158 122 88
260 261 60
244 245 257
194 196 92
262 263 83
179 185 264
229 232 240
210 120 75
175 210 254
185 238 264
31 265 27
207 179 264
239 221 254
208 217 232
205 266 267
268 255 50
225 202 269
196 12 92
270 248 57
271 258 272
218 241 273
243 224 266
233 200 230
216 265 31
225 269 63
97 194 92
273 241 274
214 218 273
201 243 266
216 207 265
205 226 266
190 107 64
202 214 273
275 271 276
277 268 49
278 279 7
248 77 57
265 207 264
244 52 274
269 202 273
220 230 232
227 233 230
259 251 35
266 224 267
37 129 280
226 201 266
229 220 232
242 229 240
220 227 230
255 212 50
241 244 274
264 238 281
258 259 272
37 280 48
224 253 267
238 205 267
269 273 274
217 228 240
86 109 282
238 267 283
52 257 47
267 253 283
253 42 283
228 237 284
23 225 24
109 78 80
21 76 19
265 264 281
49 268 50
276 271 272
240 228 284
27 265 281
225 63 24
245 242 284
46 190 64
60 261 9
56 116 213
242 240 284
281 238 283
63 269 72
284 237 231
274 52 72
75 125 96
237 87 231
278 7 9
269 274 72
261 278 9
1367 1369 280
282 109 80
181 23 51
245 284 231
99 165 286
177 118 286
272 259 38
116 115 213
61 21 18
280 276 48
96 125 71
287 277 288
279 289 53
16 15 290
286 118 291
33 35 292
231 86 282
245 231 282
36 10 250
293 144 1368
5 293 1368
82 36 250
124 125 68
257 245 282
129 1367 280
136 44 32
76 102 94
28 153 29
257 282 80
10 16 85
148 28 40
234 236 292
69 170 70
35 252 292
110 6 20
187 3 70
22 133 294
165 177 286
236 286 291
4 6 295
47 257 80
277 49 288
84 82 250
7 279 53
181 51 65
17 260 18
95 254 96
296 154 297
210 75 96
168 298 299
289 296 297
290 83 85
298 287 299
100 246 101
56 212 81
249 17 19
121 61 66
84 83 295
283 42 30
34 157 43
133 288 294
15 247 290
38 157 39
27 281 30
262 83 290
235 100 176
270 57 81
250 10 85
157 216 62
1369 1476 301
212 256 81
1476 275 301
15 26 101
157 38 43
259 35 43
272 38 48
7 53 13
263 4 295
252 234 292
44 37 39
58 131 54
54 131 68
134 136 32
134 32 29
131 124 68
99 286 176
60 9 66
153 134 29
146 40 2
146 148 40
3 146 2
254 210 96
83 263 295
39 157 62
170 187 70
260 60 18
16 290 85
9 8 66
50 212 65
6 84 295
281 283 30
125 69 71
26 99 101
212 213 65
246 15 101
1 95 71
286 236 176
280 1369 301
57 77 94
77 249 19
55 57 94
102 55 94
213 181 65
1365 110 20
133 168 299
154 58 297
247 262 290
8 121 66
276 280 301
118 33 291
51 22 294
292 236 291
53 289 297
49 51 294
287 288 299
256 270 81
275 276 301
216 31 62
236 235 176
38 259 43
44 39 62
276 272 48
288 133 299
58 53 297
288 49 294
54 67 13
33 292 291
1371 303 304
305 306 307
308 309 310
311 312 313
307 312 314
313 306 1389
1372 309 316
1370 303 317
314 318 319
316 320 321
321 318 311
319 320 308
307 306 313
304 303 1370
314 312 311
316 309 308
313 312 307
317 303 1371
1389 306 305
308 320 316
311 318 314
310 309 1372
319 318 321
321 320 319
322 323 324
323 322 325
326 1373 328
327 329 1374
330 1375 1376
1375 330 325
333 330 1376
1400 335 336
326 337 1373
338 339 340
336 335 338
336 338 340
338 335 341
1377 336 340
1377 343 336
344 341 324
323 344 324
345 1378 1379
1380 1395 331
338 341 344
338 344 339
1400 348 335
1381 1382 1388
339 351 329
343 1400 336
339 344 351
351 344 323
351 323 330
341 352 353
341 335 352
321 311 337
354 355 322
316 321 326
356 357 358
1372 316 359
330 333 360
321 337 326
359 316 326
322 324 361
352 358 353
348 1392 352
350 363 364
364 1383 1387
311 313 365
355 1398 367
340 339 327
335 348 352
1384 350 364
337 311 365
322 355 367
354 322 361
1377 340 1385
358 357 361
322 367 325
331 1395 332
315 1396 1386
370 1380 1390
1399 364 1387
1381 1388 332
313 1389 369
366 370 1390
329 351 360
365 1391 368
1392 373 374
363 1393 1397
330 323 325
373 356 374
1371 304 1394
357 354 361
339 329 327
372 329 360
352 1392 374
364 363 1397
1395 1381 332
1396 342 1386
1380 331 1390
340 327 1385
358 352 374
1383 364 1397
365 313 369
367 1398 371
324 341 353
358 361 353
356 358 374
1372 359 375
351 330 360
1384 364 1399
359 326 328
367 1375 325
1391 365 369
1375 367 371
337 365 368
1373 337 368
361 324 353
329 372 1374
333 372 360
376 377 378
1400 1401 380
381 377 376
382 383 384
385 386 387
1402 379 1403
389 390 1419
392 393 1404
395 1404 396
397 392 395
395 392 1404
397 395 398
1378 379 334
384 397 398
399 400 401
1405 403 404
394 405 1406
1418 400 399
407 399 401
397 408 392
386 408 387
1419 390 409
393 1407 1404
411 412 413
412 390 389
414 379 415
384 383 397
412 416 413
384 398 417
405 1408 402
413 416 418
393 1409 1407
395 396 420
421 422 411
423 414 415
411 422 412
377 424 378
1400 380 348
388 1413 1410
426 414 423
1411 1405 427
405 428 1406
348 1412 1392
417 399 407
380 1412 348
418 416 402
428 389 1406
420 399 398
407 401 426
1413 1414 409
315 1415 1396
398 399 417
1418 399 420
401 414 426
423 415 431
432 1416 434
401 1403 414
1417 400 1418
1403 379 414
415 435 430
392 386 393
395 420 398
1426 381 376
379 435 415
415 430 431
1419 409 406
412 389 416
1406 1419 1420
1406 389 1419
410 405 394
362 437 373
1421 1415 305
373 437 421
1410 438 429
1405 404 427
392 408 386
1422 1409 381
305 1415 315
1378 435 379
391 1418 420
440 441 442
429 438 422
403 443 441
422 390 412
430 435 345
1413 438 1410
402 428 405
427 404 440
419 1428 410
385 377 386
1429 383 382
429 437 362
422 437 429
387 445 1429
1425 439 1423
1409 446 381
410 1408 405
1427 385 1424
416 428 402
422 438 390
377 446 386
442 449 432
433 439 1425
381 446 377
345 435 1378
421 437 422
1426 1422 381
432 449 1416
401 400 1403
441 443 449
1403 400 425
433 419 439
385 387 1424
386 446 393
385 424 377
440 404 441
416 389 428
378 424 1427
410 1428 1408
441 449 442
433 1428 419
1427 424 385
383 445 397
393 446 1409
409 438 1413
397 445 408
390 438 409
404 403 441
449 443 1416
1429 445 383
408 445 387
1424 387 1429
450 451 1430
277 287 453
454 455 456
455 454 457
458 459 460
461 462 463
453 287 464
465 466 467
468 458 460
469 470 471
451 1431 1430
234 473 474
475 476 477
476 478 477
479 466 465
480 481 482
473 483 474
470 484 471
462 461 485
1432 1433 488
486 477 487
465 461 463
482 481 489
490 491 492
493 494 473
486 475 477
495 490 492
476 496 478
497 498 474
499 500 488
490 1434 501
468 455 457
496 476 1435
502 503 504
505 506 452
507 506 505
494 493 508
509 510 511
512 513 514
506 1436 452
491 490 501
488 500 515
510 495 492
455 468 460
516 517 485
498 497 518
465 467 461
1444 520 1437
522 523 524
525 459 458
526 527 528
529 516 485
517 462 485
530 522 524
531 503 532
510 492 511
513 533 514
463 462 534
534 535 536
537 535 538
463 534 536
539 497 540
541 527 453
542 469 471
504 503 543
544 545 540
546 1440 530
548 1438 1439
550 551 552
497 544 540
535 537 536
537 538 553
554 1440 546
555 529 541
556 557 555
530 549 522
540 545 558
541 529 527
559 560 561
520 451 1437
562 563 478
564 565 566
567 557 556
556 555 541
568 541 453
569 570 571
546 530 524
523 522 572
573 542 574
542 575 469
538 576 553
478 563 477
1440 1441 530
568 556 541
533 507 505
577 578 533
579 559 561
568 580 556
581 580 568
555 516 529
494 483 473
1447 578 577
583 569 571
477 563 487
469 519 470
545 571 558
1446 454 578
555 585 516
1442 1443 1431
588 573 574
555 557 585
589 590 591
592 593 468
594 519 469
571 570 558
595 596 558
483 497 474
579 597 559
557 554 546
1454 565 564
596 540 558
599 562 478
562 550 563
565 600 566
479 601 602
496 599 478
600 603 604
527 605 528
573 575 542
494 544 483
516 606 517
594 607 1444
608 589 609
517 610 462
1445 1474 521
559 613 532
563 550 552
462 610 534
614 615 561
616 583 603
539 614 502
617 618 608
567 554 557
587 1449 577
620 609 621
596 614 539
597 1432 613
595 615 596
516 585 606
608 618 589
559 597 613
1446 622 454
596 615 614
517 623 610
560 614 561
604 545 544
586 1449 587
604 544 494
624 609 620
625 626 617
569 627 570
517 606 623
617 626 618
628 629 576
580 567 556
630 1442 1431
604 603 545
1447 1446 578
495 631 490
575 594 469
616 603 600
1448 633 627
548 509 1438
610 623 634
610 634 635
636 620 601
1448 627 569
635 535 534
637 601 479
483 544 497
502 560 503
621 591 481
635 634 638
603 583 571
629 625 576
570 595 558
1449 1447 577
608 609 624
639 640 641
490 631 1434
628 576 538
625 617 576
609 589 591
579 1464 597
643 639 1450
570 644 595
596 539 540
635 645 535
625 646 626
643 1450 632
595 647 615
631 599 1434
589 648 590
1450 639 641
624 620 636
487 563 552
502 614 560
535 645 538
640 649 641
650 579 561
621 609 591
645 638 651
628 651 640
652 600 565
570 627 644
635 638 645
600 604 566
637 479 465
636 601 637
650 653 579
629 640 639
608 624 553
654 569 583
610 635 534
655 656 1452
640 651 649
651 638 658
545 603 571
1462 660 661
597 1451 1432
662 583 616
606 585 524
615 650 561
624 537 553
604 494 566
629 663 625
647 644 664
576 617 553
663 639 643
625 663 646
656 647 664
585 557 546
638 634 665
645 651 628
641 649 1468
655 1452 1453
1477 565 1454
589 618 648
1468 649 668
615 647 650
1448 569 654
623 606 523
595 644 647
523 606 524
669 670 671
664 644 672
579 653 1464
628 640 629
669 673 670
17 249 674
644 627 672
1450 641 1455
617 608 553
1452 656 664
629 639 663
626 646 675
634 623 676
616 600 652
638 665 658
246 100 504
668 658 677
645 628 538
450 1456 611
624 636 537
1457 667 1458
650 647 656
649 651 658
1462 661 1459
653 656 655
1460 1461 679
682 680 683
627 633 672
270 256 466
1438 509 511
650 656 653
654 583 662
100 235 498
661 660 684
684 506 507
261 260 480
1462 678 660
643 632 1459
660 1436 506
623 523 676
662 616 685
262 247 531
1448 654 681
682 686 491
590 648 669
637 465 463
654 662 659
1463 1465 685
597 1464 1451
659 662 1465
654 659 681
660 506 684
1466 680 682
660 678 1436
665 634 676
450 611 451
278 261 687
252 251 493
670 673 455
682 683 686
522 549 688
636 637 536
255 268 526
618 626 689
585 546 524
667 668 677
616 652 685
652 565 1477
491 686 492
626 675 689
648 618 689
673 690 512
646 691 692
263 262 500
1465 662 685
649 658 668
100 498 504
475 642 693
251 258 694
637 463 536
1460 679 1467
279 278 696
1455 641 1468
1459 661 691
669 690 673
507 533 513
475 693 476
537 636 536
1467 679 697
653 655 695
643 1459 691
669 648 690
646 663 691
1464 653 695
289 279 525
4 263 499
258 271 698
682 491 1469
690 648 689
693 642 1467
657 1468 668
687 482 699
664 672 666
691 661 692
687 261 480
663 643 691
667 657 668
687 480 482
1458 667 677
1452 664 666
262 531 500
1466 682 1469
689 675 700
278 687 696
493 251 694
661 684 692
602 248 701
675 646 692
658 665 677
613 1432 488
693 1467 697
503 560 532
675 692 702
665 676 703
684 507 702
692 684 702
499 263 500
690 689 700
1470 1438 511
677 665 703
258 698 694
525 279 696
560 559 532
512 690 700
687 699 696
1471 1458 703
476 693 1435
1458 677 703
700 675 702
703 676 572
693 697 1435
676 523 572
248 602 704
1469 491 501
593 705 458
1471 703 572
1431 451 520
602 601 706
620 621 706
1364 4 1472
590 669 671
271 275 1478
706 621 709
525 696 459
696 699 459
572 522 688
503 531 543
467 466 710
699 482 671
708 574 1473
1471 572 688
298 581 464
287 298 464
485 461 605
592 468 457
481 480 712
529 485 605
468 593 458
454 622 457
497 539 518
686 683 1470
1474 470 521
686 1470 511
577 533 505
492 686 511
674 706 709
1444 607 520
568 453 464
630 1431 520
4 499 1472
613 488 515
17 674 712
484 470 1474
480 260 712
698 271 1478
527 529 605
277 453 713
234 252 473
578 454 514
455 673 456
461 467 528
487 552 1480
601 620 706
235 234 474
300 588 1475
710 526 528
551 293 716
1463 685 612
275 1476 715
652 1477 612
293 5 716
566 494 508
527 526 713
702 507 513
481 591 489
248 270 701
512 700 513
466 256 710
249 248 704
255 526 710
246 504 543
531 247 543
705 296 717
552 707 1480
296 289 717
605 461 528
670 455 460
671 670 718
564 694 719
671 482 489
590 671 489
268 277 713
694 698 719
466 479 701
1473 574 720
622 592 457
694 564 508
454 456 514
260 17 712
493 694 508
699 671 718
673 512 456
526 268 713
587 505 452
484 598 471
467 710 528
587 577 505
602 706 704
472 587 452
451 611 1437
607 630 520
685 652 612
252 493 473
502 504 518
700 702 513
504 498 518
500 531 515
453 527 713
698 1478 711
470 519 521
498 235 474
531 532 515
270 466 701
479 602 701
1479 487 1480
458 705 717
552 551 716
533 578 514
706 674 704
564 566 508
532 613 515
539 502 518
574 542 720
581 568 464
588 574 1475
499 488 714
256 255 710
525 458 717
1454 564 719
591 590 489
598 1473 720
712 674 709
247 246 543
1478 275 715
5 707 716
471 598 720
289 525 717
621 481 709
674 249 704
456 512 514
707 552 716
459 699 718
574 708 1475
1472 499 714
711 1454 719
481 712 709
460 459 718
698 711 719
670 460 718
542 471 720
721 722 723
724 725 726
727 728 729
730 1481 1486
733 723 734
1482 1481 730
734 723 736
737 727 738
739 740 741
742 730 743
741 740 744
745 725 724
746 747 723
742 743 748
723 747 721
749 750 751
752 753 754
755 756 757
758 735 759
760 761 762
763 1483 765
766 767 768
768 769 770
154 771 772
734 773 733
752 774 753
775 740 776
754 753 777
778 757 779
780 781 782
783 767 766
784 723 733
1483 785 765
770 786 787
762 761 788
778 789 757
790 791 1484
783 793 794
795 796 797
798 750 749
751 750 743
799 1485 792
757 789 755
759 800 758
782 801 802
769 767 1500
757 756 795
804 774 763
771 804 805
763 774 752
791 761 1484
806 1486 807
1482 730 1487
1491 798 810
811 788 812
813 748 814
802 801 766
723 722 736
811 762 788
755 789 800
296 771 154
786 762 787
815 748 813
742 748 816
817 746 784
746 723 784
796 818 729
797 728 817
788 761 791
1488 1489 1487
798 1485 799
804 765 805
820 781 780
771 805 772
730 751 743
821 728 727
777 753 593
787 762 811
705 753 822
1493 752 754
768 767 769
592 815 777
824 825 772
584 826 816
815 813 777
826 1488 1487
816 815 622
799 750 798
816 748 815
737 821 727
826 742 816
825 1490 1498
759 735 808
748 743 814
806 749 1486
1499 763 752
798 749 810
762 764 760
829 791 790
800 789 758
780 722 820
830 800 831
592 777 593
1491 1485 798
705 822 296
794 832 739
584 816 622
593 753 705
813 754 777
786 1492 764
582 1488 826
582 826 584
794 833 783
622 815 592
721 834 820
1493 1499 752
745 834 725
154 772 130
758 835 735
813 814 836
1486 751 730
758 789 778
817 821 746
132 837 170
772 825 130
832 793 782
836 1493 754
732 731 1494
1495 1488 1496
1500 767 1497
822 771 296
810 749 806
1442 831 619
736 722 780
788 791 812
776 839 775
824 840 838
1497 767 783
829 790 809
1496 1488 582
739 832 740
813 836 754
836 792 1493
812 791 829
770 769 786
824 1490 825
130 825 160
1442 830 831
766 801 783
155 841 159
160 1498 132
630 830 1442
160 825 1498
594 842 607
1487 730 742
805 824 772
841 737 738
801 793 783
832 781 740
831 800 759
782 793 801
151 775 147
826 1487 742
783 833 1497
607 843 630
814 799 836
739 741 837
822 774 804
740 781 776
763 765 804
831 759 819
822 804 771
840 785 803
753 774 822
805 840 824
828 827 844
749 751 1486
630 843 830
842 843 607
836 799 792
1499 1483 763
786 764 762
746 821 737
755 800 830
837 741 170
1484 761 823
135 726 155
843 755 830
814 750 799
1500 1492 769
285 727 300
743 750 814
187 744 151
824 838 1490
828 837 132
765 840 805
1494 731 845
170 741 187
776 781 820
152 724 135
820 722 721
180 846 152
575 847 594
827 833 844
594 847 842
828 844 837
729 728 796
735 835 731
842 756 843
838 840 803
765 785 840
725 834 747
725 737 841
794 793 832
147 839 180
823 761 760
846 839 776
159 738 285
817 728 821
726 841 155
820 834 745
844 739 837
588 729 573
846 776 745
769 1492 786
725 747 737
844 794 739
843 756 755
573 818 575
187 741 744
744 775 151
135 724 726
159 841 738
847 795 842
726 725 841
1497 833 827
737 747 746
775 839 147
846 745 724
844 833 794
846 724 152
795 756 842
776 820 745
847 796 795
847 818 796
180 839 846
731 835 845
575 818 847
744 740 775
738 727 285
796 728 797
747 834 721
729 818 573
845 835 758
300 727 588
779 757 797
845 758 778
588 727 729
782 781 832
757 795 797
848 849 850
773 851 852
850 849 802
852 851 853
854 849 848
734 851 773
802 849 782
853 851 855
856 857 858
780 858 736
856 858 859
736 857 734
855 857 856
780 860 858
858 860 859
858 857 736
782 860 780
859 860 854
860 849 854
857 851 734
782 849 860
855 851 857
861 862 863
864 865 866
867 864 866
866 862 861
867 866 861
866 868 869
870 871 865
872 873 871
870 872 871
874 875 872
865 868 866
864 870 865
873 876 877
878 874 872
879 853 855
878 872 870
880 881 882
883 884 885
886 884 883
887 888 889
869 862 866
877 890 873
891 888 887
874 892 881
881 892 882
893 867 861
894 895 876
896 876 897
871 887 865
859 898 883
885 884 867
875 899 900
859 883 856
883 898 886
877 876 896
880 882 901
855 902 879
885 902 883
879 902 903
883 902 856
904 878 870
887 905 891
901 906 848
863 862 907
907 869 908
848 906 854
906 909 854
893 885 867
910 881 880
854 909 898
903 902 885
911 912 910
873 894 876
889 868 887
903 885 893
856 902 855
900 894 875
877 913 890
914 877 896
915 891 916
912 899 875
917 900 918
908 869 889
908 889 919
854 898 859
864 904 870
913 905 890
873 890 871
872 894 873
900 895 894
912 875 874
878 892 874
904 920 878
911 899 912
891 905 913
871 905 887
867 884 864
916 913 914
912 874 881
919 888 915
886 898 920
889 888 919
904 886 920
869 868 889
918 899 911
912 881 910
897 895 917
914 913 877
891 913 916
887 868 865
915 888 891
882 906 901
907 862 869
875 894 872
920 892 878
876 895 897
900 899 918
864 884 904
890 905 871
898 909 920
917 895 900
904 884 886
882 909 906
892 909 882
920 909 892
921 922 923
924 925 926
927 928 929
930 931 1501
933 931 930
934 935 936
923 922 937
924 926 938
939 928 940
934 936 941
942 943 944
945 934 941
928 427 940
935 934 946
1502 1411 928
948 949 934
934 949 950
1502 928 927
802 766 951
901 848 952
948 942 949
413 418 947
953 954 955
1411 427 928
945 948 934
766 768 956
880 901 957
958 1503 932
354 959 960
354 357 959
934 950 946
961 962 929
963 953 955
411 413 964
965 927 966
950 967 968
943 969 953
421 411 931
970 961 929
953 1504 954
944 943 963
355 354 972
910 880 973
768 770 974
355 972 971
971 972 1505
357 356 975
958 965 976
931 933 975
956 768 924
880 957 922
1398 355 971
959 357 975
972 977 1505
922 966 937
968 924 938
922 921 973
925 924 974
427 440 940
978 945 941
972 354 960
966 927 962
950 968 979
1506 965 958
952 958 976
969 370 980
1502 965 1506
370 366 980
943 953 963
802 951 955
848 850 981
850 802 977
931 411 1501
1502 927 965
950 949 967
949 942 944
911 910 982
770 787 983
977 802 1505
933 959 975
848 981 933
967 984 985
922 957 966
956 924 968
986 987 921
988 989 925
981 850 977
933 981 959
989 990 926
991 986 923
990 992 993
994 991 995
992 996 997
998 994 961
996 999 935
1000 998 970
999 1001 936
1002 1000 939
939 970 929
957 901 952
413 947 964
411 964 1501
968 967 985
965 966 976
1504 953 980
984 963 955
373 421 1003
952 848 1503
967 944 984
356 373 1003
421 931 1003
880 922 973
924 768 974
984 951 985
366 1504 980
953 969 980
928 939 929
962 927 929
766 956 951
967 949 944
931 975 1003
986 921 923
925 989 926
951 984 955
995 991 923
990 993 926
848 933 930
993 992 997
994 995 961
970 998 961
996 935 997
935 999 936
1000 970 939
988 925 983
921 987 982
957 952 976
981 977 960
954 802 955
925 974 983
973 921 982
1002 939 940
936 1001 941
961 995 962
993 997 979
1001 978 941
440 1002 940
987 911 982
787 988 983
975 356 1003
984 944 963
951 956 985
977 972 960
959 981 960
1506 958 932
974 770 983
910 973 982
966 962 937
979 968 938
956 968 985
966 957 976
926 993 938
995 923 937
997 935 946
993 979 938
962 995 937
979 997 946
958 952 1503
950 979 946
1004 1005 1006
1007 1008 1005
1007 1009 1008
1010 1507 1508
1013 1014 1015
1015 1016 1013
1006 1017 1004
1018 1017 1019
1519 1016 1015
1019 1017 1021
1015 1509 1519
1510 1023 1511
1013 1019 1021
1021 1014 1013
1004 1024 1005
1005 1024 1007
1025 1507 1010
1009 1026 1008
1027 1028 1026
1026 1029 1027
1027 1029 1030
1030 1029 1031
1026 1028 1008
1004 1017 1032
1521 1034 1035
1036 1028 1027
1511 1023 1037
1030 1031 1516
1521 1035 806
1035 1034 1039
1034 1512 1039
1041 1040 1042
1040 1012 1042
1031 1029 1043
1516 1031 809
1009 1044 1026
1045 1028 1036
1513 1040 1041
1035 1039 1038
1046 1522 1048
1006 1005 1049
807 1521 806
1050 1018 1051
810 1035 1038
829 1031 1043
1514 1020 1515
1513 1030 1516
1054 1006 1049
829 1043 812
1054 1049 1045
810 1038 1491
806 1035 810
1055 1013 1056
1041 1027 1030
1005 1008 1049
1513 1041 1030
1012 1046 1042
1057 1046 1048
809 1031 829
1041 1042 1036
1049 1028 1045
1041 1036 1027
1057 1045 1036
1043 1029 1044
1042 1057 1036
1058 1054 1045
1042 1046 1057
1057 1058 1045
1054 1021 1006
1008 1028 1049
1048 1015 1058
1057 1048 1058
1059 1025 1060
1044 1029 1026
1060 1010 1061
1517 1037 1062
996 1004 999
1063 1064 1059
990 1007 992
1065 1066 1063
988 1067 989
1025 1010 1060
1059 1064 1025
1517 1511 1037
1044 1068 1043
1066 1064 1063
1007 1069 1009
1515 1070 1518
812 1068 811
1070 1072 1066
1062 1073 1074
999 1032 1001
1044 1075 1068
1018 1019 1051
1567 1016 1519
1055 1019 1013
1013 1016 1056
1034 1520 1512
1076 1072 1070
1020 1070 1515
1043 1068 812
1054 1014 1021
1068 1075 1067
1015 1014 1058
1521 1077 1034
1046 1011 1522
1037 1073 1062
1004 1032 999
996 1024 1004
1007 1024 992
845 1078 1494
978 1079 1050
990 1069 1007
1067 1069 989
1074 1078 845
1001 1079 978
1522 1509 1048
1073 1523 1033
1518 1080 1524
811 1082 787
1524 1080 1065
787 1082 988
1051 1019 1055
1056 1016 1567
1058 1014 1054
1076 1022 1047
1020 1076 1070
992 1024 996
1021 1017 1006
1040 1525 1012
989 1069 990
1032 1017 1018
1012 1011 1046
1070 1080 1518
1068 1082 811
1020 1022 1076
1034 1077 1520
1494 1078 1033
1050 1079 1018
1066 1080 1070
1067 1082 1068
1067 1075 1069
1507 1083 1047
1048 1509 1015
1073 1078 1074
1032 1079 1001
1047 1083 1072
1065 1080 1066
988 1082 1067
1047 1072 1076
1009 1075 1044
1064 1083 1025
1066 1072 1064
1033 1078 1073
1018 1079 1032
1037 1523 1073
1072 1083 1064
1069 1075 1009
1023 1523 1037
1025 1083 1507
1529 1085 1086
1087 1088 1089
778 1527 1091
1092 1088 1087
1093 1526 779
1095 1096 1097
1086 1085 1098
1527 1099 1091
1098 1088 1086
1086 1096 1529
1090 1092 1528
778 1094 1527
1097 1100 1093
1100 1088 1092
1074 1091 1062
1063 1085 1065
1062 1099 1517
1061 1087 1060
1060 1089 1059
1059 1098 1063
1100 1090 1093
779 1094 778
1529 1096 1095
1097 1086 1100
1100 1092 1090
1086 1088 1100
1091 1099 1062
1098 1085 1063
1061 1528 1087
1059 1089 1098
1087 1089 1060
1090 1526 1093
1097 1096 1086
1528 1092 1087
1089 1088 1098
778 1091 845
845 1091 1074
1065 1085 1524
1524 1085 1529
1101 1102 1103
1104 1105 1102
1104 1106 1105
1107 1530 1537
1110 1111 1531
1531 1113 1110
1103 1114 1101
1115 1114 1116
1117 1532 1112
1116 1114 1118
1112 1119 1117
1537 1120 1107
1110 1116 1118
1118 1111 1110
1101 1121 1102
1102 1121 1104
1533 1530 1107
1106 1123 1105
1124 1125 1123
1123 1126 1124
1124 1126 1127
1127 1126 1128
1123 1125 1105
1101 1114 1129
1130 1131 1534
1133 1125 1124
1107 1120 1134
1127 1128 1542
1130 1534 1541
1534 1131 1535
1131 1536 1535
1138 1137 1139
1536 1537 1538
1128 1126 1140
1542 1128 436
1106 1141 1123
1142 1125 1133
1539 1137 1138
1132 1136 1135
1143 1144 1540
1103 1102 1146
447 1130 1541
918 1115 917
376 1132 1135
434 1128 1140
914 1117 916
1539 1127 1542
1147 1103 1146
434 1140 432
1147 1146 1142
376 1135 1426
378 1132 376
897 1110 896
1138 1124 1127
1102 1105 1146
1539 1138 1127
1543 1544 1139
1148 1544 1145
436 1128 434
1138 1139 1133
1146 1125 1142
1138 1133 1124
1148 1142 1133
1140 1126 1141
1139 1148 1133
1149 1147 1142
1139 1544 1148
1148 1149 1142
1147 1118 1103
1105 1125 1146
1145 1531 1149
1148 1145 1149
1545 1533 1151
1141 1126 1123
1151 1107 1152
1152 1134 1153
991 1101 986
1154 1155 1150
998 1104 994
1156 1157 1154
1002 1158 1000
1533 1107 1151
1150 1155 1122
1152 1107 1134
1141 1159 1140
1157 1155 1154
1104 1160 1106
916 1161 915
432 1159 442
1161 1162 1157
1153 1163 1164
986 1129 987
1141 1165 1159
1115 1116 917
914 1532 1117
897 1116 1110
1110 1113 896
1131 1120 1536
1166 1162 1161
1117 1161 916
1140 1159 432
1147 1111 1118
1159 1165 1158
1531 1111 1149
1130 1167 1131
1143 1108 1144
1134 1163 1153
1101 1129 986
991 1121 1101
1104 1121 994
448 1168 447
911 1169 918
998 1160 1104
1158 1160 1000
1164 1168 448
987 1169 911
1144 1119 1540
1163 1167 1130
915 1170 919
442 1171 440
919 1170 1156
440 1171 1002
917 1116 897
896 1532 914
1149 1111 1147
1166 1119 1144
1117 1166 1161
994 1121 991
1118 1114 1103
1536 1120 1537
1000 1160 998
1129 1114 1115
1109 1108 1143
1161 1170 915
1159 1171 442
1117 1119 1166
1131 1167 1120
447 1168 1130
918 1169 1115
1157 1170 1161
1158 1171 1159
1158 1165 1160
1108 1172 1144
1540 1119 1112
1163 1168 1164
1129 1169 987
1144 1172 1162
1156 1170 1157
1002 1171 1158
1144 1162 1166
1106 1165 1141
1155 1172 1122
1157 1162 1155
1130 1168 1163
1115 1169 1129
1134 1167 1163
1162 1172 1155
1160 1165 1106
1120 1167 1134
1122 1172 1108
1173 1174 1175
1176 1177 1551
1176 1179 1177
1180 1181 1182
550 562 1183
1184 1185 1180
1186 1187 1188
1185 1184 1189
1190 1191 1192
1193 1186 1188
943 942 1174
1194 1195 1196
1546 1557 1186
1190 1192 1199
1546 1547 1557
1201 1202 1203
1203 1204 1205
1206 1207 1548
1549 1210 1211
1212 1213 1214
562 1215 1183
1201 1203 1550
1217 1218 1219
1220 1221 1193
1551 1558 1222
1223 1224 1225
1176 1551 1222
1226 1224 1223
942 948 1227
1228 1552 1553
1174 1173 1230
1231 1232 1233
948 945 1234
1235 1196 1236
945 978 1237
1216 1190 1222
1215 1235 1236
1238 1575 1240
1213 1241 1179
1549 1211 1554
1185 942 1227
1210 1243 1211
1084 1095 1195
168 1566 1245
1181 1180 1227
1213 1179 1214
1084 1195 1246
1247 969 1230
1248 1249 1250
1234 1181 1227
363 1224 1565
1179 1241 1223
1232 1252 1233
1194 1253 1246
1217 1237 1218
1203 1202 1204
1224 363 1254
1255 1213 1256
1257 1183 1236
1221 1220 1253
1555 1556 1589
1207 1557 1548
1259 1249 1248
1575 347 1240
1257 1255 1260
1218 1261 1219
1558 1216 1222
1179 1223 1177
1050 1252 1232
1237 978 1232
1250 1249 1233
1053 1071 1187
1193 1262 1186
1056 1567 1258
1050 1051 1252
1559 347 1575
1201 1263 1202
1264 1265 1200
1573 1261 1242
1261 1209 1242
1229 1580 1205
1241 1226 1223
1268 1256 1199
1245 1560 1266
298 168 1245
1270 1264 1200
1197 1564 1200
350 1272 1254
1195 1194 1246
1191 1190 1216
350 349 1272
1252 1250 1233
551 550 1183
1273 1262 1221
1253 1220 1246
969 943 1230
1555 1259 1248
978 1050 1232
969 1247 1274
1185 1189 1275
1177 1225 1584
948 1234 1227
1186 1557 1207
1277 1278 1180
1181 1217 1279
1243 580 1211
581 1280 1211
1201 1178 1263
1281 1561 1209
567 1243 1270
1440 1562 1563
1270 1243 1264
1282 1262 1273
1564 554 1270
1259 1555 1589
1393 363 1565
1564 1270 1200
1245 1566 1560
1282 1271 1546
631 495 1283
1268 1284 1285
1226 1286 1224
1256 1212 1199
1221 1262 1193
79 78 1228
1200 1265 1198
108 123 1287
1053 1187 1206
1258 1567 1568
1569 1566 1570
123 1290 1287
1231 1209 1261
1055 1248 1250
1204 1175 1291
495 1292 1283
1199 1192 1293
1570 1571 1572
567 580 1243
1056 1555 1248
581 298 1280
363 350 1254
1224 1286 1565
1440 554 1562
78 1552 1228
1264 1243 1210
1179 1176 1214
548 1282 1273
580 581 1211
548 547 1282
1573 1269 1219
1177 1223 1225
554 567 1270
1295 1285 1296
1286 317 1251
1272 1225 1254
1220 1193 1297
1257 1260 1183
1281 1209 1231
1264 1574 1265
1187 1186 1207
1269 1217 1219
168 145 1566
1584 1225 1272
1298 1561 1281
1181 1234 1217
1187 1071 1188
1232 1231 1218
1299 509 1273
945 1237 1234
942 1185 1275
1295 551 1183
1202 1173 1175
1052 1053 1206
510 509 1299
317 302 1251
1252 1051 1250
1280 298 1245
1566 145 1570
1055 1056 1248
1225 1224 1254
1180 1185 1227
1220 1084 1246
1559 1575 1576
1283 1194 1196
1234 1237 1217
1173 1247 1230
509 548 1273
1277 1180 1182
1264 1210 1574
1285 1284 1296
1298 1281 1249
1051 1055 1250
1577 1278 1277
346 370 1274
1202 1263 1173
1204 1202 1175
78 108 1552
1190 1199 1300
370 969 1274
510 1299 1292
1288 1289 1277
1292 1299 1253
1287 1578 1267
145 141 1570
1575 1238 1301
347 346 1240
144 293 1296
1205 1204 1594
123 140 1290
495 510 1292
1175 1174 1189
1192 1579 1303
599 631 1235
1262 1546 1186
1203 1580 1550
1173 1238 1247
1278 1184 1180
943 1174 1230
1291 1175 1189
1287 1290 1578
1282 1546 1262
107 190 1590
1217 1269 1279
1269 1244 1288
1581 1298 1259
141 107 1571
140 150 1582
1583 1191 1216
1283 1292 1194
1299 1273 1221
1551 1177 1584
1580 1203 1205
141 1571 1570
1247 1238 1240
1585 1590 1586
1280 1266 1554
45 79 1595
1587 144 1284
1255 1285 1260
1211 1280 1554
1173 1263 1238
1206 1187 1207
190 45 1586
1298 1249 1259
1280 1245 1266
1290 140 1588
1299 1221 1253
1268 1199 1293
1204 1308 1594
1552 108 1287
1191 1579 1192
107 1590 1294
150 113 1592
1235 631 1283
1237 1232 1218
1249 1281 1233
1590 190 1586
1190 1300 1222
1183 1215 1236
1595 79 1228
1581 1259 1589
1294 1590 1591
1231 1261 1218
45 1595 1586
1198 1265 1208
1196 1310 1236
150 1592 1582
1278 1304 1305
1071 1081 1188
1184 1291 1189
1247 1240 1274
1194 1292 1253
1256 1268 1285
1593 1205 1594
1308 1204 1291
1235 1283 1196
1285 1295 1260
1196 1195 1310
562 599 1215
1586 1595 1596
1552 1287 1267
1260 1295 1183
599 1235 1215
1255 1256 1285
1310 1257 1236
1184 1305 1291
293 551 1295
1278 1305 1184
1193 1188 1297
1281 1231 1233
1305 1306 1308
1238 1263 1301
1240 346 1274
1263 1178 1301
1239 1584 1272
1269 1288 1279
1305 1308 1291
1284 144 1296
1309 1587 1284
293 1295 1296
1178 1276 1301
1199 1212 1300
1189 1174 1275
1300 1176 1222
1192 1303 1293
1303 1309 1293
1300 1212 1214
1595 1228 1302
1176 1300 1214
1276 1575 1301
1309 1284 1268
1261 1573 1219
1288 1277 1182
1188 1081 1297
1308 1307 1594
1279 1288 1182
1309 1268 1293
1181 1279 1182
1081 1220 1297
1081 1084 1220
1095 1257 1310
1195 1095 1310
1174 942 1275
1213 1212 1256
1311 1312 444
1313 1314 1315
1316 1317 382
1314 1318 1315
863 1319 1320
1315 1599 1313
1321 1322 1597
1324 1322 1321
908 1324 907
1311 1318 1312
907 1598 863
444 1317 1311
1320 1319 1599
1320 1599 1315
1320 1315 1316
908 1325 1324
1599 1323 1313
1321 1598 1324
919 1325 908
1154 1322 1156
1156 1325 919
1150 1597 1154
1164 1312 1153
1153 1326 1152
1152 1314 1151
1151 1313 1545
1315 1318 1311
1312 1318 1326
382 1317 444
1324 1598 907
1315 1311 1316
1597 1322 1154
1313 1323 1545
1153 1312 1326
1151 1314 1313
1326 1314 1152
1324 1325 1322
1322 1325 1156
1311 1317 1316
1326 1318 1314
444 1312 448
448 1312 1164
1327 1328 1329
1330 1331 1332
1328 1333 1329
1334 1330 1332
1335 1334 1332
1333 1336 1329
1337 1334 1335
1333 1338 1336
1339 1327 1340
1331 1341 1342
1241 1331 1342
1327 426 1340
1343 1600 1345
1341 1331 1330
1327 1339 1328
1600 1343 1346
314 319 1347
733 773 1341
853 879 1339
1348 1349 1601
314 1347 1349
423 431 1602
1286 1226 1343
1341 773 1346
1350 1339 1340
407 426 1327
1241 1213 1331
853 1339 1350
307 314 1349
1602 1350 1340
773 1600 1346
319 308 1351
903 893 1333
817 784 1334
426 423 1340
1226 1241 1342
1331 1213 1332
407 1327 1329
797 817 1337
893 861 1338
382 384 1352
1257 1095 1353
1255 1335 1332
1336 417 1329
319 1351 1354
423 1602 1340
1343 1226 1342
1336 1355 1352
1356 1335 1353
773 852 1357
1339 879 1328
733 1341 1330
1334 784 1330
903 1333 1328
1370 317 1358
305 307 1359
817 1334 1337
1333 893 1338
853 1601 1360
773 1357 1344
1349 1348 1359
1421 305 1359
317 1286 1358
1320 1316 1355
1097 1093 1356
308 310 1603
1255 1257 1335
384 417 1336
779 797 1361
861 863 1362
1347 319 1354
307 1349 1359
879 903 1328
784 733 1330
1213 1255 1332
417 407 1329
1338 861 1362
797 1337 1361
1338 1355 1336
1356 1337 1335
1093 779 1361
863 1320 1362
1349 1347 1360
1344 1351 1603
384 1336 1352
1335 1257 1353
1601 1349 1360
1357 852 1363
1344 1357 1351
852 853 1363
1363 853 1360
1355 1338 1362
1337 1356 1361
1351 308 1603
1348 1421 1359
1286 1343 1358
1343 1345 1358
1357 1363 1354
1355 1316 1352
1097 1356 1353
1343 1342 1346
1342 1341 1346
1316 382 1352
1095 1097 1353
1363 1347 1354
1356 1093 1361
1320 1355 1362
1345 1370 1358
1351 1357 1354
1347 1363 1360
