1604 2
-2.35771625423223 -0.537828054880351
-2.57034500707271 -0.443096414411181
-2.51731669269139 -0.732900329760278
-2.74664146585795 -0.606017875633942
-0.131079921158611 -2.78189456555731
-2.18306650259569 -9.8873166993224
-0.0796949406139286 -2.56681491903407
-2.50641611462007 0.803322857434838
-2.33112897268833 0.573687443428698
-2.27331873140842 0.799853298395951
-0.667794276886854 -2.15582670938629
-0.684087512248417 -1.87271576404764
-0.857535964332603 -1.97676224210445
-2.54633426505119 0.617409324894077
-0.856060322585813 -2.21271874874589
-0.869130281059735 -2.46362892456513
-0.716315190027866 -2.35832213766272
-1.73406810499481 0.98299561199495
-1.86824218918902 0.80146721188863
-1.59499188570612 0.796182556450892
0.149586010386495 -2.64560461515887
-1.72132657499332 0.636900884738048
-0.154519978153448 0.449250955652396
-0.350757408247127 0.316012346095245
-0.176006027806299 0.198030125556238
0.0545471765993007 0.3508589771211
-1.03307997889511 -2.28685700591096
-2.12824077998609 -1.49615292245797
-2.33019278724834 -1.25294154026941
-2.25614237103776 -1.51212330514796
-2.16355608818552 -1.25633392462441
-2.08771913171019 -1.71536227728831
-2.17623034126808 -1.71445791847535
-1.69739891780876 -2.22218903034889
-1.82700287829424 -2.11360417815267
-1.84516560827931 -2.34058117899843
-0.50199857714945 -2.02515948267605
-2.21016443222222 -2.08266903246238
-2.09582603983365 -2.17023980040727
-2.09382820586427 -2.0040873649078
-2.44550777812677 -0.989915427960414
-2.31721412931152 -0.78360301261665
-2.24822879489099 -1.04576064880903
-1.96330898326195 -2.19299989512046
-2.15840698221879 -1.90332765010006
0.228800624079683 -0.464610603021781
0.00335185351163421 -0.366277941811063
0.0375445596424548 -0.633760329841404
-2.24139555157074 -2.21689998595494
-0.262272849977972 0.765536318967099
-0.485560438817735 0.765228944955697
-0.358182679858626 0.556448561055359
-0.169819211625759 -0.523843035471556
-2.75286004722025 0.788432420239325
-2.71857115718418 0.521026172515414
-1.11794036564427 0.542854502782375
-0.941436710008656 0.650160184351538
-1.14717635043797 0.765476554685425
-2.93574600029514 0.646023918418274
-0.0210739747341513 0.117322312221318
-2.06202709492685 0.795384943766763
-1.92526501787228 0.578845472341884
-2.06323881825504 -1.86757701523244
-0.193851042769691 -0.0402817775870802
-0.0374378114253631 -0.122575254475733
-0.575083171413204 0.602321648697637
-2.13658628179001 0.627826214458822
-2.50261113434265 0.424008889823567
-2.66914616992216 0.274279376467572
-2.79750523937908 -0.108482368570898
-2.78113975369624 -0.354430791607607
-2.59936393603993 -0.200748338659367
-0.183567111345933 -0.273768465390677
-0.342517123043443 -1.9246540911621
-0.515621468949104 -1.7761789037594
-2.45619123819581 0.188371161495109
-1.49335461515104 0.566005056140256
-1.39111268590374 0.772882125633191
0.271251348642492 -1.00942497063929
0.268195322719302 -0.730166359684495
0.0491019824846798 -0.8937581416688
-0.947530367999058 0.834227217383007
-0.327144714962628 -2.16275783924203
-0.455579125185908 -2.56210372518631
-0.342232073096483 -2.3989087429208
-0.551646630863967 -2.37581965294144
-0.163700822467585 -1.29722700604217
-0.344900898955493 -1.41831877275911
-0.179173296458835 -1.57003709527933
0.0083828824185528 -1.44781449560801
-0.860483621700594 -1.73669536573807
-1.0334832977723 -1.60433120118828
-1.03192808777461 -1.83711559493293
-0.133913958603783 -2.31217039299574
-1.28668608192585 0.613511311528354
-2.39771492784301 -0.288930052879715
-2.42258713516416 -0.0493969351576366
-1.20157643599548 -1.70861108548021
-1.20700622516054 -1.47753135323537
-1.1928656545536 -2.36976239513195
-1.1922713169259 -2.61919129541072
-1.04450823829649 -2.4726303992988
-1.30285230080464 0.420698711381543
-1.49051480526504 0.311832120116187
-0.169019808338397 -2.07802223950859
-1.69388700934691 0.432550314108583
-1.67807767810475 0.194169053089153
0 0
0.236609130882901 -1.30130386656704
0.0382888637377945 -1.16160827499803
0.0811095371976982 -2.4538888592586
0.0181251820263317 -2.22964263549197
-1.37032723767032 -1.58547461981827
0.243296429768337 -2.36736044165489
-1.47869105346763 0.0719795284682461
-0.730410303317249 0.306243387727057
-0.92351108177073 0.424369790485844
-0.917468214910382 0.187096549034703
-1.53298001208502 -2.1198374550151
-1.68178050769553 -2.01172814340338
-2.27807091480776 0.324434439640587
-2.10727638789995 0.437529945518314
-0.0400993362261388 -1.74566643143691
0.158276279676859 -1.61381031621561
-2.84368998048559 0.138382055377734
-2.62557727649401 0.0347843600837265
-1.6409878280551 -0.285374623483804
-1.46372547579998 -0.167147356791844
-1.66051976651038 -0.0453424720823062
-2.28331738532165 -2.00722028279879
-3.13815156672028 0.5278039783817
-2.88176080633035 0.394781752809174
-3.00000000000091 -9.09272657168003e-13
0.0789236775313337 0.60545521230507
-2.24975101743805 -1.68630367714287
-2 -2
-2.19103729551323 -1.88329879965394
-1.37984133194067 -1.35567532594614
-1.52675189696596 -1.91265224486081
-1.68225059779738 -1.7983468147001
-2.27373675443232e-13 -1.99999999999977
0.205598174335906 0.232898473312516
-0.0405578965860583 -2.00660280031559
-0.727848308427566 0.0686975188480495
-2.39784543463274 -9.67171198149446
0.31986143838346 0.473770820570721
-2.65722347100457 -0.870027370195519
-2.84108064093959 -1.00139562006441
-2.57273076916659 -1.13744096558545
-1.83988656646105 -0.16397987385804
0.134966316862452 -2.15524929013165
-2.92036531352909 -0.734645668488502
-2.48429375271239 -1.59206325496454
-2.43742369729974 -1.40807146728747
-3.17338980986184 0.779190245862393
-2.06705877550444 -2.27774385267683
-1.82991626822383 -1.90323644725473
-1.97316582197565 -2.00514681310015
-0.186817308980986 -1.83292502291946
-1.94837558485146 -2.45540506313429
-3.07805172307893 0.277283777407979
-1.2839547237157 -0.0493615417676558
-1.29529422049268 0.1889588188762
-0.541399937432122 0.189324605729459
-2.06811951932365 0.199763163342897
-1.20102245128737 -2.15570485870688
-1.86241957274893 0.0769014689185199
-1.88151223273996 0.316809595320005
0.386144224505726 0.722972579577413
-0.347826935655344 -1.67470934929133
-2.97713109670333 -0.236671411411232
-0.68877702604964 -1.63347292107304
-1.52906869509362 -1.69234419846308
-1.11020996964503 0.306393318552429
-1.1017085445953 0.0687230521110162
-2.04411450165183 -0.0417933420206408
-1.33377511711415 -2.44575047647155
-1.36563783383931 -2.03118421320966
-1.538962238407 -1.46670432401616
-1.69032706967885 -1.57828791793465
-2.70749121520538 -1.28283235920432
-0.54437608742724 0.419211546359551
-0.518045221904665 -1.52885103724065
-1.36590752897168 -1.81146941326092
-1.55487910131553 -1.23614359260609
-1.70836507303991 -1.35174755611812
-1.44674805389676 -0.406710378101606
-2.96194478839196 -0.479594234887541
-1.21559005447885 -1.2432915248328
-1.39392969010681 -1.12121485882849
0.149347385550293 -0.217359182679223
-1.61943503930187 -0.525194524667158
-1.42884782890132 -0.646078423393391
-0.692671369313103 -1.3907504726747
-1.20006449181898 -1.93538568828813
-0.86357733593439 -1.49845780070755
-1.03145311397928 -2.06348919964664
-0.869404658459116 -1.25866446376963
-1.41070760609505 -0.884519606745083
-1.22788570179634 -1.00654028375473
-1.24248560132058 -0.767808660193571
-1.59704647795519 -0.764135678226345
-0.543755019888239 -0.0501499982823181
-1.27095251703776 -0.288608777245391
-1.03900492227816 -1.36866819212433
-1.73304280782931 -1.11966338103826
-1.09232550297265 -0.170361909155052
-1.83286582660272 -1.69040838516275
-1.05853250755157 -0.891314503528728
-1.04772137260917 -1.13097236877103
-2.24600793594715 0.0826281751087696
-0.911268694421129 -0.0514091035244509
-0.734475519874833 0.761782878642298
-0.739869021747583 0.528746606737258
-0.724301717047513 -0.171419455030627
-1.8153172491538 -0.404623765812341
-1.96388792015948 -1.79439275696228
-0.876884482855108 -1.0171750372512
-0.718223413971135 -0.413405225459856
-0.903905225311579 -0.291717419770573
-0.89561904552128 -0.533282794889667
-2.0169251668037 -0.283599584499968
-1.98642524643158 -0.525425019091141
-2.15405776149002 -0.648321017638679
-1.95273795641502 -0.766537241735143
-0.362593945782716 0.0716070624497711
-1.57494528214993 -1.00151349022256
-1.08176644179979 -0.410483643382874
-0.696984384320204 -1.1460343308285
-0.710642186798583 -0.656915709403626
-1.07029589207858 -0.650513740669242
-0.341280895374744 -1.16208808757827
-0.885635793952068 -0.774988493538611
-1.25702099959992 -0.528139298187608
-1.58480940746179 -2.56747695194822
-1.39037180862945 -2.59260597727438
-1.4734576475004 -2.3989052742759
-0.519133429950086 -1.27933172989299
-1.88176690485496 -1.2401211268936
-2.19194019376564 -0.404610969547038
-0.702862342908238 -0.901389475777376
-0.533426442121198 -0.535439302976156
-0.526050514325747 -0.782380409812406
-1.78851519578023 -0.644813759723224
-0.346811407826846 -0.657852255845003
-0.341059821776534 -0.908794146655747
-0.990969672178475 -2.64754696430065
-0.785953672728875 -2.6779315091453
-1.2862762084009 0.971583325856397
-1.50956834001037 0.976688958393772
-0.48312612541587 -2.223837620124
-1.96340152929959 -2.51921210505874
-1.77602012798964 -2.54307098254447
-2.11083516941056 -0.891601892994711
-2.2138089098798 -0.163377136482452
-0.611947966331735 0.964706574108682
-0.838993605199934 0.965322052744485
-0.154941548333234 -0.780505693542596
-2.14837928155691 -2.49475658539472
-2.02788381509411 -2.34457944553164
-1.9604129845704 0.990054215103614
-2.18979985374834 0.997774073067379
-0.575819800527507 -2.71087283545024
-0.359025915034694 -2.74576138283877
-1.85152720941485 -1.46941692348537
-1.98022219887373 -1.58867149710553
-1.76050576704998 -0.883552935175012
-1.91702491640943 -1.00531453855356
-0.379276286180368 0.965845477687597
-0.365004247889543 -0.168185301390086
-1.06318724096289 0.967653559081115
-2.33239997031019 -2.46907105426141
-2.19542016110148 -2.33266232927798
-0.540379949662192 -0.291353099881573
-0.357195329425765 -0.410191685242294
-2.52042676261448 -2.44081401206371
-2.3580204683069 -2.31358446996733
-0.136030130138521 0.968576740439886
-2.42352039789477 1.00594825789236
-2.66381305451462 1.01457315870096
-2.3753106250678 -2.16642366895335
-2.01071549783034 -1.36547795441452
-0.153984496408759 -1.03421436577908
-2.05636308086611 -1.13298246326917
-0.521344656084094 -1.03026427278389
-1.78123554294673 -2.59874009285492
-1.38766906780935 -2.25393781968268
0.124529080972635 0.972588493808997
-0.0321011130847015 0.786389948237797
-2.9141169753551 1.02371444061823
-0.666714809413634 -2.54183418965479
-1.56328844295356 -2.27909080685166
-1.66142500749854 -2.39761023829301
-2.15142914013516 -9.61709742590091
-0.148618108144359 0.638797238426984
-0.275113432879145 -2.6042556669144
-3.18120544867475 1.03338175198982
-2.97605642553873 0.84375143571391
0.412656831380945 0.976900543587965
0.185504436740228 0.799616490697467
-1.59118998166834 -2.72080667723121
-2.50494463834246 -2.30323046350666
-8 -9
-9.03724844922399 -6.28159878079706
-9.7243761553382 -5.64918167653179
-10 -8
-9.80805162237521 -8.36795518422155
-9.07113777017049 -7.61192006397544
-4.88976236208701 -7.45256317761396
-4.1421975482597 -8.07833218826444
-3.52279432094586 -7.42460943627044
-7.71297831307402 -8.7616036658925
-8.42130434400945 -8.18573209800201
-9.16106797828428 -8.85990050233841
-7.7400348234361 -7.50950655117658
-11 -7
-4.80541505913464 -8.71178445356625
-8 -7
-7.00829638490733 -8.1146283619966
-6.31780648263221 -7.46666171740039
-5.56883681579072 -8.08793392688187
-6.26237363963503 -8.72073221789077
-5.30799628957089 7.28013047353023
-5.23449489296507 8.97309420080074
-6.63141886843434 8.33023556492826
-4.08371924739664 8.27740846441187
-5.52682999047005 -9.944939361596
-6.39129246725962 12.7217685780881
-4.64537032827053 -11.0288476498009
-5.14076742870815 11.7417657280134
-3.71751773292117 9.75847672018419
-11.3243814423748 4.36114078182743
-12.7381258427063 4.68793287135458
-2.76502303171953 11.1094575472731
-4.77043254741171 -9.38703835515152
-9.41370307757493 9.82526926373861
-9.34137077021707 11.3434020251562
-6.98033840552699 -10.0109794701655
-7.98670274264354 10.5572230759754
-6.57460838740505 11.2871252391657
-7.88305201755733 11.9765841500138
-7.96884474664852 9.10608860024423
-12.7975691110699 -4.88286370238069
-10.6948864875949 12.0939453822259
-6.57436140855132 9.79156561564493
-4.67535954644142 -6.436960947504
-9.1231994177894 7.43888398865698
-9.18987108115384 8.98235052424339
-10.8513513131837 9.09597389273739
-9.25508292371353 -9.48701980568329
-9.34439748654864 -7.9875400540186
-5.20589113247463 10.4753453459983
-9.32265913350018 8.2088223253055
-7.90040272148968 7.91486580097672
-6.19851432081501 5.73055054887157
-4.52107762156979 5.74849741918042
-9.43433901158849 5.84576757645037
-7.839750899418 5.76309834613596
-8.55082783411486 6.96407797317409
-3.98200462178353 -9.94315553078566
-4.07794250761418 10.9628412540981
-7.02247219505332 6.9696364789204
-12.5470036441243 6.06809009252109
-9.49844272315354 -6.51539899589844
-10.9217346325813 -7.21705454677106
-8.39206701198491 -9.93335880080307
-8.82174376640305 4.18901508522276
-3.71827977092066 7.07039250826493
-7.72846650224928 -10.8707852469646
-9.61575481437392 -9.95043950253171
-9 6
-2.36978430851663 6.9807602536133
-3.89873341311647 11.9602580821217
-11 6
-9.82590220797347 6.97165782145507
-2.73000003936541 -9.87198172409716
-14.2084885111413 -12.3989538755398
-13.7917026009293 -11.7018739521026
-14.3243173186793 -11.8548824614622
-6.10216604486969 -8.2790209558057
-12.2939282207585 9.95690782478335
-13.6608759669554 -12.3574184340584
-14 -8
-13.5047651979579 -8.85620391291678
-12.8578609983145 -7.94044265851632
-13.9619741519113 -11.1014796663189
-13.352612108082 -11.1643123978251
-13.8081257471521 -10.3638888821286
-16.046914674784 3.4421493199876
-12.9781598082805 1.18328432843949
-13.2784069622953 2.49345389430753
-9.63994056886298 -10.9505300466066
-12.7245719139081 -10.7463331254481
-12.8777876363049 -11.6989984172456
-13.523026241028 -1.11408761640169
-11.8772716148541 -10.3926551265818
-10.9801777302223 -11.3641848130815
-12.8188970346985 -9.53562607038568
-11.7303385626256 -9.05424991415077
-10.1834740934459 -8.78460800086577
-8.66477787403687 -9.31726198473278
-8.87784196862874 -8.17226641040009
-12.0565363176956 -0.301643771159897
-11.0582172800384 6.29003725097885
-10.8868864500687 5.80678800341982
-12.7474359838518 -0.631793738916815
-15.0700413029534 1.41099707305457
-10.1974063342921 -7.39283943918591
-13.2584959895046 -10.1720007264582
-14.3428652735498 2.51181817317123
-12.759933817733 -1.41616419968201
-11.1868843633414 2.71006612019143
-12.1965168557383 2.03120685505492
-11.2883546833616 1.2331165032958
-7.58103818051461 -7.64577957213849
-6.37290311065033 -6.90244507238553
-12.0996418304062 0.736515412869865
-11.5251552272115 -7.70153567334251
-11.3563803295546 0.155761377244064
-12.6195100144116 -2.09991214047987
-10.7331449704244 -10.0345047156055
-11.0739496724387 4.34088281659215
-12.4548320778593 3.583189041349
-7.5258544928016 -6.56021997609686
-14.1128997989157 -11.4921639228101
-7.51460235579758 -10.0565080176752
-8.87525572332805 -7.02340092484898
-10.6257887537769 5.40329852979285
-12.7093263404545 0.187904562168569
-13.3505316052286 4.83669159436611
-5.50114639237743 -5.83886874951556
-6 -6
-12.126855532712 5.59504349020691
-12.0802068709373 -2.12509101263852
-12.5733496038787 5.75737226354554
-5.38406374402584 -7.18552998291253
-13 6
-12.172373744943 4.86742128021195
-13.8712318514054 3.63427882810111
-12.2221968130734 -2.49112431912379
-11.1932083445739 5.43697906103852
-11.3679153548619 5.86586665885547
-11.6642992010784 5.49098769934553
-11.6437932946053 6.24796546137438
-15.3338515319962 -7.76373894117783
-13.6313323481573 -9.63819570123235
-13.3566262249334 -11.860797311224
-17.310246759838 -7.62580044250076
-16.7573603912565 -7.63084598921561
-11.8000270093501 5.8669877270134
-1.47092167330032 -2.2058203887923
-1.26606615742513 -2.34859748536298
-2.76675368114999 3.0703259850279
-0.0699451029559219 1.20023845714667
-2.88635250495415 2.15908971395365
-2.71731989085619 1.87133613107101
-2.68623740618189 2.12023402866273
-2.89975062365551 1.8935404044284
-2.91195445034297 1.41814500593671
-2.6534965887538 1.40827953154212
-2.70664087481261 1.61922288730724
-0.730870504428164 1.51244342557706
-0.758032088776787 1.78446489791119
-0.947843443604492 1.66644586296016
0.183538112735271 1.15735123833131
-0.93794354638492 1.43173112983705
-0.940866515409867 1.17490381823328
-0.778024727503049 1.30329429401144
-2.89353289026118 1.68146576940178
-0.946167257578098 -2.78615466854457
-0.779156483507337 -2.61118680563081
-0.992520703305401 -2.57553045089622
-2.99143942403509 3.23922345747937
-1.72682500979294 -2.7125618265628
-1.48931596633182 -2.74725558943785
-1.41098233575523 -10.3801675237971
-1.26249061814646 -10.2150467047831
-1.49295291744164 -10.1597890836717
-1.29946184020533 -10.0159923434013
-1.13156225171899 1.33561842285603
-2.07845616519998 1.18976877213262
-1.95071698245975 1.38150943696306
-2.1930309496709 1.39521807507849
-1.62543000839222 -2.87651183780507
-0.862051221302274 -2.38841184173676
-0.55143610637453 1.66367121346312
-1.61950984385203 -10.3541251747359
-1.71068348025634 -10.1348239729985
-0.34724635140546 -3.14432415584587
-2.08610157923624 1.54021787929477
-1.07143384410011 -10.0104586236294
-1.24231714599517 -10.0966911444242
-1.05771158602502 -10.188282515008
-1.89702539434179 -2.70000931667549
-1.8197158717743 -2.9019450886643
-0.886715328135917 -10.071495782203
-1.12012129532993 -10.0795000750992
-1.42789414096999 -2.96522783933446
-1.30245842152744 -2.78439339622328
-0.2484895523169 -2.95943055458001
-0.465908360442827 -2.92106923026676
-1.23750049731976 -9.91974609950837
-1.08335178929976 -3.03489783148948
-0.90364072154187 -2.96057231658936
-1.08530539929618 -2.82494772476152
-2.76736662746004 2.81568934805233
-2.55407073561946 2.9671492827977
-2.54804328190436 2.70671556493865
-1.99330441935363 -2.83721419041812
-0.846506331260559 -10.4685705996781
-0.855740512853344 -10.2572912227195
-1.04857465167165 -10.3766870329918
-2.5260979258031 2.22748365356867
-2.52498533634367 2.47258492232632
-2.73194489039482 2.33380949216888
-0.560376600983444 -3.05941486008583
-0.379475308002075 1.7880991194623
-0.576604431366606 1.89415337374107
-1.23438123395629 -2.94921603355986
-0.741008429479871 -2.85425234919055
-1.06519657220713 -2.49409139336205
-0.585667893998856 -2.67653200028244
-0.235882530198714 2.32484710223285
-0.412148412841249 2.21944270189435
-0.232847753764936 2.12009363498629
-2.77691603012646 1.21735532455569
-0.485455722749812 1.13745650041872
-0.363124322825866 1.32354480415694
-0.595614909466717 1.31055871338647
-0.350553599411362 1.56352088790102
-0.058741575662012 2.22504148321097
-0.702133170621452 -2.88544985692627
-0.722796543077122 -3.10247755800551
-2.7431215928825 2.57202023627861
-0.956548196166621 1.89871599981444
-1.15082854687526 2.0184435387578
-1.14744667760579 1.79140889764723
-1.34292791182406 1.9136134091453
-1.34581930933766 2.14121381951726
-1.26984864708047 -3.12029255039084
-1.46070284318149 -3.19211350925337
-0.125975054716942 1.45570186993538
-1.10613564112783 -2.72832190568271
-0.894193194178435 -2.78847949744438
-1.63531909624111 -3.05922461510346
-1.65818247416777 -3.27015419820068
-0.0746395068598722 2.03380875553607
-0.907729593526313 -10.8774001094197
-0.862243024463686 -10.6829902857703
-0.0457320025803001 2.42859928246274
-1.64126827571239 -9.62917904850361
-1.898457774948 -9.59823327579761
-1.81433282477244 -9.89588898634801
-1.53896393447197 2.03848469228386
2.27373675443232e-13 1.99999999999977
-0.173926064902147 1.68830472746796
0.0598085343396843 1.58718642079026
-0.0298582957133235 1.82452715297479
-1.48245553342625 -3.40633587287062
-0.730424805040202 -3.30812547783699
-0.908204837636813 -3.17073575621067
-0.9216289822879 -3.38485312401832
-1.37315181596635 -9.72720627315535
-1.55882111567848 -9.91749415406596
-2.15366768874689 -2.88058402962089
-2.20120642149936 -3.06643170384422
-1.99742274796965 -2.99985739301717
0.227346025559162 1.72747867705512
0.123329500982263 1.35114289387382
-1.69969126990923 -3.70094946523147
-1.50065863476796 -3.62114759308485
-1.68037565201337 -3.48361181404321
-0.416717682933733 2.42411385997223
-1.213925340268 -2.88975363332372
-1.27500526582691 -2.64482057049429
-1.06185989574299 -2.94323650365692
-1.54016001199317 2.26717334552035
-2.9774237859829 2.70827229312959
-2.93615456550596 2.44558755064669
-0.745201074621767 -3.52102646044039
0.341009028026844 1.48047532831999
0.399053290010594 1.23065492249666
-2.39048265380791 2.19320289225146
-1.88273773421463 -3.56084627810304
-2.67377539838825 2.12040224871173
-0.215889313380771 1.91049828224547
-3.23430989052263 3.14976570156638
-2.97640584487477 2.97011917421887
-1.39649131644231 -2.8177609151031
-1.9285552652958 1.8284457047735
-2.1186334090101 1.72775660238293
-1.91898068594273 1.60352253098665
-3.06015293664163 1.77755214248566
-3.12004509932026 1.53730491728502
-1 -3
-1.30544504405714 -3.5416375137162
-1.28877032546752 -3.32813807582437
-0.552726871731657 -3.44896566763811
-1.07083285427536 -2.36683615438032
-1.00000000000046 -10
-2.03261453042024 -3.20584572974535
-1.32981805617355 1.4571384865394
-1.30766490794771 1.23422047142434
-1.85842704797976 -3.34515476117207
-1.83080859892408 -3.13428922618576
-0.524130685714092 1.47356671487784
-0.401106701607321 2.00774091442258
-0.869732018338389 -2.67030617983719
-1.73349398136509 1.93437441145342
-1.72857033167187 1.70105204673954
-0.76944833023797 2.00661245625599
-1.50409833191218 -2.44184500704479
-2.43247114015755 -3.34130569799877
-0.541473376176229 -3.2384695702139
-1.09778116111352 -3.24925791342456
-1.11272960355892 -3.46261225051851
-2.06412189213444 -3.41779490019223
-1.73630374510862 2.16717744085886
-1.9324741065611 2.06460510161196
-0.769013194753983 -1.88320512402765
-1.52860414648929 1.57824873815405
-1.72332011310969 1.47710827753207
-3.00000000000023 2.00000000000023
-0.588640028250797 2.11288668014815
-1.53553492979154 1.80780047418566
-1.73648082819009 2.39861439182286
-1.93498303856759 2.30024166026065
-1.51572320582033 -3.83828418351942
-1.34595900732835 2.36631258883841
-1.53919097621316 2.49489114745535
-0.798013023582005 -2.40912029427641
-0.936247634973681 -9.94679327255136
-1.71514431478952 3.07863756207835
-1.52737486518329 -4.05794484477082
-0.777032882513691 2.2244146069481
-0.961755056290135 2.12222681936638
-1.33809267987282 1.68454869093289
-1.140524359499 1.5647748246034
-0.965683444592355 2.34109828765214
-1.53503524589031 2.71975177318022
-1.34442716423849 2.58895448496763
-1.34029381386237 2.80949135156261
-1.34154308694138 -10.5719323896765
-1.72644330888535 2.85497578538933
-1.32002767734276 -3.75624999587444
-1.15360195183606 2.24219681481078
-1.93456279753775 2.53437305487434
-1.12706000099105 -3.67567309819297
-2.12902467132168 1.95941620285433
-1.1531219077762 2.68086889661797
-0.935905836918311 -3.59704863659699
-1.1547404284053 2.46267414508195
-2.23373932337998 -3.27273619370856
-0.759936813877811 -3.73053295985511
-1.90348235986952 -3.78088014387
-0.771315409421875 -3.93763321233593
-0.948706937116 -3.80811812720858
-0.958842086345427 2.98120900783481
-0.966633184488463 2.55686347498214
-2.11312331540701 -3.86101049773091
-2.3295232027191 3.05806209036089
-2.12777813607008 2.90871505591701
-2.0914895670301 -3.63615894590477
-1.73341764114712 2.62812771092822
-1.13920758264577 -3.88896599506072
-0.78076822527318 2.43818497754193
-1.14803440479634 -4.10283713163067
-0.778403982146875 2.855810098306
-0.964202860835913 2.77006103565609
-2.32297393107845 1.85158015868288
-2.51545717536154 1.74856580079894
-2.3146075474515 1.60834884141543
-1.33193702903625 -3.97225399537373
-2.51715709434943 1.98254645262887
-1.62807696080982 1.18101349330848
-2.13678583806806 2.43798358739004
-0.595636758564455 2.32494802748626
-0.78110124023829 2.64810883887072
-2.30840248269068 3.28992200155621
-0.937667653622459 -10.5946751958913
-1.59823708503711 -10.2640590050755
-1.91913158288191 -4.00550628330898
-1.4178566012666 -10.1794451761332
-1.41839933877088 -10.3757715932043
-2.34086332301637 2.82052153747021
-2.2664516080002 -3.49051723990208
-1.23852916077589 -10.2868537739378
-2.31107934616438 1.20698554985115
-0.23353976764627 2.52248671919922
-2.13365096138951 2.19890691602117
-2.33066057300865 2.09428380587217
-1.92938013766235 2.76600729223943
-2.13538363803405 2.67470762422716
-1.20581956798583 -10.4038104568902
-2.10382823346338 -2.68925658429634
-0.586035225027028 -3.86164836562541
-2.54432472419293 1.2150567023649
-1.01348271210173 -10.4142508539288
-2.29149432398193 -2.63425807918881
-2.42783914065855 1.40631237133902
-2.32709648216368 2.33512212244869
-1.13444142294549 1.14324504941432
-2.33331579163991 2.57728843941417
-0.598699083685685 2.53236274632772
-1.4615966638355 1.14298466842543
-3.16287353820778 1.28765265271634
-1.5410317978722 1.34146070487134
-2.02138747635857 -10.023924136022
-1.39396177741709 -2.47548370346223
-1.75401656551303 1.30124763436252
-0.716362891691557 1.12340922190246
-2.4306490743879 -2.76782708498715
-1.85250208331133 1.15711524324246
-0.288499763946557 1.1257700067804
-0.136102748867717 -3.10561352359269
-2.63374915308558 -2.56659220274455
-2.00065135707333 -9.81075440239422
-2.98127512801756 1.20111972904851
-2.53978317035373 1.55927241017732
-2.27476612700071 -2.78176893392648
-1.14757405671792 -2.56275934785598
-3.64882369500719 -2.41431246038213
-4.36623974838652 -2.10958660990403
-3.86696116171571 -3.08600467735901
-2.56824386019996 -1.85749103880748
-2.68076996177222 -2.31963612802497
-2.30960975293661 -2.20703926584154
-1.66539536432239 -2.95638771024774
-1.28089003101649 -3.47609811843269
-1.22170117324453 -3.09703473095965
-2.72645705434457 2.8922548954494
0.410120761964061 -1.54426067344617
0.26635357324507 -1.14296602611425
-4.04813355025458 -4.07398392697371
-5.18744697318736 -3.41331548024867
0.0872975867236327 -1.75565154580716
-5.1896323470722 -2.36009730959888
-2.30740093977699 -2.84188212910715
-2.01821490662822 -2.64521706101992
-3.42588737552326 0.0778433852503617
-3.49833206329361 -0.551904915748486
-3.18881753904567 -0.294308398504682
-2.82063690313879 2.51696761770733
-3.08434674695348 2.6110922884577
-3.14915717848528 -0.580028401662393
-3.08591335108466 -1.82543700949084
-2.59984775487876 -3.38737312099301
-2.96410909948441 -2.7702807061879
-3.10594541097522 2.30672236589888
-3.26625690145673 3.1724280479987
-3.34924890946915 2.73345216214031
-3.01840365907743 2.95569610060032
-3.68788752444976 1.53891452035187
-3.38137959256822 1.4991716596721
-3.50934856080713 1.79140090171269
-0.182347559880436 -2.74053351079599
-0.355375501642598 -2.97659087894657
0.158272037025446 -3.29254438264848
0.327126377932052 -2.31226703553485
-0.221781579982242 -1.93990326355405
-1.48421265698263 1.03034961174686
-1.16635778915218 1.13720505342089
-1.49704899011875 1.42566732073704
-3.84555303472268 1.2805251145386
-1.76391777297106 1.20058801964844
-3.93775020628421 0.954178929746762
-3.85298435215469 2.00656015300561
-3.05899540945864 1.48866162410968
-2.92741646050073 1.96516656913914
-2.51023551974901 1.56688277517197
-2.23208631600933 1.9178203768033
-3.41276778811177 0.901896273676246
-3.3937459992474 0.608905425771178
-5 -4
-3.56286559754983 1.34560259618901
-3.15170077856567 -0.868699153901397
-3.37039086393436 -1.2090777427634
-3.2510933702773 1.77258564911599
0.900240274863291 -3.00772606555913
1 -4
-5.19391971683177 -1.03236236407335
-4.0983878080465 -0.895086058789892
-5.20549856316132 0.458867883265541
-3.46876568318317 1.16850194918088
-2.87699300372974 -4.04628498238747
-4.23412331555567 0.763114072271707
-1.97106110771116 1.50574457992259
-1.71578673160231 1.87312416857393
-1.11890090887278 1.46190610406766
0.270774459283825 -2.79223711511512
-0.429339796121905 0.99423399547404
-0.782462954243421 1.27787919361709
-3.93313358520745 2.14136874266324
-4.06145283953957 0.63829229444493
-3.55689768592557 0.525567400054532
-0.477486975319341 -3.26961255943062
-0.852624456826953 -3.34474595235657
-0.408421982383986 -4.04018394580026
-3.65650152558726 2.8758822171788
-3.6781311838855 2.42833313702169
-0.130373251683515 -2.36296478296602
-4.30497447205459 1.24781553449721
-5 2
-4.23446357366818 0.323556689198814
-3.64862956187709 1.0790382898536
-3.6720122813432 0.741151147701327
-3.13410296049384 3.6076241382854
-2.666625918015 3.73329725004822
-0.324865798547793 -1.54638328416475
-2.27373675443232e-13 0.999999999999772
-3.58184129292042 3.40157469584944
-1.25975761344496 1.79952931074843
-0.813144021919715 1.66308726815839
-3.32731165683832 2.06009853469681
-3.38776508725419 2.3595972985465
-3.10769462783917 2.02480973890256
-2.87602088384521 2.22972056206946
-1.64595199186398 -4.04657387112075
-1.03845646339929 -3.07395521639563
-0.544940491016799 -1.74496364179783
-3.79613513101944 -1.6773055536604
-1.87948737030102 -3.36969206072419
-3.4024516666381 1.19066293763843
-1.18514538559133 0.81159543045492
-3.63655364355472 0.398844279370853
-3.33227562442334 0.327239734881964
-2.57150749462457 2.37095365145934
-2.91672505578095 0.537257919266661
-2.93085166211179 0.211852216063603
-0.386104485758086 1.43803311753922
-0.507006054174118 -2.37607557092859
-0.500307493245823 -2.06702901109615
-3.99625675125184 -0.0509086275880291
-3.2360571713405 0.771917812709116
-3.22872774064926 -2.20082562836356
0.405619692928309 -1.85539142982786
-3.61118201651001 2.09527239765116
-3.11033804466296 0.0296414086314603
-3.97972834097274 0.0875846450278495
-2.99093040101445 -1.17139541277652
-3.96170939436428 0.551808016233497
-2.23290603788036 -2.46771638103881
-0.699699888293657 -2.92451588446536
-0.580391766132431 -2.66403715212702
-3.18721241117898 0.357886221077417
0.799502624712606 -1.8107560341404
-2.88415511429083 -1.49459443600336
-0.844060448934154 -3.08047992048472
-8 2
-6.43003118992066 0.858899598840313
-6.45623185911529 2.05052987927556
-6.54211387184978 -3.55856802132198
-6.47139414767184 -4.24698937458765
-8 -4
-7.77784976507945 0.428292772268856
-7.81389646146926 -3.38066938376666
-7.76829288340329 -2.32184916310136
-6.49085495063001 -2.81321170606768
-6.47785985458176 -1.65406190455785
-7.75215841545304 -1.02633249443284
-6.47703776436707 -0.292529295474572
-12.7494904174433 -3.79001530619233
-13.3972123445549 -2.89186370940718
-14 -4
-11.6362238059134 -1.58974892726945
-12.3413844899175 -1.23234166029631
-12.5937958851106 -2.29646130466981
-11.5791099584942 -2.69743170043523
-12.9418439480572 -1.58833261013582
-13.4424171510039 -2.10358104202185
-11.6050401052461 -0.646791761735359
-12.3323690992425 -0.372886081770238
-11.6189267444945 0.209872564331707
-12.2814102542375 0.340316277209275
-10.9535351168516 0.657118766714296
-11.4693012083825 0.835959006591246
-12.5101605028461 0.806419581232627
-12.8933514928572 0.432634808070858
-10.8646381590894 -0.0605879936766987
-9.02465027195849 -3.99361403401966
-10.1174701562587 1.80038394314254
-10.4746882909397 1.20644505392449
-9.69904020925566 1.15282728226152
-9.24733075630488 -1.88299495818098
-10.6022758005741 -1.83673132554504
-10.3740234762508 -2.86684954165093
-9.95832194552798 -1.05223740335237
-12.9072451705358 -0.888053827856076
-13.4566279551436 -0.914035308949703
-13.4236336685266 -1.40757955348367
-12.6691508971951 -0.00675812984792749
-13.322921024896 -0.440859417984427
-10.2295571574063 0.498181687548564
-11.4671797742616 -3.83783089752596
-11.9536435983753 0.736329888198998
-12.2598309554497 1.11702763813954
-13 1
-12.6608778380014 1.34330198129139
-9.00199798831668 -0.545731929813875
-11.5285432497342 1.33844402489913
-11.9275584082573 1.18967228316939
-9.16908512858561 1.86462664779738
-9.04220676698474 -3.07873120511202
-10.218230085627 -3.91672737772677
-10.806897386288 -0.900514649026604
-12.9029095409963 -0.393773699512932
-8.72311960127533 1.10263007698894
-13.9423234721889 -2.61674464211273
-13.8934448431044 -1.77954209264067
-9.39016098219058 0.361112706169367
-10.8242797878663 1.75186929064365
-11.3440383838283 1.71341229347885
-11.1007782808142 1.29986496589592
-13.1670669580602 -0.00242762326463128
-13.4228125140174 0.427675790130842
-13.775417053946 -0.640090945020949
-13.63824270421 -0.102942211675906
-12.245299109789 1.53290748509094
-11.8005106763617 1.6520549471319
-13.8502048736049 -1.19002752242154
-10.0256489159195 -0.293151249699411
-10.9269528149053 2.38516697800744
-10.3151080791793 2.48636744454026
-10.877141625494 2.84279748908102
-2.71497208989545 2.67365908302687
-2.11402462805366 2.55753562627415
-2.1527407391799 3.02690148816957
-9.95703428206729 4.02241223790985
-10.2907336461608 4.79481642691122
-10.5011870411728 4.23839469524272
-9.01478741852586 2.32349043934327
-9.74045181551886 3.45340541956536
-7.5854283961932 3.98094830532396
-8.31216368076105 3.25903884190216
-2.64697361633789 5.03996583981914
-2.13793521530831 4.52320867628016
-2.13803722008585 4.9900759145576
-10.4862285185861 3.10817367049635
-2.53037981035122 3.29725972986501
-10.8304153917889 4.69784416457631
-10.8308042695027 5.06424016092448
-2.12646786024595 5.33307181408743
-4.18298149026182 5.73733034878288
-5.67006849871855 5.74517141817812
-4.53038287896694 4.72314646380366
-2.32485934950979 5.71237969614909
-2.50859080680309 4.29669801222078
-10.5900735864152 0.581930012514324
-3.10424676734785 5.72817177445478
-3.53315131594898 4.91111158348988
-3.00723941541259 4.23676555913655
-4.27988143797543 2.79272842386553
-8.73602307506507 2.64497341682987
-6.4354147889135 4.19133513924286
-6.2928469736522 2.57703829863477
-5.30789235913267 3.1803346675284
-3.39868739726064 2.69052032004612
-9.61138774095769 2.5036413408401
-8.5282511304754 3.4319018752099
-7.53238155908562 4.3700285683581
-6.33876874380472 4.16011890310727
-10.8845696982961 3.81050516883434
-10.425906075415 3.6402055410585
-5.36028411762915 4.30950863175768
-10.3739654117082 1.5876716826919
-9.23021755382048 3.78425274959328
-9.92323096971268 3.23081412879773
-3.75506535485229 4.00637577288748
-3.07959835667709 3.44176939355193
-7.32173869188242 5.79279832392974
-10.9198592793235 4.28823321168176
-3.77152949049853 4.44116590831681
-5.17424254726851 4.39628527829938
-10.6221577183216 2.15613565624952
-2.42068241910335 2.32998939396492
-8.86725853481672 4.52580680163289
-9.20597859916496 3.11977162653119
-5.75450169344978 3.14997549525003
-1.76180054315811 5.69479158437648
-2.57532086861264 3.80421661738943
-7.67296744116364 4.56928558180781
-7.04761630693794 3.13355195477942
-11.0088770266011 2.03395907078835
-2.04123613030258 2.19994387425323
-4.47159051507036 3.70140071786297
-3.79691350009665 3.32698580958385
-11.3118781645474 2.6279536118553
-11.3271058184483 2.16200324918994
-1.72264143378669 2.32093341348356
-1.72870534690277 2.790974860235
-1.73424154976489 3.27332314262931
-11.2966862201055 3.10261469301288
-1.73970084349055 3.76278105363003
-2.12866545007003 3.54238857644645
-11.2797649453346 3.57945859853473
-10.8898594129259 3.34477525528109
-1.74571784745429 4.25343339813369
-2.14010107966567 4.02747858223159
-11.2606010952186 4.05614024418748
-1.75194593768295 4.74277214221006
-11.2391500072059 4.52783416554418
-1.75777436675798 5.22553183214615
-11.2162562158636 4.99023610926103
-10.0205709379455 4.83120574536152
-1.29977595111921 4.45819684887418
-1.0236759704811 3.97600323846416
-0.799232918901042 4.42234325444431
-1.32533532354936 3.50285516637884
-0.820421717606908 3.49255079960339
-1.01734430248699 3.04469660823074
3.45408550818463 -5.47188547198161
1.24158588790612 3.88203404733655
1.03864419242052 3.45770519447546
-0.155854952794108 5.37208709823853
-0.110591085117555 4.79208462238161
0.344445344157419 4.89743594196331
0.317646417264677 5.45134789665963
-0.961517072414117 4.88744247122915
-1.08890693556095 5.3359420286642
-0.638903225229306 5.36466166041335
4.19841039511824 -7.2171150070782
-0.521782289173297 4.88039055366811
4.25108022141435 -6.76166622780549
2.03714883519569 -1.19560351441491
-1.42669766927085 3.99064070729251
3.31160542234985 -5.98940419490396
-0.590044855135368 3.00314612404806
-0.141598300239101 2.9661772862131
-0.355635143359327 3.46801672025195
-0.372558186201284 2.47768133817661
0.0644608139579173 2.43357930079607
-0.17727393854698 1.87480925520245
-1.3826322319484 4.97726224761707
1.15858679855059 -1.17529119267637
-3.0554212439674 4.5567058049239
-3.29972549472719 4.00385984271703
0.105729323909816 3.45241039093774
1.94798277953188 -1.59319205734171
-3.74667601283154 3.86094763712131
-3.48545489666246 4.4606274594576
0.776389819050754 2.98304720796619
0.317352279043154 2.95788543279028
0.572357083308355 3.45103313566491
-0.600838929228138 2.02499874066488
-0.789612369495361 2.56437674209722
-0.114306333100561 3.93962552757588
0.814310251074723 3.9106127257155
3.90614738462931 -6.36977847713514
0.583700958519863 4.37575241089202
-0.572654664382689 3.95520733969545
-1.2962492777561 5.70308899695344
-0.840918491223694 5.75905114664773
0.246664622288439 -12.3926789285296
0.378797087371472 -11.8700771535076
-0.34290799458814 4.40926532779738
-0.403980523250302 5.85927485129089
0 6
0.353845596060923 3.9265222716907
0.124063023790463 4.39980487435182
2.89545195209032 -6.21319066997297
2.94042080024316 -5.73100533887654
2.99172537289632 -5.2416311030602
1.75211778209497 -1.95042419051733
2.8589789364331 -6.68075746303252
3.26042046547123 -6.44395594548865
2.83485895083069 -7.12679024349897
3.23576647400637 -6.8950717568805
-1.40216756592741 2.51720971607134
-1.05579085937422 2.20064148672255
-1.40744013793025 2.98872750858745
3.61589581018919 -7.14981170030589
0.448877012070053 -11.3519179951717
3.56307451517356 -6.67790343599402
1.48523927803358 -1.57075446294138
1.2692695266554 -1.88518568338675
-1.13074443606275 2.67432334502421
3.89019736707338 -6.8391803270563
-2.7036655332094 4.6368475579571
1.09799104089596 -1.52809963223517
-1.4241561627431 5.35128464141797
3.19620500226968 -7.2462552342378
0.458750792328209 -10.8279808675184
-1.40914302794744 2.14648916880922
3.55958378423421 -6.27327860706047
0.318843273179111 -9.44646439608151
2.30594829128745 -7.03906365666825
1.52454843028434 -6.73244431349511
2.54831881659501 -5.51922170487882
2.05374287971582 -6.07200436619829
2.53677441538428 -6.04283422812992
1.78173401039543 -4.92893219734909
1.44695330165639 -2.37731834254012
2.08093023327067 -5.31932620207474
0.903606576860448 -5.25120399126046
1.52125573321306 -3.58409730290043
0 -8
0.89477202666079 -7.25257906445144
0.677975535691039 -6.56584819489203
2.34611652771306 -6.46831602769367
2.03421787819878 -2.39137376766453
1.52689388191211 -5.84323923887644
-11.7541675521719 2.87400570905109
-12.0203375958323 3.33580224861167
-12.2577383267016 2.87842519893536
-11.6939133352216 3.81478176780779
-12.2172777960031 3.80507250422763
-11.9956899582113 4.25046542933436
-17.2369311135846 -5.93842822962992
-15.4874792968547 -0.395484255515183
-15.8951550715124 -0.20571301944919
-12.888473754025 1.82265906881161
-12.947339986833 2.46182241402495
-14.3488570743466 0.604145632161154
-13.3344336636639 1.71873834294609
-12.1038755947972 2.42095492859066
-11.9897989466267 1.9847813414732
-12.4283810132576 1.89883034554118
-14.0334519872522 0.173277934893436
-12.5391748674901 2.39147600042794
-14.5236553646117 0.187419254902284
-17.5909197691791 -6.33001808326872
-11.6092189806161 3.34143446868843
-15.4297648294098 -0.868625367569583
-12.4462667631164 4.27606176720712
-12.927870293877 4.30651785880849
-12.704347230686 3.8190390499909
-12.6629248732555 4.77132360432618
-13.1483821844334 4.81037112448102
-12.8514954462146 5.31251895163743
-11.6886429842039 2.36901889503487
-17.5436754783211 -7.18600233095987
-17.8443825789877 -6.76924073583436
-14.7339494342639 -12.0965239833176
-13.1947331111931 3.83872997171443
-17.1343128560336 -6.46907852226971
-14.6665159209326 -12.638755765902
-15.1865846247305 -12.3368692015878
-13.9416417108781 4.33837540001083
-13.4311518162734 4.32831754990476
-13.6975969722155 3.86257114502269
-12.3872369500198 5.21459780673342
-12.2154611941082 4.70711460650768
-12.9574196856212 3.34843703860569
-15.4183017515967 0.0639796017368024
-14.9690956736986 -0.200098048217653
-13.6675533133929 2.92080697662468
-12.4829359877361 3.33896918390191
-12.7189146980633 2.87098305055587
-13.4475315176541 3.37289084243909
-13.1944212323863 2.87727706550642
-15.2543483839803 -1.29294225960337
-16.6976670065017 -5.74348002824559
-16.6966362934138 -6.23315846400318
-16.7049507664193 -6.71591646695506
-14.7708540970521 -1.27294645349914
-14.9653969675587 -0.875115530441279
-14.2997381178627 -1.23974235900022
-14.4930701528464 -0.848801214278491
-11.564045357276 4.78354690928946
-11.9097439901752 5.07718502206453
-11.5849873500903 4.32119547392281
-14.1745364438404 -0.423554705861104
-14.6826356313061 -0.531207767846205
-17.1138775175452 -6.92356358134441
-16.7247826351474 -7.18357234366432
-11.8587258209106 4.61675268382651
-14.4751258153901 -0.17601076662084
-17.4449880792239 -6.73625442633126
-17.1227224876673 -7.29745211233286
-11.6611872327604 2.00723356246048
-14.1230116651362 -0.845278546698361
-11.5327945511518 5.150691414688
-15.1066840030785 -0.5746439334754
-5.75828464166596 7.93622144762569
-5.02837411958038 6.90279091297567
-4.74695557906844 7.86690747242894
-4.90538771612748 -9.15426779216534
-5.89258541415077 -8.82698844734252
-5.6238305177813 10.1232007537934
-4.77821614429081 -8.25479991574601
-3.27106327413289 6.95620109781745
-2.84705668179744 6.5585655493804
-2.88849851153284 6.96547914503493
-1.53173347802619 -9.20339937236198
-3.74599705230932 7.40385330013321
-3.77941867801219 6.67212456126124
-0.278376398298792 -11.2297757643439
0.0557072796160502 -11.4755956597572
0.148802483719095 -11.0506220696815
-4.30096507910915 7.29109564087386
-3.83655830494017 -9.80497259569934
-3.60798610732108 -10.2132628368713
-3.38768326613139 -9.82083317200193
-0.15161706507984 -10.7469735496176
-0.493841372060092 -9.69839607667378
-0.314685506281738 -9.09260070816382
-0.695119820976886 -9.38571752860054
0.209640029229659 2.40696183290737
0.558656876666906 2.49635820745005
-3.34810665626279 -9.30780393666668
0.467183336254074 2.22592597096493
-4.84993079932387 9.52472993677332
-4.95224757733335 8.70062371322557
-4.28156142076423 9.08607866102345
-4.21134054088531 8.38332132979226
-3.90377959980063 8.9141145106944
0.0105526334548864 -11.9470166863438
-0.203286824821322 -11.5879806776583
0.931197571257544 2.62278409419775
-1.5206744046475 6.96172898135802
0.860014119365677 1.73080881185023
0.665765198676579 1.44048788275079
-3.54891637518746 -8.70339235488946
-3.30339161383492 -7.55974753659814
-4.24697311580651 -8.71883743271665
-1.11222629510281 -9.54879455546468
-4.15115070424214 -10.3188108608172
-2.33641959720093 6.55119582324424
-1.89386069380612 6.50098883213495
-2.08696586476497 6.79084109255361
-0.0317714265179391 -10.1782418573888
-0.412608031927283 -10.496324562544
-4.56712126419653 -9.82037421960294
-5.94300270148705 -7.72012174947424
-7.36999584967257 -7.00334010921555
-7.10538353988231 -8.31689254137789
-5.80523373431503 -6.67922135077746
-3.30655428541689 6.3014924417345
0.540176825790546 -0.817620175656896
-3.52638177978749 9.14845083177548
-6.06873154760656 6.77040686089371
-1.5420891289839 6.5757894031381
-1.54976236344769 6.14013320285394
-1.21786975051476 6.39334155223185
-2.64990376263533 6.1606517453847
-0.895837780694889 -9.70001685124262
-1.01012685030824 -9.13188286980762
-2.05150911046803 6.11609995368628
-6.80515730112713 8.63785336589804
-7.80804013583428 -10.4129877988891
-7.97786280813455 8.1543347985867
-4.55846795017276 -7.16946500810674
-1.71220910725205 7.13247169168295
0.517616242246906 1.71528075179304
-2.4593719034556 7.39123886543235
0.659013940286846 0.83936403812961
-0.166422295973721 -9.66416147045379
-6.98838087758007 7.36681971167423
-0.475805931736717 6.32324111337674
-0.913848714599755 6.5467802800811
-0.822385301877868 6.1434763266976
-7.08717326702081 -7.3643509788998
-1.16214337260695 6.03251404578046
-0.41664815565746 -10.1096492643246
-8.21568117074367 -7.73595007653521
-2.04576630260683 -7.88120827619867
-2.69855194019289 -8.66638981413688
-0.799974221123379 -8.09632210102679
0.616921639509766 6.20994193619689
-0.642699416662723 6.75924967517237
-1.7177499924483 -8.67707672792542
-1.76924534625969 6.82401512478919
-0.477911144823035 -10.8731258722679
-5.75344434847621 9.13125167039719
0.678726997409958 1.99415797972635
0.853321588178537 2.27716721956837
0.944183261119308 1.02546237687151
0.757848031578098 -1.34312990965356
-2.82746097032053 -9.27139802539819
-2.32652818122739 7.01365365092123
0.335101613233511 1.97372804750233
-0.829172656589137 -11.1234110742566
-8.08009481995693 -8.90264248399738
-0.666769762240788 -10.6280260890523
-8.01715027490128 6.92378668592437
-4.32305810347811 6.65067246159601
-6.8264841003203 10.4948089540877
-3.0233517901749 7.31309575485961
-3.34053546589205 7.55296843639064
-2.61890226546327 6.84325140256296
0.669845083067926 1.13119367909117
-1.24315511539202 6.76824062282274
-0.717512184500462 -10.8938684156598
-0.763765837034614 -9.84042257627967
-2.59155413332497 -9.47748907245211
-2.29352747006358 -8.92921267302374
-7 -6
0.422949378444714 -1.50574943169599
-2.6827781207332 7.15619273072124
-2.74879527058626 7.50223748249425
0.268907889753221 -1.86694668416639
-4.05442006022208 7.85875829795945
-0.680854210435008 -10.0715902940345
-3.09838881864628 -9.58006794681424
0.0196030549184254 0.303570504551334
-1.97089437858856 -9.2261093212994
-2.28048296935204 -9.38272038673836
0.10631158216575 -10.701153450323
-0.970095311789603 6.94433804961322
-0.659481933193925 -10.3468373375429
-4.04347171485928 -9.27432572306744
-6.56330968567412 9.59305737559571
0.774416572738529 -0.574962493256504
-3.07513376284018 -9.84526949893208
-3.23977639744184 7.94600224139195
-3.56666253772003 7.89218579920359
-3.39318092790083 8.21501473655492
-3.47820287103645 8.5127779531097
-3.73804481856938 8.2487978645357
-2.85308542981245 -9.65037441525351
-0.639276614050389 -8.79734995744934
-15.2731046628371 -6.81528648346497
-16.132735498664 -7.00714720645577
-16.1011461069573 -5.50968763407379
-16.2008049170962 -6.03912057610138
-15.371402140156 -5.9439451732183
-14.3429812844954 -6.53034827466536
-14.7229999721589 -7.28529780231662
-15.8077665577406 -6.44928205168856
-14.948805716384 -4.52550699000831
-14.3306090959865 -5.20694864454177
-15.0366385380317 -2.43267878079597
-14.5759502827791 -1.72689051036461
-16.2513390643908 -5.04931327768487
-14.4225715355913 -2.24224960335016
-14.2065993582774 -1.6282570175287
-16.3365628855566 -6.4795356954198
-9.24977942839757 -6.03473716693328
-9.65837458788761 -4.92290351291922
-10.8210345782835 -6.43559183245572
-3.50926241766421 -5.06445813434094
-4.05374645839845 -6.178331391592
-2.58813275040225 -6.59496300874664
-10.9821661281352 -5.11400004452731
-2.27717143289555 -5.27118568421887
-1.24032361514581 -6.7057229143392
-12.2464341815792 -6.55724253478921
-1.18093989824522 -5.28622014516696
-12.1227799152715 -5.12189835006486
-8.48475575810872 -4.84837524983279
-8.03809428705188 -5.77214839189197
-4.55369594670496 -4.98169392916351
-5.15304052893527 -5.91553465078375
-6.35319678824772 -5.58967604678913
-4.6440146702035 -5.36187978202983
-7.40875690323471 -4.82873292858342
-5.51927499641873 -5.05112623826857
-7.17127677821097 -6.06390648804131
-9.46272307524751 -5.20580467408119
-8.39853811046938 -6.20182455193027
-7.2668060290327 -4.65613163198978
-5.30146070372216 -6.40075898226477
-13.5076952378969 -7.25134483165415
-0.201833861482721 -7.33234751957
-6.18643402723332 -6.09566288186081
-13.2636024267929 -5.87876125254195
-0.206926877814839 -5.9847013136896
-5.80805108194821 -5.16624609711664
-7.35959007147768 -5.66959987228762
-9.37327984856068 -6.52426622513883
-7.89367852011041 -5.29754818082772
-0.0273945874254159 -4.94662797189402
-13.2676749313927 -4.81538497892456
-7.03944285607403 -5.10647598430253
0.112683300677598 -2.81693349740386
0.328288018505538 -2.60215456536681
-2.27774385267683 -1.93294122449556
-2.45540506313429 -2.05162441514854
-2.35439538484068 -9.8504139896135
-2.59874009285492 -2.21876445705327
-8.42460943627044 -5.47720567905414
-10 -7
-3.35081832346821 -8.7243761553382
-6.39129246725962 -11.2782314219119
-4.64537032827053 12.9711523501991
-2.63885921817256 8.32438144237481
-2.31206712864542 9.7381258427063
-9.20243088893013 12.8828637023807
-4.69488648759492 -7.90605461777406
-3.20243088893013 -7.11713629761931
-10.438883988657 5.8768005822106
-13.5129801943167 5.74491707628647
-15.0124599459814 5.65560251345136
-11.9820046217835 -5.94315553078566
-10.7650230317195 -8.89054245272688
-7.72846650224928 13.1292147530354
-12.3842451856261 -6.04956049746829
-12.6453703282705 -7.02884764980094
-14.1094575472731 4.23497696828047
-11 -9
-9.9807602536133 4.63021569148337
-9.20243088893013 -11.1171362976193
-10.9319099074789 7.54700364412429
-10 -5
-10.8719817240972 -6.26999996063459
-11.9823505242434 5.81012891884616
-11.3246404535586 -5.563039052496
-10.7300000393654 -5.87198172409716
-2.81098491477724 5.82174376640305
-11.8987334131165 -8.03974191787827
-10.7704325474117 10.6129616448485
-12.1021660448697 11.7209790441943
-6.29392822075849 -10.0430921752167
-7.5578506800124 -8.953085325216
-12.1140876164017 -11.476973758972
-10.3016437711599 6.05653631769559
-13.6358151869185 0.0198222697777261
-12.416164199682 -12.240066182267
-12.2900372509788 -1.05821728003839
-13.0999121404799 -12.3804899855884
-14.9569078247833 4.70607177924151
-9.84423862275594 5.35638032955458
-12.1633084056339 8.35053160522864
-14.9434919823248 3.48539764420242
-15.6827380152672 2.33522212596313
-10.4988536076226 -6.16113125048444
-12.1250910126385 6.08020687093734
-8.48818182682877 -10.6571347264502
-9.58900292694543 -9.92995869704657
-14.0494699533934 1.36005943113702
-14.9654952843945 0.266855029575555
-10 -6
-13.4911243191238 -12.7778031869266
-12 -3
-14.3691540107844 -10.7573603912565
-11.7573722635455 -2.57334960387872
-14 -13
-14.3741995574992 -11.310246759838
-12.2479654613744 -1.64379329460526
-14.2362610588222 -9.33385153199617
-1.23324631885001 -2.07032598502881
-1.00856057596491 -2.23922345748028
-0.354125174735873 -3.38049015614752
-0.134823972998523 -3.2893165197432
-1.07950007509968 -9.87987870467052
-1.08025390049209 -10.2375004973193
-2.52907832669968 3.20582038879139
-1.32346799971756 -2.58566789399886
-1.04573200258075 -10.5714007175373
-1.05874157566247 -10.774958516789
0.0922704064741421 2.12259989058031
0.137756975536769 2.31700971422973
-0.76569010947737 -2.14976570156729
-1.02359415512523 -1.97011917421978
-1.14574765080945 -2.74100842947987
-0.441845007044795 -2.49590166808782
-3.12040224871173 2.3262246016122
-3.19320289225146 2.60951734619255
-1.71514431478952 -3.92136243792074
-3.23098680524602 2.88320512402674
-1.52737486518329 2.94205515522828
-0.380167523797054 -3.58901766424431
-0.958842086345427 -4.01879099216428
-0.778403982146875 -4.14418990169309
-2.36683615438032 -2.92916714572464
-1.33193702903625 3.02774600462536
-1.69159751730932 -2.28992200155712
-0.594675195891289 2.937667653622
-0.598237085036653 2.73594099492454
-1.91913158288191 2.99449371669011
-1.06236678766362 -10.7713154094219
-0.85581009830646 -10.7784039821469
-2.11312331540701 3.13898950226818
-2.49590166808782 -3.55815499295521
-0.571932389676506 -3.65845691305816
-2.30840248269068 -3.71007799844288
-1.59467519589174 -10.062332346378
-1.13835163437413 -10.586035225027
-1.14803440479634 2.89716286836842
-1.41425085392927 -9.98651728789872
-1.23353976764672 -10.4775132808008
-0.418399338770422 2.62422840679565
-0.0239241360220431 -2.97861252364098
-1.23217291501285 -2.4306490743879
-0.658694302001228 -2.43247114015755
-1.43340779725545 -2.63374915308558
-2.72080667723121 -2.40881001833166
-2.38841184173676 -3.13794877869773
-2.47548370346223 -2.60603822258291
-1.85567584415367 -10.3472463514055
-1.89438647640685 -10.1361027488677
-2.45573932655519 3.41012076196406
-2.24434845419421 3.08729758672363
-4.20058801965026 1.23608222702894
-0.858631257336764 0.93313358520563
-3.99423399547586 2.5706602038781
-2.85703397388711 3.26635357324507
-2.45361671583661 2.67513420145221
-2.25503635820353 2.4550595089832
-2.06009673644731 2.77821842001776
-3.53725791926848 0.0832749442190538
-4.00000000000159 2.99999999999977
-2.23688592772829 1.23412331555385
-3.81159543045674 1.81485461440867
0.733297250048219 -1.33337408198636
-1.93297098890522 2.49969250675418
-2.11679487597371 2.23098680524602
-2.91241535497215 0.979728340970926
-3.21185221606542 0.0691483378882073
-4.03034961174868 1.51578734301737
-2.67644331080119 1.23446357366636
-9.98094830532396 2.4145716038068
-9.41806998748568 4.5900735864152
-7.67650956065673 3.01478741852586
-7.44116590831681 3.22847050950147
-4.42296170136523 3.2928469736522
-8.4123283173081 4.37396541170823
3.75841411209388 -5.88203404733655
3.96135580757948 -5.45770519447546
0.748919778585651 4.76166622780549
2.45770519447546 -1.03864419242052
2.47188547198161 -1.54591449181537
-3.22361018095061 4.98304720796619
0.5145451033389 2.46062745945761
4.39267892852964 -7.75333537771156
3.87007715350762 -7.62120291262853
0.253323987169828 1.86094763712131
2.2416311030602 -2.00827462710368
3.35191799517171 -7.55112298792995
0.801589604881755 5.2171150070782
-2.80439648558645 5.03714883519569
-2.82470880732499 4.15858679855059
1.09385261537069 4.36977847713514
1.6368475579571 -1.29633446679197
2.82798086751844 -7.54124920767179
1.19560351441492 3.03714883519569
1.41590269709957 -4.52125573321306
1.92893219734909 -3.21826598960457
2.60862623233547 -5.03421787819878
1.44646439608151 -7.68115672682089
-17.6045157444848 -5.48747929685471
-13.3958543678388 2.34885707434663
-13.7187383429461 0.6655663363361
-17.1313746324304 -5.42976482940983
-18.0965239833176 -7.26605056573606
-18.3368692015878 -6.81341537526949
-18.0583582891219 -6.33837540001083
-17.7942869805508 -5.89515507151239
-18.3024030277845 -5.86257114502269
-13.6631307984122 4.81341537526949
-14.9208069766247 0.332446686607087
-17.8548824614622 -7.67568268132068
-13.361244234098 5.33348407906739
-14.2057130194492 3.89515507151239
-13.9360203982632 3.41830175159672
-16.7070577403966 -5.25434838398029
-0.593038167092629 -11.2096400292297
-0.774074029035066 -11.4671833362541
-0.377215905802253 -11.9311975712575
1.03827101864198 1.4793255953525
-4.15115070424214 9.68118913918278
-5.6238305177813 -9.87679924620659
0.526381779787487 -1.14845083177548
0.903779599800628 -0.914114510694401
0.867528308317051 1.28779089274795
-0.209941936196893 6.61692163950977
0.0105526334548864 7.05298331365621
-0.503641792549952 -11.5586568766669
-4.84993079932387 -10.4752700632267
-9.25508292371353 10.5129801943167
0.986346349078765 0.673471818772611
-1.26919118814977 7.13998588063432
0.170827343411318 1.87658892574342
0.282487815499993 2.10613158434019
0.123411074256576 2.17082734341086
-8.3643509788998 -5.91282673297919
0.608761134567646 0.540628096544399
0.607321071470363 5.75333537771156
1.05298331365621 5.98944736654511
0.843807269278765 0.317221879266796
0.497762517505748 0.251204729413744
0.303570504551334 -0.0196030549184263
0.686904245140393 -0.0233517901749016
-1.97453762312849 7.05581673888069
1.05566195038678 2.0299046882104
-7.80804013583428 9.58701220111094
-8.08009481995693 11.0973575160026
-3.01960305491843 7.69642949544867
0.607986107321079 -1.78673716312872
-3.26890788975322 -10.1330533158336
-3.7578480315781 9.34312990965356
-0.722832780431631 7.14667841182146
0.154730501067923 -1.92486623715936
-3.7578480315781 -10.6568700903464
-6.8264841003203 -9.50519104591233
0.566662537720027 0.107814200796411
0.393180927900826 -0.215014736554925
-2.63263955834466 -9.75670357023166
0.0751337628401844 -2.15473050106792
-0.377215905802253 7.06880242874246
0.23977639744184 0.0539977586080537
0.340535465892054 0.447031563609362
0.349625584746491 -2.1469145701871
-3.54017682579055 8.8176201756569
-3.77441657273853 8.5749624932565
0.478202871036451 -0.512777953109695
0.738044818569378 -0.248797864535703
-15.0493132776849 -1.74866093560923
-14.5255069900083 -3.05119428361598
-15.567321219204 -5.03663853803166
-6.36187978202983 -4.35598532979651
-8.65613163198978 -4.7331939709673
-6.79419532591881 -5.46272307524751
-4.17126707141658 -6.40875690323471
