1546 2
-2.63133482828036 -0.591701125008338
-2.80523314259965 -0.485174674348681
-2.82914052021037 -0.780373041466908
-3.00984990421597 -0.639341924017638
-2.17964882071419 -9.60803546495477
-2.1738154918173 -9.39876874716564
-0.620860541127971 -2.59387063627231
-2.59194618426364 0.740015328304909
-2.44999789001309 0.512309319927227
-2.38212070596417 0.732235846279859
-1.15050731654185 -2.24393460253063
-1.17610173308704 -1.95774905781712
-1.32135479063502 -2.07809698015424
-2.63824644816615 0.559516251156228
-1.30824932352952 -2.32084932212302
-1.29658733345938 -2.58131651869601
-1.17273754942516 -2.45602014923305
-1.87018157655118 0.906380149437263
-2.00868387903495 0.729594946864913
-1.75092662875189 0.725039460668294
-2.35454219410034 -9.4183330444629
-1.88341399276795 0.568246072500833
-0.325330151526151 0.44192027811593
-0.545965420546779 0.290242184201011
-0.360245607073028 0.183033499392946
-0.0963043547657074 0.368235717275693
-1.46336933307327 -2.41604522542964
-2.63908435883222 -1.60582638280652
-2.79645753388065 -1.32345746033306
-2.81431621475294 -1.60050685565017
-2.61125641495892 -1.34465139523154
-2.6361989492752 -1.86118671321206
-2.78437439361307 -1.84197070772446
-2.13530139160708 -2.42391574520769
-2.29087159766628 -2.31888113018148
-2.2835697411497 -2.57748884972214
-1.02678350662914 -2.09592362140293
-2.79188229695488 -2.33676167222394
-2.61057985724518 -2.42343135943415
-2.64081692896507 -2.22050672338019
-2.83051417314704 -1.04523603195506
-2.64895283369406 -0.843838280664307
-2.64548323965401 -1.11778657763759
-2.44201311351558 -2.42866731863146
-2.76795089590856 -2.09245002622825
-0.142046155713774 -0.5497580319086
-0.303836908774227 -0.428247274620745
-0.371006560756138 -0.71094372965326
-2.7867298840847 -2.50848272332264
-0.422475478520456 0.746763704468822
-0.65249831300192 0.731306372642969
-0.535246334484223 0.532537864426658
-0.527014563898998 -0.588456671595303
-2.81156739788693 0.73070824099697
-2.79368042360934 0.469495552836131
-1.30924610064875 0.48339532847146
-1.12429240345655 0.595307699872976
-1.31902509552883 0.702720350067992
-2.9765158238166 0.595371255549973
-0.163403489675304 0.116250204136574
-2.18901010764478 0.725030659916798
-2.07930147441808 0.511778880584614
-2.60923800589014 -2.04907679891469
-0.413521242024388 -0.0721395502481076
-0.233318204422927 -0.15671604165857
-0.75675279986763 0.564477304525322
-2.26992377076552 0.562050510646547
-2.61353237214968 0.369618039494425
-2.76712467441217 0.228713256058403
-2.91442742806187 -0.13541421983867
-2.97034530703568 -0.384453792708495
-2.77516171913786 -0.240427134348569
-0.464269506475863 -0.323742478924001
-0.91986876656691 -1.98140567540672
-1.04291655515985 -1.84830190800783
-2.59533564191216 0.137408508086223
-1.67255873621821 0.499615216823912
-1.55673438132259 0.704658678816153
-0.296581584023314 -1.10581784644752
-0.206002001498503 -0.824652543844065
-0.443919910459843 -0.976380816995252
-1.11570316391043 0.776741518063495
-0.88708979015605 -2.21568980778438
-0.923306851288869 -2.63504217946589
-0.859905985105661 -2.4555527954048
-1.03152249322182 -2.45597927541925
-0.72750132345035 -1.3685526801759
-0.886227647321793 -1.48759280613174
-0.800214418593483 -1.63059997692445
-0.648662576472887 -1.51753587032072
-1.3250040647595 -1.83187488625879
-1.47637422925864 -1.70608193267631
-1.48007186643667 -1.94759106664879
-0.725244468179413 -2.34182783879966
-1.468405197731 0.549571481083085
-2.61664008466378 -0.338720514382152
-2.59729316796625 -0.0985558439577747
-1.63815922754528 -1.82488565997703
-1.63304346939494 -1.58277644206186
-1.6078020347633 -2.52061194126321
-1.57993664441251 -2.78163194717031
-1.45665571508094 -2.61070172332735
-1.50237965781442 0.35791711120336
-1.69479317815459 0.24727268589485
-0.802591739896627 -2.11289574993341
-1.87616927395633 0.366501690214222
-1.88630244441496 0.129340679938142
0 0
-3.57385591944911 -10.6079173741113
-0.534556725556963 -1.2423977551705
-2.54343593113903 -9.53190648572497
-0.65843497816948 -2.23544413189761
-1.79911229201397 -1.70416117512604
-2.65914415994884 -9.44658536265368
-1.71059019933074 0.00712078755882968
-0.944767263222322 0.259488018968005
-1.12745031969469 0.371047424592944
-1.14776283131092 0.132480167266585
-1.96673362287496 -2.29219262483538
-2.1324820095451 -2.18860023756623
-2.42457380817114 0.266428479857695
-2.25964231857307 0.374616933047505
-0.782909747561659 -1.7897211022971
-3.37889719334135 -10.315276458292
-2.91330869153868 0.106488281796692
-2.75630119297365 -0.00624993133613505
-1.91171622099286 -0.353917207614646
-1.72620662034945 -0.23422250448972
-1.89846800621497 -0.11099390639129
-2.95998476850459 -2.25529413760213
-3.15243016914825 0.48249428842161
-2.93693698282853 0.35090752240789
-3 2.33146835171283e-15
-0.0757034282925043 0.620499153228043
-2.92717894267632 -1.76161308354975
-3 -2
-2.92579955135822 -2.03179215609806
-1.79280871533418 -1.4612509441162
-1.96724022087027 -2.06598246961919
-2.13489733303999 -1.95140371925884
-3 -10
0.0892682785281344 0.283701111147816
-0.788399152781705 -2.02432824559877
-0.971511679554539 0.0182524447077029
-2.42242753806069 -9.28922646612157
0.172352029354301 0.525927035979858
-3.00118636366383 -0.90867291154752
-3.21513396978189 -1.0237923536496
-3.00534948594182 -1.18052572142851
-2.08355536257166 -0.229024271268936
-0.652209763113185 -2.1304042973648
-3.20929771529647 -0.757616280973255
-3.12420560859191 -1.61408712066413
-2.97733286143886 -1.46127269420588
-3.18137077180664 0.729438513201968
-2.82931523684765 -2.07784892851078
-2.30525938935322 -2.07893458644952
-2.47786555412974 -2.20944408325308
-0.835635385347791 -1.87911726737204
-2.61700619878953 -2.16241346719142
-3.09600096453193 0.241062337983071
-1.53766989685438 -0.113759837920812
-1.51989932409939 0.126305892572672
-0.763013126575369 0.149181748978699
-2.24853946303393 0.138813206609087
-1.63114228007599 -2.29603392605371
-2.07321357010354 0.0133280686920618
-2.0636867749808 0.252571905519057
0.233530390323239 0.764628590225445
-0.919344663818911 -1.73779712223493
-3.10491958256605 -0.254456012988167
-1.17528175425668 -1.71615267760485
-1.96640035739923 -1.826777546483
-1.32558184505304 0.247525536746278
-1.34497410668708 0.00837666590205237
-2.25678854561463 -0.102549739936359
-1.73757315606201 -2.6178214050212
-1.79884313550498 -2.17985113187727
-1.9629915635378 -1.58402052220751
-2.13255510779671 -1.70914691331802
-3.18779592022374 -1.30404811947157
-0.741158782003434 0.382610808718535
-1.03112199774754 -1.6025299575615
-1.80162138535291 -1.94478883584969
-1.95679441498717 -1.33871205749446
-2.12920243392468 -1.4634830257644
-1.7419488111002 -0.477857408138645
-3.17281821855636 -0.501741723083482
-1.62274833292671 -1.33863389837008
-1.78348756700797 -1.21541420748943
-0.0890953152114053 -0.279922961459652
-1.92483226924692 -0.598751045894716
-1.75744569044222 -0.723103281987602
-1.16077542136513 -1.47123539527939
-1.63795778167765 -2.06358805338017
-1.31744573550722 -1.58819246104245
-1.47523822513428 -2.18312974917769
-1.30237491391297 -1.34330291670587
-1.77143624020625 -0.969219356498381
-1.60938073017973 -1.09319286969778
-1.59386284231664 -0.846947746220719
-1.93733115873286 -0.84492799567304
-0.799626293753664 -0.0973436778962199
-1.5564219685696 -0.356473124692977
-1.4669928847004 -1.4625295812105
-2.12399344631305 -1.21582737339615
-1.36693080478689 -0.233946608947833
-2.30235913387739 -1.83720413176658
-1.43424708275501 -0.971237925826982
-1.45262487905875 -1.21761273381027
-2.42337412517837 0.0265199994617518
-1.17237567552595 -0.1093788274838
-0.906707754053146 0.714401675819524
-0.931764283506687 0.482737799827615
-1.0033106693424 -0.227484861922963
-2.09512374836251 -0.473429894084464
-2.47091914078819 -1.95940014444699
-1.28088348249558 -1.09660951100325
-1.0373146531925 -0.475871819752406
-1.1997357125425 -0.354476082419906
-1.2284784619712 -0.601574369181259
-2.26693169727578 -0.346528797156695
-2.27773163684522 -0.593148338399514
-2.46117375778423 -0.713308069692652
-2.28738747024196 -0.841981273254375
-0.587082323652905 0.0370598641298108
-1.94803308886206 -1.09192192368715
-1.390106997336 -0.47866047567989
-1.13590223964631 -1.22371570456928
-1.07190053085519 -0.725516738090076
-1.41300390668564 -0.724221793270052
-0.836852550053852 -1.23460552762374
-1.25550673887487 -0.84893872459153
-1.57559768778995 -0.600974996244643
-1.97438174587459 -2.78271252761989
-1.77592490023162 -2.78040784127027
-1.88231227507496 -2.58627518782105
-1.0024697446656 -1.35381563215062
-2.29863485369498 -1.34184675655552
-2.45035392588431 -0.463711368494749
-1.10513957712273 -0.975153805862973
-0.880407828993455 -0.598927469430117
-0.922675712721702 -0.851994558464767
-2.10634940619141 -0.719871514337031
-0.730046348288726 -0.724607913438645
-0.782928217531058 -0.980517069030739
-1.38567027287033 -2.78582074351016
-1.19339241780895 -2.79266351481637
-1.44062685427873 0.901089314634837
-1.65666280419145 0.90200931319016
-0.99497510284507 -2.29418509555437
-2.38087706178979 -2.79791417964669
-2.17572376012348 -2.78840932513877
-2.46897652636051 -0.965841623903951
-2.42940882410401 -0.219863060214057
-0.768103710332018 0.920001128219738
-0.997772648885505 0.90961305860148
-0.587044950445581 -0.853549231591132
-2.59158411995963 -2.81074573870607
-2.49019696612674 -2.61441659783822
-2.0823111759433 0.91348656080187
-2.29398949925823 0.92335231239848
-1.0009148116963 -2.80158091049816
-0.807257073942197 -2.81132421916646
-2.30050717601185 -1.59121153878147
-2.46999912426357 -1.72144290803853
-2.11616822384181 -0.967610924900921
-2.29441086795546 -1.09185097077979
-0.530522950282432 0.9347765718102
-0.632846650505763 -0.214555946606672
-1.22151687132758 0.903369826966812
-2.81071596030407 -2.82581389391758
-2.6927230698935 -2.63512366076698
-0.838999173346598 -0.346929265412256
-0.680289272042826 -0.468106430662159
-3.04284186072689 -2.84103499846663
-2.89854937167695 -2.6518744833363
-0.281522165142538 0.95417057731052
-2.50678380203549 0.93545851402918
-2.72321344418504 0.94930409019303
-2.98706555472821 -2.48282510680157
-2.46449419823136 -1.4725098741
-0.653622285964332 -1.1094052229391
-2.46501855413867 -1.22099650527646
-0.964365146189239 -1.10355988200681
-2.38681890949991 -2.23563268368719
-1.8087051117045 -2.4205135791713
-0.0171305345900547 0.977490198901014
-0.184940514286229 0.78546513083684
-2.94698295568366 0.96421305287555
-1.10668183352586 -2.63879310914831
-1.98676102182068 -2.46896688465017
-2.07659612928834 -2.61147967453404
-2.17317849150993 -9.16682282231698
-0.311406563365081 0.630967175745274
-0.766693216976117 -2.65645553817265
-3.18492368199981 0.979636255552782
-3.00664774317492 0.789308676946901
0.268933965969297 1.00343633726267
0.0360796545020732 0.817436899113086
-2.14699521043244 -2.29439258670643
-3.08328357682673 -2.6793285598227
-1.41279503181385 -1.87222394821181
-1.24381107559751 -1.95202465901667
-2.75725314032484 2.75995431463345
-0.199516632893698 1.18242504303288
-2.87565884848836 2.06422745246627
-2.74165897975063 1.78179372561294
-2.70068138313728 2.00187572280098
-2.90907797693455 1.83192658109414
-2.93570242772202 1.35171221184671
-2.69990042633399 1.33174349073826
-2.7417290484534 1.53921857786093
-0.860991046171385 1.44310074936275
-0.882212194166071 1.70021691390525
-1.07648133216479 1.5801738744336
0.054132508978495 1.1583118815433
-1.07302067332939 1.35676287694402
-1.08740423514569 1.10934877386871
-0.917411195507898 1.24024629253392
-2.91222042021222 1.6135402870706
-1.29940090996297 -1.96723924808354
-1.26924265712187 -1.76970334386226
-1.48434455934427 -1.83748919691636
-2.92839544604046 2.8753318926039
-2.09519486554357 -2.96104512123869
-1.85177428202174 -2.95744288283775
-1.31375226254679 -9.62812699962549
-1.17339048166377 -9.41489534677781
-1.43062912061164 -9.43212536684358
-1.25658126931287 -9.21312908693136
-1.26949165403085 1.25750651266065
-2.18129320855557 1.10731110967197
-2.0540598410848 1.28975904547268
-2.27847959779535 1.30565079938594
-1.96484937881547 -3.11456756161635
-1.43332758648173 -1.62300673573658
-0.671865333684078 1.59622936771138
-0.655706163446769 -3.46392717098916
-1.65935555270618 -9.47752326720578
-0.708562391988929 -3.218878145926
-2.17446348589085 1.44149922837455
-0.850041996825325 -9.19499986542951
-1.3859462750231 -9.23056012334767
-1.17637153737966 -9.342249012442
-2.27152616893765 -2.98109576674486
-2.15128425668962 -3.17766591198851
-0.987581501928485 -9.26022081513812
-1.02784587418889 -9.21023141914263
-1.75723715815418 -3.17357749243984
-1.66365699123659 -2.9683699197726
-1.98336504938462 -9.66499096181901
-0.864477342390169 -3.00404556663642
-0.963367049807884 -9.40007363782361
-1.41548663467409 -3.19664941788135
-1.25758404379284 -3.09777099913598
-1.44979196487056 -2.98113867588041
-2.75055025412505 2.57004097420881
-2.58651907909425 2.68887733397259
-2.57154386663899 2.48266532528564
-2.3382636525588 -3.14800072595574
-0.942699444219262 -9.62501905044593
-0.95851354610113 -9.43982999697705
-1.15913213983265 -9.52236399221166
-2.5557222724377 2.0826876096657
-2.55065459128147 2.29018761826775
-2.73038672031829 2.18541730293747
-0.921562544129877 -3.15769469936425
-0.487273350481477 1.72407087589287
-0.693705977640283 1.81219737249826
-1.57323778076434 -3.12896630226904
-1.12282289869099 -1.90214279162958
-1.09173997528911 -2.0183485005403
-1.1091155224041 -1.7565623418489
-0.340820090507847 2.21808779691283
-0.524438854180363 2.12037580919883
-0.326445978535169 2.03759608179568
-2.81813178751565 1.15004545964529
-0.628667811759386 1.09525229039439
-0.492539361602047 1.282240270633
-0.73167516974353 1.25635427556099
-0.466099793647334 1.51316712079299
-1.14230792201461 -9.86795275337301
-1.08370792745163 -2.99603737761271
-1.06371792462224 -3.22148659210345
-2.73235885262845 2.37882566889613
-1.08298579531999 1.79966753904926
-1.27740575060009 1.90507424529462
-1.27370472767852 1.69117763022891
-1.46489364581358 1.80001051483525
-1.47021223624337 2.01312610341585
-1.57995429621748 -3.30850913688248
-1.75090061324573 -3.40871823903463
-0.238351286290938 1.42480027071283
-1.54794232682236 -2.04968681294912
-1.27596565888068 -2.91955119780587
-1.94143632521665 -3.30326102769109
-1.92501078381444 -3.51791241749446
-0.139655191619876 1.97770792134655
-0.964744699581925 -9.94691797993501
-0.944347320540746 -9.80109514976967
-1.14492692239397 -9.69615651854066
-1.65974280768431 -9.02923024577336
-1.91669308503355 -9.07741720516588
-1.79707191922647 -9.3011559017408
-1.65428695618709 1.91110032707987
-1 -10
-0.271071915262387 1.64498829261765
-0.0308222540899923 1.56503206979227
-0.0967046323842934 1.79211946591392
-1.73610120469908 -3.62449339061644
-1.03200608076673 -3.43346987864018
-1.22642647497544 -3.31364874963573
-1.20234279697288 -3.53333176768857
-1.37753418679861 -9.00381518448468
-1.53511522555684 -9.23576957241719
-2.48691213668638 -3.23397973985403
-2.47766848189745 -3.43725858921608
-2.30272135472917 -3.31693382230273
0.169503747439878 1.71518540185107
0.00978087761743002 1.34034539904036
-1.89342283301164 -3.93687382531831
-1.72005917812131 -3.83558722602536
-1.90899969745791 -3.72868719156632
-1.53916394798989 -9.69144207426091
-1.65001710811089 -2.31431585657988
-1.79129123959045 -2.05940531773087
-1.38038095157192 -2.23806231897121
-1.65977281731353 2.12323015817144
-2.91805137004993 2.49706845202869
-2.89655322557136 2.29250874734002
-1.34671094918753 -10.0066401869511
0.245271753908704 1.4771872301573
0.274791705321173 1.24154991258254
-2.56160283954761 2.09463371984284
-2.0811154967949 -3.83348669815407
-2.77607610691411 2.05832436918998
-0.305477956362542 1.85059393990353
-3.09928922860013 2.83474381705193
-2.91271846949767 2.69134397825719
-1.89961650403907 -2.32652877531808
-2.02137427773564 1.71017280234253
-2.19928885664292 1.61786428460542
-2.01707847643395 1.49995056161083
-3.06819016743806 1.72366367911774
-3.12540235700993 1.47719531074684
-1 -2
-1.54687265238833 -3.73425278781568
-1.56437622367763 -3.52049035826434
-1.44123329419483 -9.8317888568473
-1.6504279561804 -1.6791509162441
-1 -9
-2.28655434373342 -3.52948683987371
-1.45948293249045 1.36828973886172
-1.44674370560964 1.15509772377141
-2.09770147976771 -3.62656578626134
-2.11395093282333 -3.4155157119945
-0.650702258043393 1.41670350788952
-0.50772006960461 1.92698711291983
-0.965856611749481 -2.08419196149289
-1.83812304433207 1.81010332837247
-1.83600058443863 1.59235482649325
-0.893591880580961 1.90896033899601
-1.40391904655626 -2.05272459834292
-1.23813622589755 -1.59626694269872
-0.866392693087673 -3.33979170184983
-1.394287180029 -3.41669645160246
-1.37407426101939 -3.6333076085932
-2.26865404126937 -3.73554641416495
-1.84218382208407 2.02494754909378
-2.02337336898784 1.92765851635587
-0.89232429574266 -1.64510271611436
-1.64821705580483 1.47928737525998
-1.83680859354958 1.38086910575805
-3 2
-0.707913572819199 2.01582950050128
-1.65099505174611 1.69561547205186
-1.84830286565318 2.23660203135245
-2.02806717940637 2.14142829714777
-1.70461928973806 -4.04420057537535
-1.4774271062296 2.22330635243198
-1.66798973257441 2.33366518927632
-0.927392226232983 -1.99168097059307
-0.897535408394221 -9.01737027413309
-1.87917543268307 2.8572786484901
-1.69067722187691 -4.25137572305191
-0.905955258356995 2.11315246575413
-1.0907004415795 2.0099690243259
-1.46194340246615 1.58421604029838
-1.27065384568554 1.47641260531846
-1.10180772130091 2.21590378544802
-1.67828282113295 2.54165233900223
-1.48786372528177 2.43140678468917
-1.50074219215553 2.63876278206385
-1.22156208479573 -9.80816176824205
-1.86682722488073 2.65194136363301
-1.53009344678793 -3.94516262983033
-1.28504270009029 2.11517464116461
-2.03498239174194 2.35120697589909
-1.35552390430086 -3.84668769716824
-2.20442346822041 1.83180045113498
-1.30851008323881 2.52877643692463
-1.18105740343377 -3.74935341999699
-1.29572245495674 2.32242181020466
-1.35644395783139 -1.44976760068949
-1.13161085632462 -9.98541711668391
-2.06650988327503 -4.03693953273807
-0.966637101417801 -4.07819209279203
-1.16206805771074 -3.96164763949787
-1.14526612628912 2.82975358419414
-1.11465890677025 2.42014836254384
-2.23924863245226 -4.13374791986695
-2.41207232172347 2.7756980775347
-2.22856897900193 2.66764071446458
-2.25252778396719 -3.9359858315734
-1.85657657292013 2.44541444597407
-1.33854303503201 -4.05696734093227
-0.919153673941129 2.31451292270549
-1.32291947871367 -4.26443207904245
-0.949531922180228 2.71662608883052
-1.1288520764124 2.62434146263446
-2.38343578840851 1.73741809804796
-2.56207190127667 1.65051321761426
-2.38291128486713 1.51058226338703
-1.51476955040615 -4.15371093015884
-2.55533215053797 1.86596238716295
-1.75838382605862 1.09850456682916
-2.21275331244602 2.26000924760955
-0.722220535375311 2.21324741345735
-0.933436557708073 2.51474755326328
-2.42287563891587 2.96655386942841
-0.804874121695057 -9.768970862491
-0.751958580903526 2.60474504281616
-2.0538766523682 -4.23934906076222
-0.689418682845492 -9.56935382146225
-1.55380632955278 -9.50286966170875
-2.40362426573452 2.5803590799474
-1.15640012473647 -1.42697946663068
-1.36788125384027 -9.4226568741092
-2.39485630837633 1.12759980569964
-1.35051582311435 -9.60317858095687
-2.20713858057928 2.04830764938778
-2.38505477291948 1.95771636512003
-2.04338668776076 2.55727354884139
-2.21990884686979 2.46607259733154
-1.09230074257815 -9.60708003337784
-2.48990157113391 -3.01621413989885
-1.00986965542242 -9.78727068979724
-2.60734502001569 1.14107233512348
-0.887266649751932 -9.58703085475577
-2.70770160043321 -3.00333662107164
-2.49379910896319 1.32205350360543
-2.37965136318938 2.16960873002204
-1.28151350106181 1.07184501911549
-2.38772749975084 2.37719732275112
-0.736894877596688 2.40861498916799
-1.6007017823863 1.06393678963196
-3.16580218937534 1.22989877285521
-1.66791804658916 1.25354575701971
-1.99165541501587 -9.46825250625089
-1.97922895951312 -1.92298419061648
-1.87244028295394 1.2130686081905
-0.864426400284582 1.06921686179877
-2.80691315849728 -3.19403504943788
-1.97208324669764 1.07452122624128
-0.427921403882742 1.09604928760156
-1.84766637033558 -9.53032872465875
-3.12273800602946 -3.01530746750104
-1.99636712902709 -9.28378352597984
-3.00313221077042 1.13993658099917
-2.59087195450168 1.47251499162793
-2.64001917412488 -3.16240843283005
-1.66448353262129 -1.90494392719718
-1.18587386581078 -3.79084567979558
-0.796777923232314 -3.06595749597322
-1.47607340530465 -2.69440532793569
-0.889771132067948 -2.62644749834755
-1.11611587149119 -2.48584807118338
-1.99185416732821 -3.18387967998304
-2.5905539888039 -3.85279792383153
-0.329054459591063 -1.16207244615828
0.0690417670579679 -1.40059923724329
-0.00636476424219227 -1.03904383392095
-0.21811177454767 -1.5866816319867
-0.54677161607944 -2.40220056598022
-0.72033091207112 -2.6176777128345
-0.365459600815644 -2.95312467829384
-3.541886885273 0.0547389561116859
-3.74325458732373 -0.481326376604428
-3.36014432391611 -0.310870021411723
-2.90971709603733 2.37075775657217
-3.14255719240694 2.46277380069381
-3.38867097865206 -0.59457596038133
-2.94590099692088 -2.15995969304635
-3.05340526365485 -2.47273996254471
-2.58920173463164 -2.41995127858883
-3.14523957262545 2.20324662533536
-2.56422450874914 -2.91995600922247
-2.11182928167394 -2.55274251963218
-3.32969916773735 2.96235841157869
-3.38352124572896 2.59153693968774
-3.0974983174006 2.74996405842395
-3.6380558342364 1.48617918881531
-3.36329257541263 1.44206636240613
-3.48372001396252 1.72811631136515
-3.33468470675766 -1.45348227897704
-3.6468386160727 -1.37537479722499
-3.30993956772859 -1.77206417625824
-0.104264766304178 -2.10820188151909
-0.481792576262882 -1.73038994531083
-1.52727873966834 0.939560652863546
-1.21299970355628 1.03706455143575
-1.52761884450994 1.28360465939652
-3.77489528301802 1.23718097180241
-1.79631461877655 1.08684514497836
-3.8553475208877 0.918548845708201
-3.81744765616195 1.84725634058663
-3.06557449880553 1.35334814620276
-2.90877259690095 1.77262719573469
-2.51793563393428 1.41297112613729
-2.23046753193979 1.716438445944
-3.39111909381749 0.854544093777563
-3.37451466461763 0.564411584373194
-3.52472277657764 1.29446821540747
-3.24873849506706 1.71036022510924
-3.86810690254952 -2.25053110888879
-4.44683510044807 -1.46474836691166
-5.33026330231551 -2.25665529232432
-3.4949931049818 1.0757639565688
-4.11710146370166 0.739139490511818
-1.98983600198182 1.35405839394618
-1.72766314030485 1.67144929806223
-1.15541967610857 1.31699134409064
-5.27418253134913 -3.32037972415071
-5 -4
-3.93411759831549 -3.94832508615511
-0.490001621268566 0.9421571731363
-0.829456067308744 1.16616463555266
-3.86843627743153 2.07937535196963
0.233603146710362 -2.83202380309013
0 -4
-0.233587218718005 -2.51487081942698
-4.14384382243543 0.62460349780125
-3.63090754676164 0.482286062841324
-3.66800029335496 2.76525359532365
-3.65875773390263 2.34070334846716
-3.40517145544663 -2.04645911162853
-0.463103052446211 -2.08006521470643
-5.26366668494074 0.457169474481265
-4.33172969447376 1.19097808396659
-5 2
-4.12052879524879 0.303119282668865
-3.59985827763149 1.03428381434989
-3.6202742120166 0.700912259007087
-3.22535870918392 3.30843945940796
0.361576677785231 -1.20351153815839
-4.46816585964545 -0.579582615314773
-4.11829795897608 0.0170247141178086
-0.526783813465267 -1.39692509989384
0 1
-3.63177125206344 3.19997824775185
-1.28393244592092 1.60519329015853
-0.848367054683185 1.48894265292682
-3.32934290301082 1.98248103087878
-3.39848636624547 2.25725464211446
-3.97693032691605 -3.00207975785088
-3.12433552303904 1.96308147354062
-2.93901624894297 2.14681543287789
-3.86958762622179 -1.6091236764273
-0.713175536505261 -1.5520366327877
-5.32658205433834 -0.975938067066578
-3.38116543968395 1.13893080794406
-1.24227177921179 0.752592808684295
-3.58738119339925 0.358464649519411
-3.31666007694877 0.28313486880539
-2.70074123724825 2.24295735836583
-2.96478760928496 0.494445097634536
-2.9797225203935 0.197574605759673
-0.424651715888511 1.30947113858943
-3.18177594343535 -2.90672248504515
-0.733141640874486 -2.03875828873326
-0.703440697564736 -1.80680205412193
-3.28359571508828 0.707612117304915
0.0276560770840469 -1.68444572845638
-3.58461648487783 2.02057565340179
-3.19549470619203 0.012289976921933
-3.8942716353188 0.0556576649525908
-3.87691897548219 0.520683919891675
-0.920713215664892 -2.33517624856149
-3.48491358995045 -0.849685723765129
-0.809061968372267 -2.22133568469138
-3.25689076346959 0.323830222763405
-3.91002908204907 -1.04209721168936
-3.47011867485715 -1.1708819233733
0.363480275748802 -1.6446198383677
-6.48549434225907 1.97445744291335
-6.55272611337773 0.863264377326403
-6.55243597481483 -3.47234558698164
-6.48772806304535 -4.20793674724011
-8 -4
-8 2
-7.74288067664799 -3.23901442200881
-7.75538884719929 0.488323082704497
-6.51357270490124 -1.55161660033855
-6.51419668933263 -0.236899635960621
-7.70334294592554 -0.907104290047052
-6.51340687455293 -2.69997280916533
-7.69705736905403 -2.16906584422409
-10.6420606783964 -0.735439446058959
-9.69266711180823 0.0606938509719983
-10.4741869671412 0.379210159088528
-11.5678006065197 -0.659361566383371
-11.608790926917 -1.71054752170936
-12.2346561332655 1.10696728505532
-12.5158928242519 0.614219052814698
-11.7929611674273 0.753303460758782
-12.3477624672303 -1.09946856771275
-8.82843669805675 0.918586074840278
-8.73253621223156 -0.277105103596411
-11.0559572021451 -0.100087105313127
-9.72479009066068 -1.05904330907698
-11.2721858554425 1.75836121373087
-11.4015430866957 1.22035094764541
-10.6678466638241 1.16247481452601
-12.5047372113465 -2.12586656091476
-11.8116531359592 -3.32635507617735
-10.3751010893792 -2.11369839263616
-12.0940466393419 0.241678518941059
-9.09598948698729 -3.72888890934722
-10.4377948922445 -3.53486326677521
-9.0461872494831 -2.73908620386775
-8.88341240650156 -1.54568306732884
-9.76274962665937 1.12722879327354
-10.0927968906798 1.84283426414214
-12.151962018929 -0.318192855443819
-12.7266807141427 -0.49907021359075
-11.1723951492891 0.585302984014574
-9.18343429076233 1.89591611953282
-13 -3
-13.3348894045019 -1.95803894790217
-12.9719985858642 0.287000877224662
-12.5585829613771 0.0138399109949119
-13.0140635202984 -0.954156011433043
-13.1337702902775 -0.534921167640577
-12.9439373841505 -1.52281390767211
-13.45263030861 -1.26334262999013
-13.4297531595337 0.154965373206925
-13.2918569096206 0.590190795084726
-13.0518509162786 -0.147587083310916
-12.8913437006654 0.65548349002315
-12.577835927162 1.36828249009324
-12.1533088574166 1.56811199056374
-11.6101798951248 0.0872129053457014
-12.5974826554805 0.972856746735681
-13.4998919557559 -0.76673768558095
-13.4982776403719 -0.299132788766304
-11.8503927957156 1.31065812183423
-11.7164422594035 1.69223981286711
-13 1
-9.42247068237065 5.09411506563433
-8.95309702888978 3.58036899296169
-7.86088222669465 4.07880499689853
-10.284957879597 4.55852427328164
-10.9073686613409 4.66368725352462
-10.8634005604659 4.22754896692178
-2.66481287971844 2.38707892875445
-2.09043491952132 2.26953680576649
-2.10981065077535 2.67605835407272
-9.96533907183635 2.68309551511858
-8.72713648565083 4.37088247098863
-8.31819840207042 3.49719559847055
-11.276440494318 2.17824080654962
-10.6465499923267 2.28481569529538
-11.0271133873236 2.46557110771162
-10.8720340517221 3.24317427357562
-10.9055762168769 2.78223478261496
-10.3618629581615 2.82603299667004
-2.49945682748152 4.46903825505798
-2.05479344758598 3.98300827792562
-2.02294204268077 4.3800397337946
-7.89811636761434 5.1160992170406
-2.45024282000226 2.91418285015936
-10.5349424463321 3.43666618819744
-7.82334992103859 5.12347119443748
-2.39462245237023 3.79115339092747
-10.4402599285564 3.92131954912556
-3.77905949447125 5.10467258387603
-5.02892882246463 5.11440592281854
-4.11487313515061 4.18832466326698
-8.66812484526087 2.73373069675823
-9.58661957587484 2.70534478459538
-9.27193804853645 3.61436615054364
-10.0846262750788 3.44937079715065
-2.01833478662099 4.68316449979379
-4.14469100366642 2.60149643843674
-2.19199923422825 5.02215101520783
-9.98787499315838 4.02663298761771
-2.86950157899407 5.06815360520634
-3.26802429201431 4.37842299138394
-2.84565277311691 3.76668819022125
-9.55312270505285 4.47871771221968
-9.93159331290237 4.01292291480059
-5.25564118738285 3.86517145428449
-6.37373693415015 5.11908028992754
-6.66542687973406 3.63839174704385
-9.1162281541597 5.19101399900157
-10.0729826261672 5.23856102354735
-4.86591971292471 5.10725024235186
-3.51867381329141 3.61479197569219
-2.92956801764332 3.0282445700344
-3.33307774643352 2.43326063579865
-10.5852952751176 4.87639307247908
-2.47966639232683 3.36234403418387
-11.0453290806789 3.6511796357118
-4.97999614385553 2.97070290031552
-10.7765258106057 5.27628802217196
-4.98367510674726 3.91567489605586
-2.39619559337186 2.07970602413933
-3.399637424437 5.07598762640031
-6.98215395780624 2.89636226665042
-4.59793660253463 2.89497240968229
-8.79394279198144 2.38904563441129
-5.81116076365754 2.89615990635959
-1.68807909864123 4.97632230780262
-11.292478832331 5.30829834568453
-10.9703100402835 5.00114654560074
-11 5
-7.00049463586107 4.06754776622245
-5.90471243745463 3.4540800820782
-5.76727827924432 4.37942670453771
-6.50978656847304 5.08124729446395
-2.03331205412847 1.95868649536153
-11.2911978498495 4.88221158117557
-11.289729602868 4.43787875809336
-1.71980413316452 2.05734801220083
-1.71136947883324 2.4607629570228
-8 5
-7.82712728925729 3.1061467468145
-1.70308770707316 2.87433917940308
-11.2880713138996 3.98425914262768
-1.69037702091404 3.71721375716244
-1.68703905047504 4.14109493643841
-1.68608765800337 4.56255814006273
-1.69589911640299 3.29437230118202
-2.06466235077675 3.54143554830216
-2.06918109513505 3.11971371769589
-11.2858781292844 3.52540257988926
-10.9144625633648 3.75116736482398
-6.94535600763927 2.72202399147259
-3.62719251684986 3.01382255781292
-11.2830374018149 3.06892734751396
-11.2797446329678 2.61721851268855
-4.20776500493861 3.38764602485526
-1.26901603916643 3.87017473882592
-1.01660731379905 3.44281825259828
-0.799410636343984 3.80938338405707
-1.30948866615816 3.0546866773151
-0.830933609051511 3.02307876469082
-1.023991343734 2.65388519194373
2.62844113953891 -5.84369213112307
2.91134928302053 -6.22622943421165
1.87462826677758 -0.906761720018952
-0.177187112310054 4.5535235507964
-0.147710866269026 4.07428022300392
3.72198837686168 -7.13684489584294
0.270310342695946 4.58973820411797
-0.945955673590154 4.21723190583797
-1.06128007119452 4.61413415348156
-0.636674227153131 4.59952876063893
3.29423188963819 -7.39574360816617
-0.532472599646497 4.1783816307373
0.646056576431751 4.0092084910881
1.49885502270375 -1.0570469018329
-1.39611175680703 3.4757763809052
2.50801103101908 -6.28832413200415
-0.616230258179114 2.60155179560962
-0.189981729566031 2.54750864658991
-0.391601560269606 2.97822893912591
-0.408490627300157 2.15729427790642
0.0101635238505434 2.09628909263502
-0.212233015658049 1.66411209091464
-1.33957316310834 4.32318192706742
0.746491968638295 -1.05285474558473
1.11381753882043 -0.832191947165502
-3.38467034743959 3.67352693212703
0.0418698645337472 2.93744122160301
1.38044971667061 -1.42652594828324
-3.79744094073574 3.61762549245951
-3.56643471558292 4.07866277979751
1.49204365471229 -0.669703363792479
0.242214345042394 2.50931468275197
0.476412404135731 2.90442894508399
-0.631653818418039 1.79182541213893
-0.810818624253357 2.2433364129073
-0.162018979168227 3.36010327058548
0.69836831518548 3.27881115329442
3.04556016898829 -6.65802829892782
0.489350647233292 3.68820362704529
-0.592032152377957 3.4002329864678
-1.25482200334827 4.95276944399254
-0.825964040176071 4.96412597956443
0.144182639444432 -11.4489798404632
0.247469497572999 -10.9824526494525
-0.371059622256599 3.76900675813765
-0.408421906319144 4.99666535289465
0 5
0.273890314847138 3.32080866581336
0.0648703051830871 3.73266405849449
2.14034324632156 -6.45905576001756
2.16758012848107 -6.02662726421309
2.19784483559543 -5.59359086648954
1.16628360694063 -1.76502617215761
2.11492759875275 -6.88386926581395
2.46657686613885 -6.69028162967225
2.09080164082695 -7.29327633955002
2.44254906953102 -7.094655576081
-1.40393889482145 2.21877814290837
-1.07451403578426 1.94419322273331
-1.39809045232002 2.6202090455888
2.77311690781464 -7.33215346782863
0.308608178832272 -10.5250531113703
2.73479184643244 -6.91229143535736
0.980492700432261 -1.41561420373431
0.752831482034564 -1.71518213466329
-1.13857049499589 2.34526957951338
3.02564720115536 -7.0645678038692
1.14360260464937 -1.15732599956779
0.651446242356838 -1.38152217866096
-1.37508908853531 4.65188343738014
2.40024304491284 -7.41190219368032
0.32100640677896 -10.0685273872737
-1.42017139907852 1.90295837670869
2.73323081195492 -6.55549067146287
1.70262328139492 -7.20758296382966
1.11715132738605 -6.80428273183829
0.211461531251667 -8.94863633758389
1.07295159091069 -5.03617472284709
0.82816618577093 -2.14083819465952
1.77501200683976 -6.23115122714339
1.79089688372454 -6.71139248827749
1.29008943486255 -5.84718231564871
0.267336446701512 -5.93543954679403
1.83110712593601 -5.35973616770835
1.85232166414536 -5.81173950998654
0 -8
-11.8142803024161 -9.19562078542219
-11.6389748317593 -10.4106692531502
-10.7330988510504 -9.92960120773434
-10.6100565844341 -8.59940131439607
-10.1418924457014 -7.5260088599867
-11.036206222684 -7.26364798829653
-11 -9
-11.8363654265808 -7.46895512999042
-8.27256091414971 -9.54234296610088
-7.44392470645665 -8.48126220309836
-9.11251849877344 -8.45702788419273
-12.4547346126759 -10.1385645418912
-6.13538018595799 -10.6222215375413
-7.83983552484615 -10.7634584639811
-12.2086191974533 2.94574885440544
-7.06015798294357 -9.69768575523292
-11.0804585953836 -11.7420411380415
-11.7849816292256 -11.8126232661704
-11.4517289171835 5.7531463297996
-11.6336668457875 -11.211410702226
-10.8724014289075 7.07971612891173
-12.4738384782639 -8.60211896056809
-8.60462996670948 -7.55840060545265
-13.0835262328434 -10.4194775475883
-12.8479407547412 -10.9191016543785
-12.2631937484401 -10.9392473679875
-12.7673195806996 -11.4640189624293
-12.2100739067647 -11.5273151117643
-6.06130176839113 -6.3983085289518
-5.79450501875292 -7.7027918708034
-4.28884983101187 -6.84691124009193
-9.88133040895379 -10.6697850691593
-12.5037664195209 -9.3703889827981
-5.10425406934868 -5.62267680229116
-10.4546417798419 -7.06229142132114
-7.45036620771903 -7.23066972297886
-12.9790294005892 -9.8242558447953
-14.0043032572579 -7.65181225553072
-6 -5
-4.82459426219094 -4.62930608117914
-11.0133888028955 5.68222380284341
-9.5747797034796 -9.57354531933417
-8.42417470642012 6.09746323643091
-7.60036968163635 -6.01253458637012
-14.8980105353932 4.17899845475023
-9.57944169446634 5.93051144173452
-10.885447647344 -5.66339479828506
-4.44566627011516 -8.34170640829878
-10.589916606336 8.14587698339544
-10.7442661203739 6.60466647316889
-9.13365338721233 -11.2547645565625
-10.2130107584288 6.51270380896322
-9.05278447389693 -6.62630548515749
-10.4644217344252 5.81739406428073
-12.166067645066 5.47730078812462
-12.1925600196105 -12.0602016198076
-12.5876280529421 5.66273776651374
-8.86647590673813 -10.3873666930486
-13 -12
-13.2922211115159 -11.569719613146
-12.1777953015824 4.1220075498787
-13 -8
-12.5519453756184 -11.8766062612648
-11.7324563607094 5.36512797088496
-13.1007329767332 -11.2362153727696
-11.8648891440807 5.73805967509976
-15.6681748445293 -7.48632231356919
-15.1981269560575 -7.47783845450782
-13.439968214892 -11.1262816758153
-13.2032125849425 -10.8349565774568
-6.00003068320349 -12.2383938191222
-5.94962861511239 -10.6050396456168
-7.14502623800302 -11.6335950892251
-5.49879566988042 6.58296274275462
-5.32989376033564 8.17649377218293
-6.59936065651097 7.57827572493265
-4.86763968099475 -11.7579666567019
-4.22953107213829 7.70543607460326
-10.2796038687118 3.94696972860816
-10.1415055862729 -10.043338791817
-9.966025888277 -7.01850158930739
-3.66835227714035 -11.336709739068
-4.33321283069763 9.00279265693835
-4.13768854878282 11.9312900548319
-8.42408613311742 -12.3516872645864
-12.381273105428 -6.56779699884796
-2.84748241113518 -6.05469537422352
-6.45870431709839 8.96365383720174
-7.75155441563185 9.68183581899909
-7.8012681857466 8.26292078208294
-9.02305885862543 10.4311205724878
-7.61627134074218 11.2093255006285
-3.15192501740307 -9.09887480848645
-9.21074215901642 7.33198395482523
-6.35862906312966 10.4559592499756
-7.21767900914525 -13.0474412855257
-5.18354352717107 9.70767978326519
-5.06322818979121 11.213642068078
-7.86405477490936 8.20186594216094
-8.79419384900383 -9.26625632684345
-8.73710835721871 -7.77278972111994
-8.67373744263627 -6.28845690234064
-7.39122487345431 -10.3594604926667
-3.78153403054884 10.4652156380334
-7.0553364086777 6.34358633760146
-6.58888693152274 -9.08649438143714
-7.96287792379608 -9.09011786427983
-5.19095799296569 -9.08784894409944
-9.60416754314865 -8.52330164091052
-4.06630538489346 6.2890174566737
-3.7342163793227 -9.08418205934452
-4.52549024068444 -10.3124500574918
-8.28312116965833 -7.49777079541867
-7.93529141304303 6.63319884866165
-8.51878354202879 6.18654623430506
-8.74183088665655 -10.2202885269204
-9.35714941494924 -9.08709200503578
-8.20138607077872 -11.1691596246615
-2.97689000152199 6.14202153861257
-10 -7
-3.41074845437767 -10.1797630331377
-9.91755468775875 -10.1452585571814
-9.76012802309702 6.08825428282672
-7.77577787973647 7.10520115117136
-11.7060085781893 2.84145247146515
-11.9655838740143 3.27707282203787
-12.1779277851013 2.82932935187637
-11.6789049359226 3.74659645059717
-12.1590864673073 3.72779792914939
-11.9727300366567 4.16609853882981
-15.6225146286165 -5.73444532735398
-15.2932218283949 -0.0671367637132496
-16.0933278490445 -5.72700143925535
-12.7936649496805 1.78629543664627
-12.8198161122944 2.39025955796054
-13.2264433967021 2.23968491648004
-13.2075048242058 1.63283530897154
-12.0281031284772 2.39997789622763
-11.9118544752199 1.99512085388779
-12.3397664138939 1.89469043957128
-13.8750856919869 0.392169232906742
-12.4411559605654 2.35090914049789
-14.3682431454866 0.418543534322296
-15.917853121148 -6.16359029341679
-11.5839846339868 3.29183417003021
-15.1933613070602 -0.466678622407763
-12.3822949260609 4.18649017914145
-12.8121602485061 4.20726079946597
-12.5997890614947 3.72817064246166
-12.5984541838088 4.67927736706497
-13.0247739779462 4.71376346515067
-12.7998436874536 -12.7643166318186
-11.630505722794 2.36461914055774
-15.867832087054 -7.04587143504853
-16.1251104138042 -6.63007430937269
-13.8464588460697 -11.3271687807637
-13.034908826559 3.72810219756736
-15.5330376093665 -6.284047777617
-13.7470993912619 -11.7682660919057
-14.3011120582978 -11.5376392405795
-13.6871501154726 4.19745577268379
-13.2508674348265 4.21174242615746
-13.4721050934258 3.72547121396177
-12.3782955271031 5.11775269821275
-12.1933143635173 4.61361813828847
-12.8195759022109 3.25310332685529
-15.2589281401877 0.324549863405535
-13.9049669107348 2.77927113630861
-13.4482623156469 2.77974399330041
-12.3908885803655 3.26528430273982
-12.604250292268 2.80012291442157
-13.2527468142775 3.24816494005212
-13.0333589456033 2.77534666760987
-14.96683706454 -0.823463725839418
-15.1713036302943 -5.48933410832552
-15.1693580012703 -6.01180354650687
-15.1714205122598 -6.52523166007266
-14.4539144014942 -0.813282425556772
-14.7057547518488 -0.476331652303644
-13.9606825577376 -0.795271596414578
-14.2153286448425 -0.461635816018315
-11.6016761681867 4.68456035363536
-11.9347652644751 4.97205339225279
-11.5990679211332 4.23763852494598
-13.9396279989622 -0.108038313269226
-14.4504357649212 -0.190193699719398
-15.5106522181435 -6.75781910727735
-15.1804270400493 -7.01770007633828
-11.8639193503766 4.5238610830573
-14.2786844640004 0.107217900381502
-15.7905175644372 -6.57713992520871
-15.5131859774628 -7.14507688595334
-11.5931919277801 2.02598898846401
-13.8306311452756 -0.466108500605435
-11.5919293564557 5.03786420744931
-14.8840268810295 -0.221336614657091
-0.560800509907344 -8.57159207546855
-1.19944571149143 -7.75319061810905
-1.22052185067604 -8.41857815288049
-2.02900280454217 -8.90735530533643
0.287989779742587 -0.690776516160039
-3.63187538916522 7.18733425840476
-3.23972440948681 7.37247055160647
-5.59153209115869 6.15759168574378
-4.52494107174495 6.20641473868442
-4.8765912835772 6.99674735740702
-0.765121689658341 -8.83480239826137
-0.957466117076392 -8.68662798068921
-4.65027706427136 -11.1687346459885
-4.47055347128123 -8.66679137508113
-5.53084068446628 -9.19824800138294
-4.74612357260449 -9.78153784861698
-5.26884940105284 -11.4672585037907
-3.83222580361877 -9.31546266354455
-3.09950416719968 -8.99678111084352
-3.36432645232738 -9.54050429578579
-8.53953987123089 -6.58371944358989
-7.43143275399613 -6.94444138196496
-7.85205194090829 -5.69537112839787
-3.38481136847499 6.69846285339658
-3.7475301716045 6.41978051260843
-3.18880333025095 6.31941787743046
-4.09420518836299 5.74507809367658
-0.362344023212816 -10.3480246891472
-0.0487154847456635 -10.6009323652166
0.0318632726733661 -10.2404038764227
-1.78110720741231 5.93904193147144
-2.16325194853663 5.76022127876215
-1.72178326169205 5.61190497296781
-0.253550212627793 -9.95206804849179
-4.20960433076147 -9.9147807650165
-0.653894275434317 -10.2843924801753
-0.559260067038431 -10.603977684718
-0.60153104551147 -9.0943467308156
-7.52089968958189 -9.83198861860163
-6.50885468328241 -8.69544736745719
-7.60655758351211 -8.40636597428088
-5.72639728276687 -10.1677211554183
-5.11567569626157 -10.6834999055259
-2.11242445910904 6.04749071205441
-5.37111461951464 -8.07553541300639
-4.44561337675523 -10.4434658333497
-7 -6
-4.06903094687203 -7.19324783809414
-6.39563053547142 -9.7013207943142
0.479858932783671 2.18953251582446
-3.40686727006557 5.88208322228202
-0.0781195015071248 -11.0170327683188
-0.28283416083016 -10.6709018450383
-0.429327289997727 -10.9545523744097
-1.49315785301782 6.09670942090174
0.766000937811242 1.73636272737533
0.55138048523046 1.45465598637064
-2.65478875802384 -7.54189545048073
-2.49889649789425 -8.43394823677643
-0.137539201482919 -9.50417830628702
-0.507836024633183 -9.71171476234427
-4.20703116485542 -10.8471162197895
-2.99174726661282 5.55617349793299
-2.58840220881745 -9.06451014827122
-1.49915374259398 5.74417449345602
-1.49561740073705 5.35475032906993
-1.19231315311259 5.55135902340732
-2.46665912404724 5.42969338092838
-1.9507530226506 5.36408423661805
0.76528438632498 1.28422046808771
-2.3795056964537 6.55445393765837
0.500147430758301 0.894409661265948
0.444648860276222 1.71073329213036
-0.28824069973688 -9.08263113396361
-6.7525531638993 7.69533295818456
-3.76023494641532 -9.94226254433718
-0.487485194933777 5.39363512060243
-0.910997591688749 5.6535607126257
-0.813819527999708 5.28921020168058
-3.43656217307998 -8.31133905379611
-1.1320285872638 5.22774116743575
-0.524918459043468 -9.41642664981597
-2.5987574872187 5.77939047267209
-6.69014922751126 -10.6106302595918
-5.47471926735161 -6.68950925732342
-0.252836949730803 5.61254812488594
-0.663055029194219 5.8057674804708
-6.75860804082444 6.32156153492068
-4.22808090009798 6.87848229912294
-0.560899979351604 -10.0160748511886
0.780286747007448 1.0773781081446
-1.02056077451213 6.36540613346591
-0.751824483406329 -10.8347718353197
-6.47937636708694 -7.75918403198456
-2.2750245990466 6.25923316797546
-1.043594848825 -10.3141707719341
-0.869562940836827 -10.1646593445784
-3.38978031811926 -9.98564695461363
-2.83967655214209 6.06971038463974
-0.754063438933886 -9.78364328738754
-3.13367961861928 -9.70637961578544
-2.85149347917134 6.47051018154076
-3.08586804322734 6.71004279368357
0.527229331858425 1.16434441871018
-1.22700699489832 5.89097708433403
-4.90639240854314 7.90832237913913
-0.78688213141598 -9.99595208179104
-2.56508598069971 6.34569183791854
0.347227225146342 0.354837412158179
-0.848656710890085 -9.09477462308362
-0.032451560515387 -0.954786656266197
-2.88603981723774 6.80966961354268
-4.03440212141668 -10.3814689299189
-3.67459433636082 -10.3459982546893
-0.776377190476277 -9.31451991089583
-5.76344058988255 7.24414656201124
-2.41555677617592 6.05090226664427
-0.00943488818293137 -9.94085877621742
-0.976360081582318 6.01722741480989
-2.94410954777413 -9.4275909908168
-0.755456791266762 -9.54958318989588
-3.22244081385709 7.02755441779145
-3.8628622084745 -10.6980475108012
-0.955090433065826 -8.91849732988023
0.0217073104761862 -0.0401926673239252
-3.02555275477554 7.62443433888603
-1.15970820137245 -8.82095973152511
-3.03379016865853 7.33119210551285
-1.44459957439564 -8.82150630806957
-14.0394965438839 -6.56892713736361
-14.7152784820148 -6.90056528973164
-14.4255570740373 -5.45031440313754
-14.8578968916456 -5.66490699664087
-14.7017834843209 -6.14786865515223
-13.7952946476173 -1.12592253825072
-13.8647824812891 -1.60671318336033
-14.7844249369756 -4.72499181057348
-14.8831135839146 -5.2592742564569
-14.1958785326183 -1.20017188779824
-14.5937619967967 -1.77485626171947
-13.9905770490626 -2.26600816805815
-13.2740257067987 -5.45362114259497
-5.50063314654627 -6.54894536237533
-5.86242785403821 -7.8336188958785
-8.62082173382727 -4.47745764480517
-8.94365823601826 -5.32464280329252
-8.54359352072784 -4.53831395805469
-8.17067126318074 -5.50201336744407
-11.1362710162969 -5.62585348893244
-1.90929841805149 -6.02616682719243
-4.49821600717175 -6.16439578214676
-9.46136944585857 -5.17840079686835
-3.50972228032099 -5.59265079938888
-12.2049051850236 -4.93386496430044
-0.809840681745742 -5.40308647559057
-4.87018259057918 -5.95015188591072
-6.26543715748425 -5.40398971329253
-5.32427778766639 -4.72870675120313
-4.51276841945686 -4.97602315457302
-8.40643155643906 -4.67932244152676
-6.48606286162428 -7.16939399849209
-7.71058077737802 -5.22017778535039
-6.62031123238407 -6.20260662419545
-7.67134683578369 -5.42642868901765
-7.75076237678738 -6.78172176990103
-4.7744123676924 -5.19689289047162
-7.19100646273859 -7.91249047894778
-8.85284169403557 -6.70127117480519
-8.42984917001161 -7.84594157041934
-5.85220617141512 -5.15338573238969
-6.82159000506813 -5.18842585564467
-8.98098895145566 -5.62448068714203
-9.46800178261836 -7.99297941974474
-8.30865679804818 -5.71992707459332
-0.695472057937324 -6.68267279349817
-12.324442961526 -6.35198355135739
-2.40612936372769 -9.62086054112797
-0.531906485724975 -2.45656406886097
-2.76455586810239 -9.65843497816948
-3.07784892851078 -2.17068476315234
-2.8695957026352 -9.65220976311318
-3.16241346719141 -2.38299380121047
-0.608035464954765 -2.82035117928581
-3.23563268368718 -2.61318109050009
-1.24274685967516 -1.75995431463345
-1.07160455395954 -1.87533189260389
-1.781121854074 -9.70856239198893
-1.19499986542951 -9.14995800317468
-2.58720496818615 2.87222394821181
-0.769439876652332 -9.3859462750231
-1.2434376581511 -2.1091155224041
-0.142307922014611 2.132047246627
0.0352553004180746 2.05308202006499
0 2
-1.34082009050785 -9.78191220308717
-0.900710771399872 -1.83474381705192
-1.08728153050233 -1.69134397825719
-1.00664018695111 -3.65328905081247
-1.09785720837042 -2.12282289869099
-0.8317888568473 -3.55876670580517
-3.05832436918998 2.22392389308589
-3.09463371984284 2.43839716045239
-1.01737027413309 -9.10246459160578
-1.87917543268307 -4.1427213515099
-3.10767570425734 2.64510271611436
-1.69067722187691 2.74862427694809
-1.14526612628912 -4.17024641580586
-1.53607282901084 -9.65570616344677
-0.921807907207966 -9.9666371014178
-0.829753584194143 -10.1452661262891
-2.6791509162441 -3.3495720438196
-0.985417116683915 -3.86838914367538
-0.808161768242045 -3.77843791520427
-1.51476955040615 2.84628906984116
-1.57712436108413 -1.96655386942841
-0.716626088830521 -9.94953192218023
-2.0538766523682 2.76065093923778
-1.56935382146225 -9.31058131715451
-1.75195858090353 -9.39525495718384
-2.23924863245226 2.86625208013305
-1.05272459834292 -1.59608095344374
-0.966553869428405 -1.42287563891587
-2.42287563891587 -4.03344613057159
-0.604745042816161 -9.75195858090353
-2.44976760068949 -3.64355604216861
-2.62300673573657 -3.56667241351827
-2.42697946663068 -3.84359987526353
-1.32291947871367 2.73556792095755
-0.664990961819009 -3.01663495061538
-0.553806329552784 2.49713033829125
-0.539163947989894 2.30855792573909
-1.80596495056212 -1.80691315849729
-1.98469253249895 -2.12273800602947
-3.29439258670643 -2.85300478956756
-2.92298419061648 -3.02077104048687
-2.83792755384171 2.67094554040894
-2.5994007627567 3.06904176705797
-4.08684514497835 1.20368538122345
-0.92062464803037 0.868436277431538
-3.94215717313629 2.50999837873143
0.308439459407962 -0.774641290816075
-2.4133183680133 2.78188822545233
-2.60307490010616 2.47321618653473
-2.4479633672123 2.28682446349474
-2.26961005468917 2.51820742373712
-3.49444509763453 0.0352123907150356
-2.96095616607905 2.99363523575781
-4 3
-2.26086050948818 1.11710146370166
-3.75259280868429 1.75772822078821
-2.19319794587807 2.29655930243526
-2.35489728388564 2.10767570425734
-2.94434233504741 0.894271635318805
-3.19757460575967 0.0202774796064963
-3.93956065286354 1.47272126033166
-2.69688071733113 1.1205287952488
-7.31690448488142 3.96533907183635
-11.1234711944375 2.17665007896141
-4.10363773334958 3.98215395780624
-5.89497240968229 2.40206339746537
-7.61095436558871 2.79394279198144
-8.07598762640031 3.600362575563
3.09323827998105 -5.87462826677758
0.705768110361813 4.39574360816617
0.27801162313832 4.13684489584294
1.84369213112307 -1.37155886046109
-2.94714525441526 3.74649196863829
-3.16780805283449 4.11381753882043
-3.33029663620752 4.49204365471229
0.669703363792479 2.49204365471229
0.906761720018952 2.87462826677758
0.433565284417074 2.07866277979751
3.51064935276671 -6.68820362704529
2.98245264945254 -7.752530502427
0.202559059264252 1.61762549245951
3.30163168481452 -6.27881115329442
3.52358759586427 -5.90442894508399
1.59359086648954 -1.80215516440457
2.52505311137026 -7.69139182116773
3.4489798404632 -7.85581736055557
3.72968965730405 -7.58973820411796
3.35394342356825 -7.00920849108811
2.06852738727367 -7.67899359322104
0.551020159536798 4.85581736055557
1.35973616770835 -2.16889287406399
1.03617472284709 -2.9270484090893
0.948636337583894 -7.78853846874833
-13.3777784624587 3.86461981404201
-14.3023142447671 2.93984201705643
-11.4517289171835 -12.2468536702004
-9 -6
-11.0804585953836 6.25795886195855
-12.0974632364309 1.57582529357988
-10.1754057378091 -6.37069391882086
-5.82100154524977 -9.10198946460677
-4.58991660633604 -9.85412301660456
-14.1458769833954 5.41008339366396
-12.6046664731689 5.25573387962606
-12.7452354434375 0.866346612787671
-12.5876280529421 -12.3372622334863
-13.6126333069514 1.13352409326187
-13.2365415360189 2.16016447515385
-9.13365338721233 6.74523544343748
-9.88133040895379 7.33021493084071
-10.8724014289075 -10.9202838710883
-10.2130107584288 -11.4872961910368
-11.8648891440807 -12.2619403249002
-13.5221615454922 -10.1981269560575
-12.166067645066 -12.5226992118754
-13.5136776864308 -10.6681748445293
-4.11455235265605 -5.33660520171494
-13.3481877444693 -9.00430325725792
-3.05303027139184 7.27960386871181
-9.66835227714035 -5.33670973906797
-10.8676396809948 -5.75796665670189
-1.42408613311742 -5.35168726458636
-3.02305885862543 -7.56887942751216
-1.61627134074218 -6.79067449937151
-2.61872689457196 -4.43220300115204
-6.21767900914525 11.9525587144743
-7.42408613311742 12.6483127354136
-5.00003068320349 12.7616061808778
-10.4456662701152 9.65829359170122
-9.15192501740307 8.90112519151355
-11.2018659421609 5.13594522509064
-12.7337436731566 5.20580615099617
-10.7815340305488 -8.53478436196661
-9.63319884866165 5.06470858695697
-3.14150558627286 8.95666120818297
-2.60416754314865 10.4766983590895
-11.1376885487828 -7.06870994516808
-11.956661208183 3.85849441372714
-9.61872689457196 -11.432203001152
-8.82023696686232 -8.41074845437767
-12.0824453122412 -7.85474144281857
-10.0841820593445 -5.2657836206773
-11.1797630331377 -5.58925154562233
-9.14202153861257 4.02310999847801
-8.49777079541867 -4.71687883034167
-9.41074845437767 -4.17976303313768
-5.13768854878282 -13.0687099451681
-13.6078307670933 1.87508569198686
-13.5814564656777 2.36824314548664
-15.5333213775922 -5.19336130706024
-12.7998436874536 5.23568336818139
-14.2862365348493 -11.9752260220538
-16.3271687807637 -7.1535411539303
-16.5376392405795 -6.69888794170216
-16.3128498845274 -6.19745577268379
-16.5278949065742 -5.72547121396177
-13.7643166318186 -12.2001563125464
-13.4623607594205 4.69888794170216
-13.6754501365945 3.25892814018773
-16.1262816758153 -7.56003178510798
-16.3245498634055 -5.25892814018773
-15.1765362741606 -4.96683706453996
-13.6328353089715 0.792495175794178
-14.7792711363086 0.0950330892651864
-15.9328632362868 -5.29322182839485
-3.28798977974259 7.69077651616004
-3.65027706427136 7.8312653540115
-1.26363727262467 6.23399906218876
-1.54534401362936 6.44861951476954
-8.86405477490936 -10.7981340578391
-6.52089968958189 9.16801138139837
-5.69014922751126 8.38936974040821
-7.30462887160213 -6.85205194090829
0 -12
-0.252836949730802 -11.3874518751141
-1.71577953191229 6.23471561367502
-1.02056077451213 -10.6345938665341
-0.81046748417554 -10.4798589327837
0.740766832024533 0.724975400953402
0.634593866534086 1.97943922548787
0.445546062341632 0.620494303546298
-4.26884940105284 7.53274149620934
0.164659344578426 2.13043705916317
0.314170771934106 1.956405151175
-0.663055029194219 -11.1942325195292
-2.64516258784182 6.65277277485366
-0.621102806658652 -1.68472354170801
-0.32540566363918 -1.6540017453107
-0.751824483406329 6.16522816468027
-1.9226218918554 6.21971325299255
-0.137137791525497 -1.30195248919877
-4.28798977974259 -11.30922348384
-5.90639240854314 -11.0916776208609
-0.426144080550891 -1.39208262588872
0.190330386457321 0.113960182762264
-3.02170731047619 7.04019266732393
-1 -2
-0.610219681880743 -2.01435304538637
-0.113960182762264 0.190330386457321
0.0337901686585276 -0.331192105512853
-3.96754843948461 -11.0452133437338
0.0255527547755428 -0.624434338886025
0.239724409486815 -0.372470551606474
-14.7249918105735 -1.21557506302436
-13.7339918319419 -3.9905770490626
-14.2251437382805 -4.59376199679671
-6.67535719670748 -4.94365823601826
-4.52254235519483 -7.62082173382727
-6.19689289047162 -4.2255876323076
-7.16439578214676 -4.50178399282825
-7.46168604194531 -4.54359352072784
