1241 2
-13.0698950127922 -3.95200030866604
-13.9542440805214 -3.92731911937099
-13.4431688286213 -4.54027098632328
-3.05541486352382 -3.71152461115214
-2.45191473252705 -3.38633148591669
-3.2463033930224 -2.86941165745843
-12.3543573168116 6.57053094503755
-12.089723603217 6.91360408447846
-12 6.00000000000001
0.147811435451815 -2.41241507579589
-0.58502751646727 -1.80891591772209
-0.499255043735007 -2.62554811587694
0.244815840636743 -1.73011333419032
0.958902799688792 -7.1126178917198
1.66487694753901 -7.70331118908472
1.6498673075461 -6.81006801185344
-12.9761593977009 -2.77040541689129
-13.5211494192931 -3.41151489146255
-12.6210157685042 -3.34152942968922
-2.47820873622355 -2.61931405696209
-10.3040972347206 -1.9647753612135
-10.0100499632673 -1.42433185455722
-10.970998403515 -1.46463532083434
-1.77006600581828 -2.39270866089969
-2.41120895683926 -1.93862707654473
0.841583330791839 -2.45116971609533
-1.80532012317742 -3.10934951579335
3.75645070856295 -5.2867668036468
-18.1847516042284 13.8805444584794
-17.7659953528369 13.1832675248607
-6.44200236703742 -2.11000917379408
-5.81063534484901 -1.52501010431043
-6.71957768728921 -1.37749114904386
-5.79351450422914 -2.38172845537488
-3.00871859032385 -1.35610501486386
-3.9511476428391 -1.49194456769734
-3.1659212788501 -2.07639057644674
-1.23627326429943 -0.542375807074582
-1.3870688734401 -1.30431016273353
-0.596357772041 -1.06697205180348
-3.77015822430575 -2.24764439692871
-1.16806183107157 -2.14164114623228
-6.89017764369797 -4.82527884559761
-6.86915324525194 -5.69354946073403
-6.34938731399074 -5.29069500725293
-12.6681532042056 6.68140283143316
-2.01692424452003 -8.8720037038359
-2.63676982786455 -8.42599080829322
-2.66720706331166 -9.30124659151674
-4.88616842319243 -1.41463513342781
-4.43266098107162 -2.23118132463357
-11.0312689277666 -2.09228537760512
-13.0944267155679 7.98262273484006
-4.94051269869936 -9.19587636927811
-4.99344040251405 -8.36785005267754
-5.55494730680785 -8.72618734404452
-19.0517091066816 12.4052777812994
-18.5432808829388 13.2329029236566
-22.3015057027009 11.7742205968409
-13.8596744532528 -2.86179361096981
-11.8564601247355 -1.76198380469992
-7.4638794880521 -5.37832110781863
2.34346410888576 -7.26169721983924
-8.44939816475582 -5.88245287645243
-8.82057007042241 -6.5226257269016
-8.06121649834797 -6.5425119796446
3.08807223536587 -7.73048836225663
3.09295975302739 -6.96055298394246
-9.8676143397008 -8.62426252013534
-9.19259962282893 -9.32271677211059
-9.1620890458451 -8.61664184684437
-18.7451516473394 14.124891687048
3.16334536272501 -6.21557183970406
-4.94642599181304 -2.73039876797837
-5.55336227200997 -3.12732635812671
1.02812065002729 -7.70380083744661
-9.89270815729372 -9.38152507701006
-11.7588517085445 -2.31172342671817
1.62330921901993 -3.14273093832366
0.853701187404892 -3.04731112534021
-13.7028108036394 8.57068734441512
3.49962849107999 -5.79884943616333
-0.686400094236698 -9.87593912227412
-0.039476715386013 -9.24910823971062
-0.708717415560467 -8.91960751095915
-4.47645208448731 -8.72412609456098
-16.3374074598475 -6.64262937501448
-15.7050820206059 -5.83215559720516
-16.5060857122349 -5.75947714413822
-5.2077123700683 -2.02575634005934
-15.5100440694548 -6.45676683689035
-1.9877074729403 -9.56349396311572
-10.2707310700037 -0.945100648388067
-8.56879808772944 -8.62389821988311
-8.42126029609368 -9.43560689970565
-14.2476005385513 -7.4677501787526
-13.5412074168443 -7.77053186787705
-13.507139811478 -7.07760505433545
-7.24689533050133 -9.30377587344635
-7.50152819651453 -10.0134846797796
-6.8337420362103 -9.95453280919179
-18.4447027956487 12.4529641199536
2.79936988554479 -8.44169540454212
2.39867827206124 -7.90993852475169
1.9759598970781 -8.41007197914185
-19.7584518920894 12.6900376190804
-9.4100735323582 -1.09762198844269
-9.43830500733811 -1.74949709370109
-8.7594311498038 -1.29166179045468
-14.2512185137446 -4.53366068642921
-23.1232165372086 11.5348044901808
-7.51429546404655 -1.40951734051732
-7.20041302485932 -2.04676509121204
-3.71012915327304 -3.3496994198409
2.24513243204143 -8.8889981237749
-2.23152385599788 -1.29066083115467
1.43329733361955 -9.02167626083264
1.2058045475335 -8.31568789574006
0.58865007174196 -8.77357613930564
-14.2454379839045 -6.90378766029769
2.35976200926228 -6.51572377563383
-6.60905716519635 -9.39025794877407
-8.4825443633329 -7.10177911287697
-16.4734075550437 -7.34121260556594
-16.7859710210607 -6.79414402621251
-8.80389895867955 -0.577628078879823
-7.95795034793963 -0.695984057245038
-12.7407537316171 -7.03777447496116
-11.9329367416386 -7.06902648222725
-12.3096579593178 -6.44552779459009
-1.9648089020233 -0.659556325379033
-6.21418898038025 -0.770178042046619
0.67600151907963 -1.36250983817535
-7.97637517391278 -2.08153443001039
-8.63197878374105 -1.9755390275977
-8.39191917020183 -2.65358031359784
-5.32606311698509 -0.789641533515875
-8.1701071773568 -1.58462768425098
-7.10144729262459 -0.744125167374505
-2.75106597250587 -0.72809767773769
-4.44866926843586 -0.786913564256447
-4.36451552626836 -3.02067166523961
-3.86767620192518 -2.80495770105745
-3.58340031003903 -0.765401819362189
-16.4741744390491 -4.45029224608758
-16.1637124864575 -5.21952031553546
-15.5981242521635 -4.55276978158362
-9.67758966063222 -0.499280128836021
-0.77023065286324 -8.08630288399882
-0.176295348875036 -7.72058529943334
-0.890288561623144 -7.30627014741637
-10.9180453396652 -7.82889329101149
-11.5829239561459 -7.78519922747372
-11.2020673678722 -8.58092855813697
0.687176980538734 -9.46614705021209
-16.3953683171895 11.016723238681
-3.27600606620836 -8.64753238439807
-17.0109433780597 -6.38432383769776
0.0619585344784473 -9.89277918938663
-14.9032145233883 -4.0130255974587
-9.09437436722137 -7.29184053522143
-9.00593214987194 -8.03432741001912
-8.50170139962357 -7.77332089826445
-11.0692306772237 -0.843907487941808
-10.4776164219322 -0.399563714712657
-10.5515856652549 -8.34489971269625
-6.11450155861823 -9.09729666862566
-6.0662979709821 -9.83244723149212
-14.9159788843934 -4.63124640008091
-12.644286094685 -4.55439423973652
-13.067027096668 -5.22886973173884
-0.289054967665998 -6.97893524283158
-1.78609788841514 -1.81471698063948
-13.0105531386657 -1.13072734771494
-12.2146530543989 -1.18478534738317
-12.4835659832733 -0.538473426376083
-10.4679229627181 -5.78113477606439
-9.7553192536156 -5.81144408814498
-10.0747102709139 -5.10694597278365
2.32098213258042 -3.17878489795354
2.1326371615226 -3.783282865349
-14.9469116758996 9.80425421067174
-6.31122784272983 -4.70520546002356
-12.3559940365187 -7.61937340885821
-7.88706212748778 -5.83984780270258
2.82473909695626 -4.30675347646624
3.61432719767441 -4.47019795534317
3.04356643146136 -4.81887066472125
-12 3.5527136788005e-15
-11.7976326839897 -0.66834876012438
-11.236211125287 -0.250439677289214
-13.3358440124946 -2.27536750232953
-11.1010643733117 -4.50192583929248
-11.4442171937391 -3.8635434270835
-11.8616913262232 -4.52150295277721
-2.93622977329249 -4.50323275016215
-2.37497579111644 -4.14825718036757
-8.8322871125217 -3.20074513707711
-8.53875673236316 -3.89629584746228
-8.1027992430778 -3.27895005393656
-12.2798670224999 -5.16563092457675
-10.6920640931989 -3.8409425195918
-9.53967765537981 -3.11250566019472
-9.12746279205099 -2.53476123798117
-9.85996744677909 -2.47035990167062
-1.12250340488604 -3.57884901285999
-1.76371551877606 -3.83031404339007
-10.2746382993209 -3.16608079444705
-1.14846600551144 -2.86119352219633
-8.96849729526148 -4.51843598246795
-9.23557071798207 -3.82304881868744
-9.6576714179726 -4.46683502569712
-15.0401719480008 -7.09411619266722
-15.6789148859983 -7.55948793161792
-14.8933260495745 -7.8315600975957
-13.2847648817668 7.3536029274452
-13.9002424498497 8.00342983148217
-9.94042883473082 -3.7724574357843
-2.28735288221086 -4.91783532414554
-9.38292882027993 -5.14805041564802
-11.193698562851 -7.11664183533851
-4.03100227615043 -5.2792301368118
-4.59355133788087 -5.68064861375982
-3.96998025412866 -6.03545777670827
-2.77633114698 -6.05653766195792
-3.34855111327783 -6.42988749767425
-2.70933880257402 -6.84015988044779
-1.37405421675041 -9.3115883832134
-10.1519730393443 -6.46879175965179
-15.1704258090904 9.25495107853101
-13.5584287240818 -1.71647890601081
-12.7584502438282 -1.72331483301549
-5.13170113210303 -6.04195846401983
-5.71726711467529 -5.68729288529095
-5.69267545560166 -6.42386982603996
-6.84181819285067 -6.49050840814512
-7.40756829883209 -6.15531356656087
-7.4109718739645 -6.92383585176224
-15.5192515207798 -8.25489303083565
-16.3301832544509 -8.04104926467373
-6.81295335024704 -7.26559307818186
-5.08406526308752 -6.79527513375559
-3.2842908525148 -7.21543406828323
-5.57980772287081 -9.36265257822461
-10.3554181663891 -9.83473200106794
-10.5076568915739 -9.04241558457806
-11.1227116574318 -9.48425949473872
-2.29939648737348 -10.1125538762481
-3.04009699202431 -10.0368281725328
-3.91143985475176 -6.79914111069944
-4.53055304005931 -6.41732146654086
-14.7233773317907 -8.52468001344466
-14.1130928931385 -8.12596426899341
-10.6338667037371 -2.60879137469429
-11.8689748225213 -9.13318254134029
-12.0588278059793 -8.32588967988092
-12.6113896465737 -8.78068608822626
-12.2260411426185 -3.92216338477728
-11.7844291024849 -3.28337054653909
-3.48532468119338 -9.34050621148128
-3.78719861158204 -9.98682421050463
-4.18618259554265 -9.32221488163032
-4.52731090903864 -9.94817378347894
-3.90202393278835 -8.71118253387427
-3.58290093614654 -4.11318048143063
-1.52810325653267 -10.1368904155263
-1 -11
-3.83769042337618 -7.54349565670555
-5.64489200391284 -7.20053943995055
-1.08312287682373 -4.30478159604408
-1.70175079898387 -4.58533440348872
-12.4144777335496 -9.56164865174676
-6.25160602159925 -6.84201668250404
-12.1450154552041 -2.76341382372645
-2.59121455912467 -10.7748797908074
-17.1567448363483 -7.93292409856058
-18 -8
-4.46910001592456 -7.18700052960558
-4.64503342069296 -4.93313433197107
-9.3384472635022 -10.87116283474
-8.90479898026325 -10.0553431488551
-9.60964758774969 -10.0366887478973
-10.8968550795055 -10.4214492750835
-6.4043309540581 -10.5483124667276
-23.2715446220825 10.8591136912318
-1.82218266080348 -10.8877055739374
-4.1211847023713 -10.6045082566161
-4.23153884819417 -3.74898214410272
-4.87002809508856 -3.42797136377516
-5.02552898535756 -7.5810009445472
-3.35526515131724 -10.6783828719757
-11.6636429193322 -9.97051640019011
-10 -11
-8.19801141490186 -10.0665018252706
-8.62991820137718 -10.7564209676845
-5.25919889027579 -9.93676004962465
-5.6466150668124 -10.5356649829758
-7.38085453006023 -7.71221364787881
-3.40684260865342 -5.65360197519488
-4.88597368067917 -10.5551587261641
-0.205399015774951 -10.5511794142106
-6.28461109536879 -6.07347830862193
-13.3363829579121 -8.45367173206279
-13.941856277782 -8.83683524314547
-13.1735297961367 -9.18448730820974
-6.21006112255376 -7.61321590814382
-6.77955916826697 -8.04476961422342
-7.15691876345447 -10.5898187094279
-7.90027399719561 -10.6591291320019
-9.5259305355137 -7.90756775626106
-9.83149527188975 -7.17263601796672
0.937856488185872 -4.95102568099439
0.220349630741579 -4.50488998295761
0.273853509563531 -5.22027701824938
-12.7751570758259 -8.05160388341182
-14.5279511405712 8.63595145763176
-10.3644024901873 -4.44041156647059
0.888233602698018 -4.25112957893863
-22.4608561217214 11.1080597920466
-1.6333833800848 -5.34885100991835
-2.85191360149804 -5.27765702496182
2.24872306225578 -4.39793864206599
2.29263516774311 -5.07878214224889
-7.39615159331185 -3.32886900258169
-7.84555227993919 -3.94723398535864
-21.8086754601211 10.6907244773322
-22.6402907462143 10.4584860998536
-23.4464053991152 10.192108863237
-0.464162224491735 -3.36191037294132
2.0035214865828 -9.4343141220419
1.2528760055342 -9.7839109560271
-15.3028366142909 -3.39185618909771
-14.4187809345714 -3.41219818141448
-14.7086948993515 -2.84739685071354
-2.65237392322344 -7.63334465221027
-13.0471582811789 -7.50469686229809
-3.21708425315464 -7.95415151604776
0.5015990973392 -8.01797584198369
-0.113809969316908 -8.46974848501346
-15.8319577589406 9.86507334582178
-14.1257670030534 -2.28959197549315
-1.03698607705721 -5.04130399177152
-14.2681843364289 -5.78191797482425
-14.7042056060891 -5.14366266519516
-14.9751993660288 -5.75536010785442
2.96761150056221 -5.46422151323688
2.36479625896247 -5.80971104009104
-13.4747242552306 -5.8014126674201
-13.8720166677514 -5.1657997736256
-15.8937522691644 -3.92642509423677
-17.2064548445859 11.1492493029436
-18 12
-17.3110049833072 -6.06112079264296
-17 -5
-10.857676377552 -6.45331762442671
-4.34820308426803 -8.01798896451129
-10.5332560359381 -7.14972038647844
-5.59983530492713 -7.97117013518942
-18.6032005090308 11.6917677183703
-19.2871102888763 11.3968267721198
-21.1694871208297 11.2625655815282
-4.75215491961671 -4.18609907558003
-14.6784214443538 -6.43486657315525
-11.5110990079005 -5.14067350086031
-6.04986004790798 -3.63158589187015
-6.24745138688291 -2.88083902193888
-20 11
-5.39577698985541 -3.88692659815032
-6.17017705377568 -8.38224693303147
0.302726144003235 -5.94519389354742
-0.370244855278405 -5.49878749815961
1.66009154028872 -6.09621007912882
-13.8387868934109 -6.41378729850312
-13.0544954745754 -6.42589940612889
-0.447129738881462 -4.06050386997207
-12.6690270412438 -5.8003074331843
-11.9169777527639 -5.79044198884771
-10.1937813963266 -7.83467671003719
-8.28155986324133 -4.57064101798641
-8.70329807517442 -5.19652536388851
-6.93392301319506 -2.71882602084099
0.964282619420617 -5.66499827712422
-9.4583214216454 -6.50359967116696
-7.94277877170118 -8.17260459156275
-7.35097885679444 -8.49643763039056
-3.4893663886492 -4.88379821619387
0.976246720586912 -6.3837129322793
-0.422495700050935 -4.76803322094774
-2.01453174658749 -8.06851853203574
-1.4569743701137 -7.68590216944408
-2.08047342477358 -7.26241040427461
-0.981986111896581 -5.79586352340137
-0.94047977955584 -6.56565687600799
-0.329565139520796 -6.24423221413254
-1.38165884628842 -8.49805299784645
-11.540324042517 -6.42923148277584
-11.1805518034533 -5.78269636618158
-7.97197156068647 -7.38118662504777
-2.13471212280685 -6.47140441517809
1.64890999142649 -5.39517764397764
-4.11680284078748 -4.51794214215191
-8.04553327877118 -5.23894061964758
1.60499094222272 -4.69034761983995
-2.20834624959211 -5.69227882315598
-7.60887854422783 -4.63061913365972
0.205594210377502 -3.16855880952444
-7.17197336786798 -4.01776720848586
-6.71579316580891 -3.43072243309476
-10.7737365636 -5.11920110594279
-1.56674003159056 -6.12132369171962
-7.8984375831768 -8.92261838138779
-11.0288714548946 -3.24535696131606
0.310999989177564 -6.67317992729265
-5.87765089042765 -4.35745633396587
-6.73393096144805 -8.79871700440432
-3.70133978322999 -8.15339635806052
2.76895136483594 -9.1050035777001
-1.51467362740563 -6.89260730802789
-6.52125503363781 -4.15518213385812
-9.08301565186178 -5.83984609613507
-5.25217674744664 -4.60973638863913
-7.64670345547876 -2.67626056604658
-11.5763714686727 -1.21780833727177
-16.506222796828 10.4862394499632
-5.15531451220686 -5.32545142882214
-5.77827106565241 -4.98905105713373
-12.4411975387609 -2.24499678300275
-15.4202659152647 -5.13619391982697
0.200498239053618 -3.84632658353261
-11.3712470890804 -2.7136386764163
0.859870048770916 -3.63453705544458
-20.9409557758537 10.8811755821885
0.373458370810828 -7.36701445358746
1.52730812806611 -4.0732936749669
0.519099905852116 -10.1504933082411
-15.7980890940227 -7.02227588928585
-7.81307277003289 -9.5352984080401
-17.5996400291826 -7.01159707890514
1.43869430158421 -3.56661299748115
-3.9241422232856 -11.3020080440476
-4.53168505048175 -12.1282061084596
-3.7224572154461 -12.1412864322904
-20.13657060267 10.3766347787695
-21.242310262661 10.1698700945146
-18.5035129200231 -7.95786026165598
-16.9178237294119 -8.59776556851596
-4.63971059255268 -11.4702839846726
-12.5556007987641 -11.9040559242698
-12.379962020645 -11.1065728629217
-13.3266423154295 -11.5285970753339
-22.0692216382829 10.0278574003997
-16.0866375513005 -8.71598327585099
0.198300379613464 -11.2734181555425
-12.3596071761135 -19.5530660256098
0.808745187051453 -10.7833501106738
-21.651555567463 9.43926796216949
-12.5301351427254 -10.2323604348682
-13.3638415092132 -10.7916829990235
-11.6130403573633 -19.0481496342426
-7.52847519081288 -12.0382362900139
-7.38354967879568 -11.2046734638827
-8.07194886123815 -11.381905817646
-3.18015580971145 -11.4282767897459
-13.4910359072125 -10.0677102322345
-6.93468473412057 -11.6697752579815
-11.6501248994031 -11.7049686256786
-16.5108661943075 -9.28954973046879
-20.8023562060866 9.71878216167044
-11.2674004703704 -11.0762359786154
-13.2854915349176 -20.5876931661532
-23.8376649482261 8.90427518363544
2.58161809365502 -9.73819316924382
1.91311670188188 -9.94415761806878
-20.2385147208395 7.23300158777889
-20.9877333708566 7.56921971463219
-20.9943561018414 6.78161257199037
-11.7481152696083 -10.5623308207823
-21.7406166306952 7.13594413963152
-2.49789897178428 -11.5345895819671
-11.1378389853758 -12.7270926361801
-20.9344359823 9.08420116020096
-21.7133994950338 8.6428349142802
-20.9700041052922 8.35058896447465
-9.36963138381329 -11.747947835374
-8.84681678890938 -12.1375624977988
-21.7292633725833 7.903463635512
-20.2230050188708 5.64727781089883
-20.2331515292056 6.43820433939201
-20.9895031803014 6.01402961813099
-21.6060606280891 0.24169257586733
-20.8596056415311 0.606729441866768
-21.6353850246707 1.0176431696041
-22.3903037697144 1.40265550765906
-23.1368027425963 1.02751160908224
-22.3738501742356 0.641099255126591
-22.4451484272254 4.47342428719265
-23.1762894355087 4.08216384276973
-22.4265178527242 3.70356648197584
-23.1617785455514 3.31642552160299
-22.410781414586 2.9369583221799
-23.153492551695 2.55126051616949
-22.4024191620278 2.16744690643501
-23.198366061325 4.84982058893472
-20.8862459296916 1.37822024070664
-20.1171513169339 0.967079023030065
-20.1392511514087 1.74082380125701
-5.32984174851668 -12.2787978220247
-6.02565940145109 -12.2858914186302
-5.6778630208422 -12.9472139889765
-11.8845484657943 -16.8672119635474
-3.36656896586807 -12.8444150959193
-15.6710791081064 -11.1441427284965
-14.9206122465031 -10.7984976721487
-22.2966194129801 -1.57444729334437
-23.1439131064892 1.7867902178666
-21.6580839851507 2.55161080589838
-13.3418705188677 -12.2777630779909
-21.6851387885964 4.0992035854274
-15.7537755815454 -9.75510090874649
-14.9725461412973 -10.1268720892902
-12.5831760539727 -17.2483671379601
-20.2250494260039 8.83114911700592
-20.9025281263986 2.14952159366869
-21.5544550059653 -1.2516524597598
-11.9344581411439 -14.5620111832656
-12.6478054237037 -14.9338587409737
-20.1591884114206 2.51674390300594
-20.8343458004693 -0.159281045687674
-12.4904333952456 -18.7830486468346
-13.2474780572221 -19.1373240040423
-14.1186408228294 -11.906130930958
-19.6367941959647 -8.72880709416458
-20.7745563936039 -1.65789309676666
-16.4781811833622 -10.0228946046795
-24.7357956896396 6.39167721364913
-20.9175495402498 2.92376699814746
-20.9323724427897 3.69975715609428
-21.670171219207 3.32422824734389
-12.6399631701092 -14.1704343948493
-20.1773740328006 3.29501830045966
-12.6143891646341 -20.1420875316797
-14.1689007898311 -10.4654375139269
-14.1375013749954 -11.1731618719347
-19.9968901014199 -2.0958804256969
-12.6404639196026 -15.704455191837
-12.6166365599334 -16.4771774154037
-4.90651863751766 -12.9203245480653
-24.7029759721535 5.62615432275411
-12.527957859444 -18.0292396042107
-24.6459720262082 4.08594943533104
-20.0921042373017 0.195446004794937
-23.9872400088055 6.7523351646407
-14.8948710953944 -11.5298812712785
-24.6272880251573 2.5502757830723
-20.8074959276452 -0.915861007400684
-20.9484967872168 4.47738835766643
-20.9716127495427 5.24881321317675
-21.7105657928282 4.8645161473092
-20.1942747067919 4.07606358054802
-21.5808944099272 -0.509009557613736
-12.5827156854 -12.6470288024702
-22.3525967838759 -0.114468733317114
-23.9842385270314 8.21935117416961
-23.2042262193135 8.55322621142399
-20.0310609830898 -1.33915425307192
-24.6708339780765 4.85643437576536
-23.9950024411954 7.49595277862319
-13.2633509713466 -19.8457574361503
-13.355194363539 -13.0287955545105
-21.6470304776728 1.78264336754336
-2.62349456554375 -12.7984269365426
-20.2096794730369 4.85999481688705
-20.1966721322614 9.62230651253899
-12.6149443664293 -13.4047892799736
-11.8627333336397 -13.038874330332
-19.9659532728189 -2.83244853744918
-11.8433547129541 -12.3538583786359
-23.2343310672854 7.85653709651092
-14.8780539737624 -12.2716905644367
-24.6312325966318 3.31683594714609
-13.367178065011 -13.7871054707375
-7.21541052170528 -12.9027060521781
-20.0633941191179 -0.573782871068475
-14.1127384987208 -12.6521346365992
-23.8892070159074 1.40638246118329
-20.236900628501 8.03154872533887
-6.75869758694757 -12.239122721779
-23.9689195438635 5.99526304341392
-23.2358156056815 7.11791326868208
-23.9470841950663 5.23105738594779
-23.9247479230121 4.46346624242627
-23.9073995111877 3.69549387377199
-23.8962808024743 2.92901868414957
-23.8915390037713 2.16548622950085
-22.4775826532775 8.2301052633317
-22.4474486469172 8.92819053837988
-6.68732972620317 -11.1844404323501
-23.2271483933276 6.3655120252468
-5.220268310434 -11.1469660617529
-8.74144838738373 -11.4862455892226
-12.3792794976935 -20.6621861110211
-22.4834283232315 6.74239591454122
-21.7355941425855 6.36403197666044
-23.6565207981549 9.56081118277597
-14.5111920369662 -9.15515599966222
-22.4747293414492 5.98014255036462
-22.4868205536576 7.49488742299624
-23.2168382762381 5.60861314388467
-19.0579561918567 -8.62076081516881
-21.7334533801336 5.61833923650883
-14.3399932203854 -9.78623157980479
-13.7529078013862 -9.452806730318
-22.474496872068 5.23751447933032
-1.79991324632806 -11.7351619129747
-13.0547463383825 -9.68491323423424
-2.36560421456638 -12.1452078268813
-15.1081585355144 -9.48378032668896
-22.8803387184071 9.81460206588265
-23.0654995924018 9.21168006856376
-22.3680545115171 9.51227512101202
-5.14091372040201 -11.7033041337212
-6.31527060546368 -11.6785350423296
-5.99228566803186 -11.1037548159776
-15.2873954043013 -8.89546579170315
-2.98103184197921 -12.1449281425508
-5.69315491486081 -11.692370494371
-4.55544161538315 -10.9683255205739
-15.7699654911704 -9.19897326327114
-18.2583071926826 -6.85877884895737
-14.4995116636341 1.03248493896753
-13.76018291394 0.998624326959431
-14.2049284874434 1.76559307603379
-18.5771804214434 10.5448139056741
-15.4045171499595 2.32808665864701
-14.9492124099768 1.67026184949457
-14.6541273699249 2.36294118322725
-13.9084034593893 -1.13962220649242
-13.9725061950316 -0.541384203959893
-14.718914479858 -0.796736510534577
-17.9014543337963 6.00958251608116
-18.7698818359117 6.40756490578446
-18.7274889227586 5.62643432855943
-11.8602418168746 2.01006713995107
-11.0852665775836 1.86216274660437
-11.4260535199546 2.44290985432051
-13.4476999954256 1.52507633923331
-17.7826543556909 10.5253193609132
-13.4833173754021 0.476534271833432
-18.0630288968552 5.16498881486616
-18.7714395646875 4.84488812457565
-18.1221095206022 4.34801919031451
-16.4481358013919 0.513049421397849
-15.6334934133338 0.466212156692879
-16.0889098926634 1.12740720202319
-15.2390087672676 0.992099465819241
-15.7584805553076 1.75400097904574
-14.5911144163567 -1.45141552467667
-18.9484147229459 2.93280044118265
-19.3710213099987 2.18258347159846
-18.5225250222052 2.32474975012493
-17.889100630842 -3.98590400507629
-17.5668519852738 4.76991018137796
-18.2302549697913 9.63261910432067
-13.2315950865562 1.24888303211929
-11.7116065143386 0.945778491715288
-12.4082487220462 0.680163514095069
-11.8230308976639 0.404568123503655
-17.3336122710219 -2.91290961433267
-17.1683327589076 -3.85871726184416
-16.5365062741432 -3.49643085921448
-19.3304876465395 -0.246299199256703
-18.5538221585027 0.0077280505884146
-19.3373279968433 0.477455791219477
-14.7328103175008 7.11447136895542
-14.0382380760617 7.3376617428075
-14.6670379702836 7.94645749640635
-17.4941949717644 9.52654323691085
-12.9787991727654 3.78470527185368
-12.4231074550421 4.41686988189537
-13.22081636924 4.41381386435645
-19.6313032825643 2.8930223580937
-14.3583391035613 2.99465824499033
-15.0683245363396 2.9529558296207
-17.8834037222083 7.34060192717532
-18.292544172502 8.06137976801501
-18.721693939143 7.29142783794939
-12.949627829551 0.761928554527119
-18.754435571118 0.719254487176709
-18.7626741619633 8.87007970170273
-18.917186061147 9.75350233857475
-19.5145603961512 9.28859592181175
-15.2341096525584 7.64012829929126
-19.5107095512456 8.46871039792975
-9.86739192122012 5.02216938946958
-16.4307200761517 2.29057143406738
-16.6700047107887 2.71000756639101
-9.3432927085702 5.18815552133479
-14.411167115539 -0.116937080563201
-12.3287669366778 3.86008312824303
-18.0298393629539 -0.729353225300042
-18.4968276337635 -1.39709500485275
-17.5917277813881 -1.41680376969066
-14.0145852932238 2.51239138766459
-16.5229009743954 -2.70417052742159
-12.591221829473 0.466420167605744
-12.4427843836254 0.059103485757678
-12.3749565029665 0.969497201954326
-12.2128269990785 1.23010519794936
-17.4480759707711 5.07992085351426
-17.0943260561108 4.43497882010995
-16.7557375077458 5.09615061003213
-18.971784828852 8.08389234142978
-15.1883651793224 -0.162697160103709
-19.0828019778274 10.9012242053573
-18.1462114903801 6.74249222745097
-16.0277369610876 -0.097541727450866
-15.6292105058336 -0.757144986500241
-11.7498746805851 0.956255932928611
-13.460018075156 6.75732032200137
-12.9312404760667 6.13428610282437
-14.0993048984821 4.36094854322074
-14.7043789777014 3.94387056223736
-14.1833166386373 3.7117613102492
-13.5937799915024 2.06795567442
-16.7215296682917 9.32723602451628
-16.33675644636 8.52063197653789
-15.8869138968785 9.11723447511331
-12.887715367305 -0.0327762715368947
-17.9211438118008 -2.08796186323327
-14.8861867196174 4.46311284799513
-19.4708689986482 7.6134144957314
-17.6656593429577 4.60989393153201
-12.7414856887273 1.49450483008285
-13.0178268762986 2.01681455871892
-14.8892898548042 3.37140882120336
-15.2896253877758 3.90576152957488
-15.6275309919988 3.3465463591271
-17.0211272071104 3.25702025725754
-17.6293138348303 3.5279881765361
-9.06783732401881 5.62130380975531
-10.8083731929874 4.54215623335125
-11.1028902946221 4.00837376965365
-10.4876546171883 3.992802226402
-10.2309898742322 4.52067947706604
-14.8276670103138 -2.07528121267279
-15.278330467738 -1.4047371529567
-10.7900570745704 3.4491022407594
-11.4103989110083 3.47045157980982
-19.1218344806245 -2.5767473170019
-18.5028700732999 -3.27040887366538
-18.1963423384496 -2.73460931974213
-19.4277823723919 3.6609153033761
-18.5543001967394 3.62589551741345
-12.6833198550833 2.50289536567333
-12.41402023405 2.00285751132928
-12.050507364423 2.5091379379713
-15.5860979007642 -2.05173066168088
-16.0095305475999 -1.37916305118406
-16.3172440977815 -2.05028566365022
-10.5203938592054 5.06194236136081
-15.2256655520247 5.05668673425812
-15.6170953914501 4.46258823081261
-19.4828909601554 5.24765801958413
-19.4901292492122 6.02803264073943
-16.6385152665038 3.849302405585
-16.3124734640039 3.28586562568929
-15.979300208599 3.86618744536312
-18.7451860828505 -0.657144325369225
-16.3375773127147 4.45502053479593
-17.3402276730719 5.36273848190557
-14.4204992348255 5.02811851146021
-19.4945474109805 6.82070862906446
-19.4802715637324 4.47844572669098
-14.7587360409499 4.66034495101439
-14.3815491784884 4.09972842566421
-14.0380922458859 4.62704163248132
-17.7679580683195 -3.32243737743047
-11.7215621246314 4.00750301420007
-11.4068032599789 4.54837255388487
-12.6691009483399 4.56275104154615
-12.027696318095 4.54498695612741
-12.3127333632778 5.06328657399854
-17.7273344254085 2.34311424302563
-17.3503821364321 2.99567247288531
-18.1464274250853 2.98194544242743
-16.370358814461 9.80140743948521
-12.7711278600281 4.98864816117903
-11.9191331512036 4.98612942192102
-16.0083561218949 5.08301362870643
-19.4657671812821 10.1616101083827
-14.71850289432 3.54355807762337
-15.1106132938059 4.10013004554273
-13.6632074453029 2.79102731463318
-13.1217280066702 2.4642092314405
-13.0615145983162 3.07160562109774
-13.7711501302725 1.5482933185277
-15.1413407313402 6.46037000408135
-14.7649246431235 5.81953736610573
-14.3635354525329 6.3866909490125
-15.4637002803295 3.53111166106173
-13.601459707087 5.00430985477298
-13.251436083749 -0.549683955716474
-15.1440643714201 8.63013700653362
-15.581066080467 8.27142396790994
-16.9377497086226 2.37535076467765
-14.3050082474254 1.84652464900641
-13.7117278422602 2.1639973964292
-19.2971483782735 1.29667193364434
-11.7000372147272 5.05946712685826
-12.1279165964129 1.48815587363603
-17.0136269471046 10.1354199125519
-13.1744686843371 1.86606080753764
-13.0580098028767 0.983764333606277
-15.8189701316796 2.95567631573932
-14.0259601659634 5.72182065187825
-10.7759178175346 2.36234735891635
-12.3582260958628 4.02711721887724
-11.7176359499502 2.96381344495683
-12.0406747975487 3.48659187289134
-16.8365050784399 -0.0947286757231611
-16.7292578170691 7.93287325960136
-15.972050365627 7.76710754886342
-13.6209653948553 3.93646555420056
-9.90579030971695 3.95892362282493
-15.9793298904087 2.74723046844487
-19.2667499452768 -1.76603289460155
-11.1170736517562 5.07360546466435
-12.600430610206 2.14425749077777
-14.2661585348977 2.47057062665543
-19.3230514750766 -1.00011997262137
-11.092128637995 2.91861568746295
-18.8791718313815 -7.30500239731562
-13.6240769212351 3.41265345782764
-15.4247314737612 1.8278948023533
-12.3551302094525 2.98879153684942
-12.6857638660527 3.51515364854477
-13.013079994166 4.05675769471206
-13.3330199764576 0.463209640837461
-16.4036395114175 -0.727920674422759
-11.9416102706762 5.55335794976977
-11.6581399885711 6.05179348513825
-10.5652243278851 6.12811297459762
-10.2585631675609 5.61134116634328
-9.97828493897001 6.15012069972849
-11.6242925489005 1.52481787271094
-15.3240588463568 2.92389958311511
-17.0948306297262 7.2976281146713
-17.5034963773026 8.01984860005192
-17.1042637507909 -2.08800271122738
-16.7686467187921 -1.39725151293077
-14.0689664841719 0.451244460350351
-14.8089453862785 0.428046796446073
-17.129307443151 8.70749119904866
-12.654223007907 1.58608199168225
-9.66699405455984 5.63467942709235
-9.383362202964 6.16178906362052
-12.4784593241279 3.34346448682599
-15.4955166179819 4.70356657329204
-11.3982853792287 5.5723868004507
-11.1344096710171 6.09513127774255
-16.2158110196841 3.56096024361457
-15.8538467057607 4.13708548272197
-13.6800483565186 4.09183721126431
-12.9732455358825 5.09226857848071
-13.3404422184584 4.59552051673388
-17.7630299550974 3.6054228270685
-17.90906911237 8.77087296336831
-16.3269324076424 7.20996178243996
-14.8247977290661 2.74030552395335
-14.2387668225401 3.10493719340208
-14.017664010323 3.55930909399815
-14.8855556544333 1.52632850986758
-14.8545014642505 2.14840758899027
-17.2076031552109 -0.737863259016488
-8.78483842930768 6.16244182187622
-13.0052010202756 3.00138395556131
-16.6118536611418 4.17752421348102
-16.9519941067436 4.77472592613783
-17.3574426019683 4.19945659515055
-10.8380681304263 5.59968692819391
-12.5656534118686 5.56974027861499
-18.5275158429651 1.22837083768342
-16.8920463216236 1.16722354722089
-17.6903943020763 1.17976952578349
-17.2713482098697 0.548118499604069
-17.649629772424 -0.0781603687284939
-16.1735335074513 2.36989731901027
-16.6910585778713 6.60447024382008
-17.0322716115391 5.99940064225693
-16.2806744066348 5.94857568428723
-11.417910187192 3.32745580363291
-11.9864987379257 3.00987477635253
-11.4847799790154 2.7239017546527
-18.055371360439 0.584311245397389
-15.394545837221 2.42418466794477
-13.7087797924531 6.24789759230869
-17.4531206311497 6.66323533046924
-15.5219286151463 5.88500047293404
-15.9181688108389 6.53830729959166
-8.18554297180006 6.15022022398828
-15.5545549092215 7.12086556555482
-13.3303360991176 2.50401295950231
-13.340569914717 3.54612297608058
-11.3401098692312 3.92341423781155
-11.9226108661802 3.59637599380528
-16.5321762431799 1.78426741648369
-16.2348804864208 4.74584786859487
-15.1380126227153 5.25983757326342
-15.8811323926912 5.31467076866496
-13.6759507367174 3.03642604063972
-16.5790722332647 2.97613847648462
-14.4006869491924 5.2027940603729
-16.9810790767536 3.58937915779228
-17.6224712963922 4.10428561413507
-18.1156598747721 4.41149647984077
-11.2306446287608 4.49749385398604
-11.8419777631546 4.15718113254051
-13.6441215794724 -0.0539455335931376
-13.6766103513134 5.14358698520738
-18.862457312075 4.19261185422948
-12.0897083096353 1.81773860976231
-12.5445216225881 2.72833370188144
-16.6115303930643 5.36506669573506
-12.0236709636263 2.41612990729701
-17.2912984818117 1.776382766912
-11.6944017246791 4.61302531548143
-18.0941016610886 1.77477776740635
-14.1651114032621 -1.75037474438263
-18.7623968880983 1.761391250183
-13.3046011143297 5.64187743789476
-17.2009501207106 3.83426270266838
-14.1788753721558 6.85044682776261
-18.6034387438463 -2.12895309346288
-11.5511273560148 2.12067494533531
-15.9342279597774 -3.12952433134071
-18 5
-11 5
-12.6766988989319 1.14215927753913
-15.3671417142392 -2.67825481340139
-15.9451314277335 -2.52353162037365
-19.5995217672962 10.7814048649649
-10.2452347891311 4.01666794484532
-10.4529125333278 3.37971891162943
-9.86962508841179 3.26039104454197
-9.62144029825621 3.84708292156352
-1.95364130548314 3.48234897388668
-8.81241427639513 7.19450549496924
-1.26822926604743 3.77420841974468
-1.72260054094051 2.96495722891633
-9.12068786743898 6.66416840057996
-9.52220819482183 7.35861433514775
-10.7085305968061 0.316959460707338
-10.3251403826894 2.63495651425775
-10.9483574575587 3.02471998545434
-8.63074191677728 4.43929792908446
-7.8795132634823 4.22392289035146
-8.31198450865862 4.97460544821686
-1.03437411282781 0.193213074037148
-8.25769834687131 3.77438727243434
-1.73995786753868 0.0505442059871853
-1.54783822023623 0.701904004636221
-2.20242881828868 0.632807079130455
-5.07395985577688 2.36546706201124
-4.68386289727567 2.86741350194578
-5.47461772969564 2.90522107028904
-4.31218246387811 3.34219371022145
-3.53339165970009 3.4020040576261
-3.98970334409054 3.85086861367979
-3.13736517245455 3.91374112787992
-2.35726704532162 3.97082682725066
-2.7162648491571 4.4372318439189
-2.47730475657793 -0.0442884881046774
-9 6
-9.06060364631384 5.12127559748011
-9.45475957704746 0.76145797363459
-10.1474024680239 0.82388041404802
-9.94150347379207 0.182155164580922
-10.9590082298131 2.42851224779384
-9.70074852931035 6.70991460407462
-9.14580191039106 0.0950212614292212
-2.95564844671227 0.569113228293786
-5.12303924809335 3.34011933672055
-3.85818354267735 2.88617557498626
-9.62411058845848 2.60982985780473
-9.28936581192234 3.21519609692529
-2.70934235568861 3.47303034226581
-2.32148997416011 1.80986338094591
-1.69022136758342 1.86825274996254
-2.01562403518734 2.4040589253936
-2.71856083218976 2.37310922594437
-9.97857830925449 2.01603862446127
-8.67669608755456 0.686145382661927
-8.32878667462278 0.0111415644173327
-2.64440578550451 1.20286810253522
-8.95005406917631 2.57474776655588
-9.34495635423818 1.96902529147331
-9.89983868472719 5.41020908090409
-10.2268471787277 4.71692743939723
-9.65705131281453 4.91742959983997
-3.40646761537506 1.16442674126821
-7.86983711531985 0.614001571711321
-9.74857353894942 1.39289625511042
-11.1298485396538 1.22517545230599
-10.4554270965744 1.44511076392171
-11.0723944680974 1.80253392185568
-2.36597264739344 2.95669485544509
-7.43940092775308 1.23104073078544
-8.23530141883078 1.28348683340336
-8.59648265140173 1.93185144851486
-1.96021723650455 4.44298450962836
-1.23768185675948 4.40906983233616
-18.0304075342735 6.54619345688823
-3.06800859642075 1.77694459100798
-5.37949497823046 0.516618360797557
-6.22115901447095 0.537332822618912
-5.78786287968893 -0.122096114781916
-8.57676781171144 3.19669858492917
-5.81675884367167 1.16377365245053
-2.26249158989773 5.03067798464326
-9.01119397565746 1.33980004344682
-10.4798443477262 5.21658470099797
-8.20356318001519 2.54156440702374
-3.48153353009367 2.3615638993647
-18.0581856400468 5.80569968941119
-9.35876215309887 5.65052630751524
-1.92917627877262 1.26105474776756
-3.83909034792263 1.76192496198337
-3.26657045143411 -0.0963819014357949
-3.11769177695561 2.93879454793388
-3 5
-3.52889412283908 4.42160801138813
-8.93892475024465 3.85717290137819
-7.56625724715753 4.69784000563629
-7.10427021185364 4.01278539921789
-6.76403883842511 4.53870508126236
-7.20724368358848 5.16797238138566
-6.40011041810231 5.00715708812124
-4.93033970197803 -0.133302840645365
-7.05240125264393 0.569020043866065
-6.63185739928487 1.19353208209415
-3.74492725962734 0.530961261522822
-4.09135828378647 -0.122394021624228
-7.82449762566972 1.88754244162457
-4.34236800084001 4.39545663863705
-7.43379730180163 2.49682352426885
-3.96239088946896 4.98275608748739
-5.96197075774116 4.4396986078692
-6.3282773531728 3.92462196840203
-5.53784954924546 3.86808484416615
-5.15823967311985 4.39831382737452
-4.74522599170873 3.83724044947725
-7.03525482633944 1.84297635580672
-7.49522071545163 -0.0606805358731087
-6.6470625851509 -0.0997946000654849
-6.65222756229934 2.44596956171219
-4.55594705049415 0.515652803888218
-7.8330145439319 3.13385197633664
-5.5928785650983 4.93302023056795
-4.78580933049379 4.93255787081068
-7.05933595931215 3.08117542265242
-8.02754918078414 5.44557774904098
-6.23477629356 1.80499139646977
-5.86594488589217 2.39927972426549
-6.28720701822458 3.02903599184
-5.43094996681077 1.77720665604962
-4.63021441017551 1.76253392581384
-5.00102640323913 1.14722421523761
-4.19593697881203 1.14751775459002
-4.26614957312338 2.34455511416245
-10.5448378669433 2.10344992342704
-1.24143232445337 1.33510489179194
-0.63549777913042 1.69137291942219
-10.8747159677705 6.60729384604463
-8.48904584087014 6.67328391336421
-10.872937884156 3.67372327364113
-10.7688062300867 4.2680850050405
-0.682943173354637 4.0836090921731
-11.3792370659612 0.239121667334433
-10.0339149642228 7.13347786500606
-11.2329059236568 0.637980912736888
-11.4514478689425 6.55364293185965
-9.26970063833237 4.42808352221
-0.452752043837689 0.146419313678409
-7.46866157365203 3.60496287146013
-5.89352985636046 3.44966332607041
-18.5946246237352 4.54848148670926
-10.7467157639113 4.73744047479125
-1.77103245120565 3.97102118942035
-9.78175473433213 4.33043411894308
-10.7507472826538 0.879097512520561
-0.976027717056795 0.769018123062625
-6.68760798568135 3.51358605170506
-17.6158065740156 5.9485116405102
-10.3419219015009 5.81773543601831
-9.42108310745421 6.49424539434357
-9.38446595291642 7.33344669066198
-9.91854051258752 6.88210794660705
-8.13064710174776 5.98459294387727
-5.13758939347154 6.08573941662777
-4.77606822840517 5.43245823492651
-4.13951855977491 5.60663956626163
-4.38393253635054 6.19431428212414
-17.093520828665 5.80092275614884
-12.4402268500777 5.57437037814578
-7.2862956834686 5.79984440576597
-6.42990555772408 5.81877626011222
-9.29202760416838 8.0964463250592
-6.70326587060945 5.43002392849554
-5.62310140944796 5.73143957337973
-9.87220777998504 7.68247326708314
-14.0365542846858 5.59598316054907
-10.4390468016844 7.20144602241854
-9.88167905547652 6.08893870906699
-5.33128852652704 5.29187350974117
-16.1163206740054 6.29674273291435
-5.69338968018032 6.72607783411026
-14.8504567547244 5.64606177850324
-15.6609441443065 5.69083339858232
-6.53168856543801 6.78801224189094
-16.4288131478658 5.72447511901589
-6.06654633043442 6.17799377352677
-4.14672846033923 6.61894678885181
-17.485907488717 6.52324537659182
-6.02040161719702 5.40525714075752
-2.05764813052861 5.70724292795935
0.0897236032170169 -0.913604084478453
0 0
-16.1194555415206 12.1847516042284
3.87510831295203 -6.74515164733941
-15.7564507085629 11.2867668036468
-15.49962849108 11.7988494361633
-19.2257794031591 13.3015057027009
1.09442671556794 -1.98262273484005
3.87678346279136 -7.4651955098192
4.11945554152061 -6.18475160422837
2.94691167589956 -3.80425421067173
1.70281080363943 -2.57068734441512
1.90024244984974 -2.00342983148217
-14.3209821325804 9.17878489795355
-19.4651955098192 14.1232165372086
4.53914387827857 -7.89194020795339
3.72845537791748 -8.14088630876824
4.35970925378566 -8.54151390014642
3.55359460088475 -8.80789113676295
-16.8167324751393 11.7659953528369
-19.7374344184718 12.1694871208298
-21.6900376190804 11.2415481079106
-15.6143271976744 10.4701979553432
-12.6760015190796 7.36250983817535
-11.8087451870515 -20.2166498893262
-11.1983003796135 -19.7265818444575
-24.418381906345 9.26180683075618
2.28549153491756 -10.4123068338468
-11.1375624977988 -12.1531832110906
-4.13278803645257 -12.8845484657943
-15.7033805870199 -10.4255527066556
-11.8444150959193 -17.6334310341319
-22.3289208918936 -0.85585727150354
-11.9472139889765 -15.3221369791578
-6.43798881673444 -12.9344581411439
-21.5218188166378 -1.97710539532051
-13.2642043103604 -18.3916772136491
-17.2711929058354 -9.63679419596466
-11.9203245480653 -16.0934813624823
-24.7525219427779 7.13732400404229
-23.1051289046056 -0.470118728721458
-13.3291660219235 -16.8564343757654
-20.7288070941646 -2.36320580403534
-13.2970240278465 -17.6261543227541
-13.3687674033682 -15.3168359471461
-13.3540279737918 -16.085949435331
-7.96112566966795 -12.8627333336397
-13.3727119748427 -14.5502757830723
-23.1219460262376 0.271690564436678
-11.9027060521781 -13.7845894782947
-11.7984269365426 -18.3765054344563
-24.7366490286534 7.84575743615031
-14.1084609962287 -14.1654862295008
-14.8631972574037 -13.0275116090822
-14.1107929840926 -13.4063824611833
3.34347920184508 -9.43918881722403
-24.7145084650824 8.58769316615317
-18.042139738344 -8.50351292002313
-1.95185036575739 -12.6130403573633
-17.3792391848312 -9.05795619185674
-1.27341815554255 -12.1983003796135
-10.747947835374 -11.6303686161867
1.37927949769345 -10.3378138889789
-8.27290736381995 -12.1378389853758
-19.1675514625508 -7.96595327281889
-11.5234657281666 1.48331737540209
-13.8621627466044 0.914733422416406
-9.70942856593262 4.43072007615175
-11.9408965142423 0.442784383625388
-8.74297974274246 5.02112720711038
-12.9562559329286 0.250125319414876
-19.3050023973156 -3.12082816861851
-10.1721051976467 3.42473147376118
-14.3623473589163 1.22408218246536
-10.4736714901324 2.88555565443326
-15.9589236228249 2.09420969028305
-8.4720118234639 5.62931383483034
-18.0140959949237 -5.88910063084197
-18.1502202239883 3.81445702819994
-9.28999243360899 4.67000471078875
-18.7295911263346 -6.50287007329995
-0.664168400579955 2.87931213256102
-1.35861433514774 2.47779180517817
-0.805699689411187 4.94181435995316
-0.607293846044624 1.12528403222951
-10.3086270805778 6.63549777913043
-7.9163909078269 6.68294317335464
-8.22579158025532 7.26822926604744
-18.6829431733546 4.0836090921731
-0.570530945037543 -0.35435731681156
-18.4515185132907 5.59462462373522
-11.8535806863216 6.4527520438377
-1.19450549496923 3.18758572360487
-0.6732839133642 3.51095415912986
-0.59462462373522 4.54848148670926
-1.13347786500606 1.96608503577718
-0.709914604074612 2.29925147068964
-0.553642931859643 0.548552131057505
-11.013870578079 5.9191331512036
-8.98459294387727 6.86935289825224
-10.4256296218542 6.4402268500777
-13.2014460224185 5.56095319831564
-6.9035536749408 6.29202760416838
-4.88367932599464 6.70325726708565
-15.3066103198197 6.27392216588974
-14.468311434562 6.21198775810906
-14.9334536695656 6.82200622647324
-13.6824732670831 6.12779222001496
-14.0964463250592 6.70797239583162
-16.8532715396608 6.38105321114819
-1.38105321114819 6.14672846033923
-1.52324537659182 5.51409251128296
-7.66655330933802 6.38446595291642
-3.70724292795935 5.94235186947139
-1.54619345688823 4.9695924657265
-0.948511640510201 5.38419342598443
