1154 2
-4.12848239454795 -4.93882116761347
-3.52752792275798 -4.20722255941967
-4.27341393352287 -4.20008263002048
-3.22809108575794 -4.85971257943555
-2.35422665667427 -4.78733234358119
-1.28698403930008 -4.75726428506835
-2.01620250668769 -4.17678377005028
-1.87320792912382 -5.41754561056557
-1.54282912389822 -1.69154788305263
-1.56204759989575 -2.32825350737783
-0.702850287351426 -1.58076594775652
-1.850628150561 -7.76867432424052
-1.77490248567506 -8.67419982105737
-1.18320435895246 -8.15598186657748
-1.69034852365592 -3.50417355502454
-1.27948811540694 -4.07207720995712
-0.747918868475565 -3.30564342819674
-0.787298759497445 -2.43208709595625
-1.40971659219977 -2.8807884135508
-2.33764791178136 -8.19974134213397
-2.94624418156957 -8.13168362240649
-3.28472825132787 -7.50530551704205
-3.76215904370672 -8.14991496331196
-1.31409553869854 -1.04558540860437
-0.476921199598464 -0.767412798532417
-3.25638000054422 -8.84147505822271
-2.69056648516028 -6.44899572881156
-1.89359547276573 -6.09758837578498
-2.75950397709919 -5.59378861032591
0 0
-1.1611773711261 -0.322954308900057
-3.46501423071174 -6.08834128492569
1.47675541959287 0.805569454702989
0.796000971617166 0.100261099332203
1.42507626691056 0.0409689092043818
-3.91074047163092 -7.38845969844179
0.723078764540555 0.634929497718726
-1.31844848789456 0.443987147360465
0.625260799519433 0.725631216566347
-1.07604424909469 -5.58703703750073
-1.05965953099069 -6.44153375479749
-1.91925192637269 -6.86951721950766
8.88178419700125e-16 -6
-0.445249067803713 -7.74107100698793
-0.562142857536305 -8.62917348318418
-1.14286433321983 -7.30430867112396
-2.63660025382406 -7.36123582624926
-4.9518295566856 -5.40330210886544
-4.90091898823137 -4.69130880711289
-0.359875493480359 -5.0592119476717
-0.256023462154969 -6.87533023571827
-0.603303993812098 -4.18220264269612
1.56113153638059 1.01561515263193
-0.730888320153583 -0.371195177574707
3.37152824188246 1.36103840734585
1.00357503968992 -0.337594529750473
2.45349866451208 1.25304753456276
-4.90378859303507 -3.92515266816166
-2.11655733860597 -9.54082420363824
-2.53585929399413 -8.79803856567122
-2.89841849248968 -9.54170292440508
-2.15285239189086 -2.96674497101108
-2.17504765200059 -2.17371033296611
-4.38386972531399 -8.68128674224128
-4.47963082906573 -7.83424048989159
-4.66949249397806 -6.98240556743931
-4.10747738915218 -6.51548705883403
-5 -6
-3.34808144432021 -6.86963293615525
-2.45644269888549 -3.59417108303488
-2.80346126750513 -4.21675166448977
0.08523855492305 -0.116389530290718
-3.65939049150112 -9.53953479543563
-1.33947257489248 -9.5371746089533
-2.88090034633801 -3.00580523785311
-4.2946046073915 -3.08580616830806
-3.88300273128023 -3.66219187548798
-3.59347070267459 -3.04424022555209
-3.18188581930541 -3.62713229552518
-0.214257980335292 0.535485739522949
-4.20264759493069 -5.72497304178555
-1.05362582233021 0.2678883316306
-1.13045678765291 -8.87720252550739
-0.601022646884699 -9.53207178804055
-3.5793361750186 -5.40507483981898
-2 0
-4.45686305484066 -3.60614512358985
-4.97918627549789 -3.13383787514065
-3.84889899010063 -8.8981033220233
-4.36852384136566 -9.5350740764641
-1.97100680037291 -0.675146732464699
-2.0979168569597 -1.40274552202264
2.18498164933329 -1.80336763471227
2.62552827851032 -2.03002587520472
2.6921775562932 -1.58306683572065
-7.69620778477473 -3.98946431853419
-8.42857464994731 -5.30266690671003
-7.6980398796439 -3.53559416574548
-7.30280069613973 -4.0366168576367
-9.57320741066628 -0.983174919489453
-9.58753206201719 -0.497863496357656
-9.95536457134277 -0.795583760823323
-8.30012427633324 -2.57026554184508
-8.19714948310941 -2.96564799184097
-7.77076010118689 -2.89613752117559
-7.91037567818882 -2.51489704638867
-9.17399668993322 -3.21375314394938
-8.0069942732076 -4.68860104111114
-7.60299545082834 -5.06932036251345
-7.51303129223399 -4.61612155815672
-7.03082976905749 -3.91093739312018
-8.27655138606017 -2.10029621085319
-8.44086499613941 -1.73866980854965
-8.05968816367508 -2.11494659128074
-8.39143322818004 -2.14030999201648
-9.63691238764671 -5.89753190585635
-8.13202889451647 -2.76254888154958
-9.23751135035625 -5.70504071157911
-8.44995992829626 -4.07131883890063
-8.42894239347226 -4.4828835024362
-7.96207408652287 -4.33542689701531
-8.003275323405 -3.94514395396868
-8.44913067913726 -3.61146369008702
-8.03142094416991 -3.57864694626078
-10.6896290463702 -0.73177215298577
3.00110208982211 -4.7184579781683
-8.14793192239684 -1.96440908058065
-8.72547371172183 -2.01141116854123
-9.18926627005727 -1.9300209013895
-9.14096664515222 -2.41594575227892
1.88223642025583 -9.51334266782322
2.31434833750398 -9.5115410549411
3.13939481098386 -3.8077791884897
-7.73504797943606 -3.30353534940151
-8.42627509326115 -1.30845485314727
-8.2038990788116 -3.30035726218394
2.38582528799191 -1.29030185182792
2.9064950302428 -3.38373476304687
-7.8687933074475 -3.1404448852901
1.78997971712144 -9.20887362082415
-10.0644631683668 -0.369557209697649
-6.59970253623384 -8.89285348738712
-6.96804743615467 -9.12590623592819
-8.23213871953657 -2.36130197759943
-7.93538258887397 -3.72876142793676
2.66073619846786 -0.830101421652951
2.15714988601901 -0.896586809411229
-9.58698194614547 -3.11750123499327
1.87029834987096 -1.36427495118998
1.8736465576589 -0.900610871738521
-10.7336897876779 -1.65846947565256
1.59236066445196 -1.82783390492762
1.33954694378891 -1.41886432873118
1.81205975645826 -2.2317988290249
1.48797364358956 -1.18047987803836
3.02184494995434 -4.30936061385551
2.66996111565667 -4.12254065167808
2.52232209390654 -3.35037003259775
-8.84414224680161 -5.4932495404437
2.32457503662849 -3.67092166222577
2.5072188230958 -4.04094210205813
2.71192528209988 -3.71940678689812
1.93622534855893 -1.38415653495905
1.55982387503574 -1.65653198088987
1.99552462775475 -1.84769593254933
1.61405100787749 -2.11286237450279
2.66141239082354 -2.48350625720429
-10.3031618089108 -0.653281401754065
2.48290582259093 -2.48324333126315
2.12628603385855 -2.73097280826117
2.54827027680313 -2.90883413086792
2.21002823444435 -3.15063096033706
1.89808738765094 -3.39424230183428
2.29338704724453 -3.55254670385515
2.61152373939146 -3.32341583333373
1 -1
1.13483906366279 -1.4808587844793
-9.95453934752758 -1.21805260177963
-9.55040448305851 -1.44562546441844
-9.22920850800483 -5.29839142246975
-9.61571371483743 -5.50184458118832
-9.92840250360879 -1.66442422229579
-9.68499555119906 -3.86527346420296
-9.73481174915434 -3.43879295195492
2.90187148718787 -2.67355776554129
3.02058264866714 -3.90907865892344
-9.60688391431003 -5.1014176680845
2.42438675889847 -2.0418929606849
2.05139937715024 -2.29475273144658
-9.51785390117356 -1.89396353678647
-9.57902996120028 -2.67407114921185
-9.28332449426006 -2.86906855780001
2.14213060403965 -3.9414380875616
1.63210142846539 -3.65227273032731
2.0389523526407 -3.7805615452853
2 -4
2.30146392751364 -4.32208025420114
-9.61678371039262 -4.69576907768462
-7.49892749006229 -4.41524892104315
-7.68584568962135 -4.7999433676771
1.17711674568993 -1.93565245008177
-10.3450877561208 -1.43031236223075
-10.3437011778968 -1.01588522931837
2.84565189905979 -2.24086328059373
1.22621554700407 -2.38597889476988
1.77461903391066 -2.98292569519218
1.43418400023824 -3.25528092199998
1.52483118201268 -8.67941164131333
1.44644050141667 -9.09105164182512
2.88230764906624 -4.12463475307113
-9.88751740948019 -2.11620736034699
-8.88372320269926 -1.57127216116296
-9.35229451851179 -1.4968213802843
-8.83767163095495 -5.09373785303678
-9.22832777654891 -4.89226452264299
-9.15341833388426 -1.68201950288019
-8.79528492254525 -1.4812424109684
-9.1818422781107 -1.24643523291479
1.68252333897822 -2.55566739380668
-6.23538392303944 -9.09245182326535
-9.47282337740642 -2.33682960724765
2.95466550273891 -3.09499542475174
-8.92480320898777 -2.82477297954198
-9.11386563715284 -2.12004609613006
-8.83887179101679 -4.68230547219531
-9.8392721055005 -2.56310914041594
-7.31548078489344 -4.84221855746429
2.69510969657047 -0.89207974426145
1.63545320780156 -0.975883772132233
2.34254315798839 -3.94115153505103
-9.24279879397368 -4.48024544353964
-8 -2
-8.43476087703153 -1.71485682701507
-9.78696362195265 -3.00448264805541
2.7927715261934 -1.7987024331468
-9.53083829932218 -2.22783447193419
-8.58360324509439 -3.17099017847814
-8.99689861237879 -2.9839941856376
-8.94290743458658 -3.40998612552324
2.65655660561211 -3.7263938184934
-8.44376800922465 -4.87448335182653
-8.76840224618143 -1.91430496884785
-7.51046911130779 -4.1990797930102
-7.58597252879201 -3.75997879859598
-9.41994538745553 -2.77545534048052
-7 -5
-9.36490304736984 -3.20920905327488
-7.03627242287502 -4.42367837756482
-7.07141033037466 -3.96301673861182
-7.1439916386381 -3.52494998418045
-7.25835771264872 -3.0986805212337
-7.42072400569897 -2.68995757143182
-7.64394999463272 -2.31215888195055
1.30746790177175 -2.82883849987035
-9.31386974609788 -3.63811913299082
-9.05923580334083 -2.55366429888489
-8.64024863742955 -2.76348275367359
-10.2590071756478 -2.34811465008148
2.99754666791422 -3.50592563998198
-8.71362482206051 -2.3404362272533
-8.89138334701351 -3.84016043286638
-9.27188326682885 -4.06193840247942
-9.64368031640428 -4.28408656113132
2.31774934905599 -1.13216089644401
2.37224991167335 -1.59298820442993
-8.85696178490408 -4.26549926080659
-8.50583509583237 -2.5498498449402
-8.50493376073199 -2.96332447292318
-8.50936853274776 -1.73072320864938
-8.50743609794378 -2.14023538910798
-9.82205092082036 -0.00307668323501531
-10.2759493193821 0.0194148295280189
-9.92005264699341 -2.46476160614074
-9.94971955293597 -2.92225515539426
-9.9745174740906 -3.37247985385132
3.04426816704897 -2.26251340106812
-8.50517587882521 -3.38234893188786
-7.18962627409104 -9.50697596125011
-8.21406738467294 -3.60788928389672
3.07355893086589 -1.78987795419115
-8.20926153314409 -3.20651399238749
-6.74885058569867 -9.51020931607415
3.11041551540196 -1.30190731680555
3.15684716324156 -0.791164264743345
2.78764743373027 -1.17771541367873
1.42062736920788 -9.51719663122745
-9.88330839128853 -1.98989711821241
-6.2890710138175 -9.51527183834911
-6.59130714168109 -9.21268725554605
3.23687983275935 -3.44290526068733
-9.83687129665655 -1.47996265223764
-9.5559977280194 -1.83053799539968
-7.98179278702575 -3.44707059885945
-11.0612309290323 -2.56087854832229
-11.0897501877436 -2.11887635924924
-11.5212227739882 -2.54687870752615
-11.6717153757209 -2.19284170494707
-10.8370483191436 -1.61099268333659
-10.57400168862 -1.92166508166581
-10.6950251814161 -2.27766053377218
1.94502201940263 -9.82447199036068
1.44071015828002 -9.94113031780525
-8.62870186393258 -9.77156137862608
-12.9536580801733 -3.2533663024273
-8.98901629353265 -10.1437692750652
-8.57724251849918 -10.1653047451087
-7.91370135346904 -10.525433654308
-7.4386797589293 -11.4971589389674
-7.57484950086542 -10.1989276054269
-7.951351104456 -10.1532620008283
-7.13104884047236 -10.8895653067314
-6.94954383657195 -10.4964735100918
-7.34642401736046 -10.6275205055948
-7.71632783012275 -11.171112142667
-7.36727334098231 -11.1729543871571
3.52685001131654 -1.63123020527596
2.935792519264 -9.87147303192058
-9.33238074128293 -1.94834020228872
-9.12388903400928 -2.21826912006438
-12.4826375026617 -3.27276104721224
-12.0460098905313 -3.28794326118743
-12.1949333303123 -2.88522913198824
3.47032176290256 -2.5077245170603
-10.72269495061 -4.0588383855105
-10.9620249256044 -4.47717261874971
3.30930841652773 -10.4794194002554
-9.11132604557636 -2.55956227917701
-10.4095390881722 -3.62365641402514
-10.9159966770832 -3.66103380507424
-9.41990999289138 -2.67535618750081
-8.21843769286632 -9.86375200255051
-11.1159994303492 -2.60250345069519
-7.4219743000253 -10.9224607851961
-8.22167773538969 -10.2487513439052
2.61218955288683 -10.1470366268416
3.47569495895146 -1.17594602900584
-10.7021678380296 -3.26800562765015
3.77088920666655 -2.09476404738095
-10.0548343373764 0.329792477335292
2.26874223280891 -9.96345410031967
1.89832554199482 -10.1608581345211
2.26738000811208 -10.3401140690733
1.9448356272047 -10.531815184853
-9.15308449152262 -2.99681244968393
-8.79689123129611 -2.75881506898977
2.02120362892625 -10.8865669089412
2.28314908395001 -10.7226442454969
-11.1736157678402 -4.06430335117704
-11.4204111387411 -4.46017582831605
-8.81122106434503 -3.15250798765114
-11.1432397770473 -3.28641844812824
-10.9311491683956 -2.92433509360238
2.26828013248603 -11.1099900812551
2.26523466238399 -11.028454039785
2.57308641692833 -9.80249828412135
-10.3321725594905 -1.51755041487102
2.92252470095857 -10.9210369304403
3.1588029857761 -10.6067376407115
2.47030973745869 -11.7377432297589
2.67478569993354 -11.2031939733738
2.18685547047536 -11.5072877943612
-12.1434890619796 -2.22422235491058
-11.8025647538262 -2.56930916433928
-12.3369757757607 -2.54455702597445
-12.082135186771 -2.3700554639233
-9.20646763496123 -11.1777643134314
-11.6276954897989 -4.05947157849391
4.02815568052469 -1.69980976436407
3.85514320282639 -1.24249920682118
-8.39634164050156 -10.7443156879074
4.57751994284089 -1.57389197418535
5.34567006637175 -1.80508413217633
1.84828156574805 -17.2241183962991
1.51510952617967 -10.3505381098549
4.29080043961105 -1.28661052037355
-11.7754277891198 -2.89829822471907
-11.9464982978518 -2.52762545824905
-11.3877284366773 -3.67358708141325
-11.8416216393213 -3.6703852100582
2.21885793886047 -17.4567319199078
-11.8498232499286 -3.00578630887612
3.24414755465955 -10.9424266484068
4.10860384825221 -0.814791195671656
4.47332308056991 -1.73030593175138
4.22101481498056 -2.12307456914938
1.66872877605897 -10.7225081331654
-8.75974232584758 -11.2512545976055
-8.03082225667015 -10.5447859094161
-7.62657838449712 -10.3605107736605
-12.0755949245268 -4.04298108640099
1.65185632954837 -16.107472453509
1.54361666855352 -16.54854350469
3.35226686329219 -11.0171586528954
3.64198905270637 -0.784809228184209
4.72930876680187 -1.34416167705864
-6.49569531359292 -10.341028760523
-6.8625330591211 -10.1126237132198
2.60520168682495 -10.5382072895085
2.92569923446507 -10.739377091661
-11.6036594095506 -3.29451574129209
-8.43817299439895 -11.1456688948186
3.20137502679279 -11.3479137488025
-7.4175522940878 -11.212163265063
-7.129674767343 -11.2743289715765
-7.67844390776053 -10.8986360927442
4.55173497416177 -0.88616218896334
1.90647642077095 -16.7881279155741
2.26515492552835 -17.0215455436553
3.58750896586867 -10.6773498208255
4.66641176490134 -2.1513087568831
-8.48056032063757 -11.5546996861507
-8.07888146151696 -10.9416994271121
-11.8674078071342 -4.44071357752193
-8.54968311561428 -10.8907557647042
-6.37169957807863 -9.93726129934757
-8.36377727089365 -10.5411050885484
-8.78780820244657 -10.5105543337564
-8.10798776687972 -10.9049481138558
-6.68439078092934 -10.7062140950038
-11.3636440951131 -1.76086776197586
-7 -11
-12 -2
-12.2905031223661 -3.65726811307774
5.15415797357105 -1.38966230738097
4.91164883897143 -1.76742292650848
3.1532742903506 -11.7606427219646
2.89000807476932 -11.1389001625858
5 -1
2 -11
5.0013465719234 -1.36820410518194
-11.4772594645463 -2.77257190872187
2.40791006601659 -11.4317481536637
-11.3694149816961 -2.91774502865538
-7.85306275996188 -11.2845847130233
-7.72681057912266 -10.7493903525739
-8.30435142541806 -11.2906841685481
2.5862647517009 -10.929998320491
1.47059301667049 -16.9910264728161
-8.52243777733856 -11.9719418895078
3.18139171805649 -9.89636956575163
-8.3968711086315 -9.43581063824078
5.10620974083989 -2.18153619833791
-8.15797043855889 -11.7580057792262
1.33451600074224 -15.8443888513837
4.9814950510126 -1.78777662690605
1.07782273595198 -16.7624087713406
1.18027166200042 -16.3010745746549
-8.60910524185192 -9.05682978363631
3.38719715004513 -10.2797983771115
-8.828384203282 -9.39832389020993
2.96226225142265 -10.2204982256701
-7.23346171963986 -10.3246617740562
2.83960754139239 -11.5460256910722
2.66636718922397 -16.8181142102544
-12.7336737481801 -3.63343237153729
-12.3093476715382 -4.41298123590931
-12.9572426914103 -3.9841142061879
-12.5188165825519 -4.01734113310233
2.54132332056901 -11.3287362354435
-8.11667686641515 -11.3519747873292
-12.7474817429959 -4.37693487324094
-10.2763090682624 -2.72122414101913
-7.44965311920165 -9.82565367743183
-8.80309923075114 -2.34946018692212
-7.03225968480233 -9.79460855004963
-10.2725967621547 -2.24933217256092
-10.2992086805126 -3.15416752122393
-7.28064043270383 -10.0468369612243
3.3923690064309 -2.06594190021023
-7.65317055734758 -10.05013050958
-10.638768324646 -2.61267142149138
-6.68142334962202 -9.80028363680541
-10.1288950587916 -1.77063520194501
-10.5761712907713 -2.93620134162166
-1.78153123305555 -10.3746242627796
-2.56327247398522 -10.9857820286401
-1.8691023963631 -11.3534698678173
4.29226730192126 1.33824032602812
2.07336032942307 0.143401365834598
-4.18736973293863 -15.2582704266001
-3.48524630968496 -15.2039186674578
-4.07394881231104 -14.4037689472043
-3.20727559583003 -14.4543803083202
-2.04371014174115 -15.1543539196888
-1.31998028634785 -14.4754681504142
-2.36084628660412 -14.5021688738009
-2.52464432034102 -10.2326205446826
-1.87541933330456 -13.8105909371297
-0.963017745727752 -17.9440880598915
-1.69685036657867 -17.1864144320669
7.08231935114772 -0.269796274134797
-3.27223368058343 -11.3243357548727
-3.25512122313027 -10.3177345403033
-1.1894749708868 -10.9253880932474
-0.856160480988575 -16.0232260822965
-1.33504327145621 -15.2247135568753
-1.75364512617034 -15.8790187589503
-0.953673335150135 -16.9873485069289
-1.51750826778005 -16.5501589828969
-3.96861609856317 -11.706339985177
-3.34981096486993 -12.2204385293617
6.33256451610881 -0.40459173508326
6.9226380402633 -0.0956948585054627
-2.75658414857301 -13.6300368145545
-1.89591470384564 -13.0659238438923
-2.69358677425993 -12.7346563656837
5.43024217521682 -0.434341331123426
7 1
-3.46584592475481 -13.0964746260791
-2.64066252464611 -11.8409610022486
-3.84801615691877 -10.8162472382483
-1.925223943515 -12.2557576779145
4.5123504079434 -0.371305020496882
6.08856996204282 1.02922933501079
2.33066717967836 0.766834377723643
-0.561273931469496 -10.4349352526713
-0.442593230878466 -11.3225261077591
-1.14685387609355 -11.7833020700858
-1.06488871702313 -12.6608252103648
-0.250521759721329 -12.1803803134768
-1.77635683940025e-15 -13
-1.09028561221131 -13.5587229331913
-6.74919439274692 -13.2061009279028
-5.89068227149916 -13.1113963730711
-0.398676948027796 -14.0866197316034
-0.672531845865134 -15.0583624843498
3.6210316090833 -0.182882400406269
5.20047635765127 1.20965409093089
-7.62069102072573 -13.2387483962519
5.27534214629333 -2.58653005749947
-2.21343554527262 -16.5112661881029
-4.56322124584278 -11.2376467410594
-4.42915094948611 -10.389569215012
-4.76205469391245 -12.0819862252576
-5 -13
-4.1313024117754 -12.5878463305932
-2.79736095916232 -15.154038748178
-2.47789928403481 -15.8281393401648
2.78067181697183 -0.0128586217794869
-2.88981565842972 -16.5106431981905
-3.15978758652507 -15.8335746825188
-3.54641152423031 -16.5071741426871
-3.81353809285138 -15.8364873587285
-4.18777184159427 -16.503538223368
3.17839967053547 0.616360021419377
-4.18306329765664 -13.4731166367435
-1.1331228257945 -10.1861164846935
4.03586522483667 0.364717957651907
-3.55791565631281 -13.8509093494622
5 0
-4.80474967898232 -16.5006448941671
-4.34247298815216 -15.9382738363379
-3.88374136200967 -10.1666943988941
5.14126281728691 -0.835608429794574
5.24115179854744 -1.69999611055992
1.40892852875745 -4.11733702200177
1.76862365605273 -4.50413327781997
1.15173945026311 -4.72514838632737
0.788214765178715 -4.22134715103044
0.422966533465804 -4.96459923135047
4.49040789662667 0.671183771218919
3.91892029329213 0.125554691936273
4.57255628395596 0.0828556378393892
0.103029129283788 -4.24277107536365
-0.369342185473755 -18.0815014993459
0.777570083793611 -0.114551682583741
2.15112569823413 0.516053305602045
-0.144086849340051 -2.77949363596237
3.70312986117041 0.702131248789262
0.0691739345040382 -14.854204533962
5.91207694115983 0.329895076618685
0.0275676036891868 -9.14791301864926
0.245069955618986 -11.3835493502838
-0.0231845073523544 -1.3253298245479
0.240503699381574 -7.64433097460455
-0.319322607495968 -16.4729236071766
0.552600079334704 -10.1428110329052
0.535557051625191 -9.52175599509161
-0.00979209086213126 -9.91160441675333
2.91949708384066 0.663892849258802
2.58582899478868 0.0456764555378483
3.25308745825368 0.122329700091405
0.513411016458904 -6.95302874869172
0.0762847015571832 -10.6459026729694
5.23137393513429 0.537210328218447
1.28133473316514 -11.8411537870149
0.549438470491112 -12.0541460964188
0.42311622295396 -14.078549361874
2.23417348386515 -4.76046226185536
1.08610789553644 -8.73250819041462
0.840499506860192 -1.59761936835425
0.799835299770007 -2.1065866886221
0.715268999669266 -16.493716886981
0.622385941145811 -17.0452686464782
2.3940279017598 -11.9165521397701
0.845931466946405 -15.921772318446
0.627626640189671 -17.5754565367056
5.30924170599189 -0.961439138939674
1.26972875411161 -0.787886058043689
0.933950827760653 -1.10744848378727
0.852526163110174 -2.6430695913293
0.93902340640723 -3.16400481430596
6.25115986135951 -0.165603393199675
0.28187068392166 -0.693891536525698
1.41574164369371 0.265695406129713
-0.160722811772583 -15.679744213105
-0.14285241445285 -2.05635510083341
-0.370588910610349 -17.3050129774144
5.0369366818196 -0.63760726689499
4.58050774254064 -0.458717495004483
1.22676607565338 -10.7625500985458
1.50147600133462 -11.201197433557
-0.064027488315905 -3.53095119337641
5.15282469864641 -0.0907906167723587
0.911914914389067 -11.3199183069099
5.57804256008418 -0.398958946067795
0.681029656021101 -10.754900024882
1.66780194323971 -5.08953795094248
0.702326425861381 -8.25429435070494
0.590160581142285 -8.89268099876482
0.0943229590001095 -8.39158467481422
0.537364109851994 -3.62854674120715
0.548832729254225 -1.20457840279929
0.295716249110768 -16.1472157863145
0.366197112203728 -2.40075141322459
0.155269380251481 -17.4903617418599
1.34382648810992 -0.335362423063952
1.83809851688367 -12.2215977222985
0.485574607787369 -15.4726313600429
5.78857963543473 -0.895629458398186
0.183822891843855 -16.8257041919331
0.398760362778362 -1.78167951829693
0.857436884494694 -0.706008096168867
0.429920361919875 -3.03060363397959
1.10159322149046 -3.6526386175047
1.93775194238164 -0.0926493793778687
4.04413662371347 -0.377971218438306
2.913372569614 -0.381121277376702
1.02424628182782 -9.77698866027112
1.0714766125606 -10.2762092115442
1.8963523366676 -11.5918759714267
3.48714899216549 -0.351362897545197
2.34128035728611 -0.465019037708726
1.79328016101274 -0.584467292984697
1.02663484117087 -9.25904796130437
-11.0418623105581 4.33848272648757
-12.2902748660551 4.92227193448829
-12.2738353122628 3.43042638383996
-6.86360552024503 -11.9506428450577
-7.47198408996676 -12.0801722037748
-6.7638776902617 -12.5544324787625
-6.40209075082302 -0.360410114965835
-6.983651087458 0.820606663120729
-7.50712024569786 0.0409248648718143
-6.82814131264732 -1.14378693773706
-6.26014059681951 -1.51485560734974
-12.6586610730282 1.99849370888173
-11.6119024199737 2.25119553105833
-13.9384841401334 -1.1336840387355
-12.8871346452742 -1.26583024456124
-12.9242092992558 -0.331194873848215
-11.1798309937485 3.22774095212993
-5.76347687107519 -1.93694337829288
-5.22364959607824 -0.949145690414729
-7.47287154719941 -12.6454670954347
-5.10312473807521 -2.19344949523326
-5.93656475173774 -11.2943602714031
-6.33742183985009 -11.6990129808666
-5.53353793921777 -11.9879593683797
-12.0113593517924 0.211999212844703
-12.8097252277552 0.778015923958114
-8.1488900639308 -12.1314992963847
-13.3526836058487 -2.06392448522179
-11.6289004085192 -0.96058944965747
-11.3864936569587 -0.174753179119145
-12.1741604931552 -0.64619144590017
-11.3337768757541 5.50497176588229
-8.04651533049587 -12.7196213483217
-8.53062234712572 -12.5096462801744
-5.08009267347441 -7.75586227440201
-5.61625600520136 -7.78994632931854
-5.48248010862308 -8.31860529189957
-13.7898984772694 0.234294647915724
-6.82774912622531 -2.82672015465208
-7.13015582715646 -2.31998326871437
-5.72582573334302 -2.69299698728202
-13.5781316456939 2.94323711569895
-13.4879969562349 -2.86610301350039
-5.62986705091321 -4.76832287474198
-6.03932650964253 -4.23148277576568
-6.20471533097813 -4.73488064774758
-4.98555474892856 -9.8882785824991
-5.08732940089056 -10.626889647377
-6.15653397209744 0.50252191746778
-6.05605032013238 -12.3828335583023
-7.2418714348954 -0.694396832015544
-7.76933584571308 7.74878512575605
-7.29597551014048 6.64384645623456
-6.38972161096877 7.68524871542736
-4.91068385894467 -17.5305868998483
-5.27638571260282 -11.3477473504762
-5.70663413210228 -10.7497722354018
-5.28961090000538 0.352714844703135
-6.10513956978954 -5.67575986335717
-7.15238776541047 8.67561222488805
-6.23613256608378 -3.0448238133072
-6.49517329109304 -2.3372753491294
-10.6876940997882 0.00727235038592852
-10.9828621082259 -0.674839265908658
-10.3488503824829 -0.555658540503745
-5.38640059761011 -4.39513062632857
-5.42416507670164 -8.91168559532778
-4.95582528650584 -8.45020385692044
-13.6720689155125 1.59194894487335
-6.6303154914097 -4.30820175866227
-6.63672949271375 -3.81803014102573
-6.24976007989706 -10.7735080164774
-6.05274234990539 -10.2981681849005
-5.85594395279158 -8.77185790829896
-7.29387256051315 -5.11757802532739
-6.28526615074062 3.75348672755988
-6.22296260654824 4.98906418650867
-7.32713323843409 4.44890143101836
-5.27252231713549 2.98905234864553
-6.46220820224299 2.42430225372693
-5.62874944296249 -3.35595616618011
-5.62542239497728 -3.9214546313443
-8.43475986479474 8.97833125997692
-8.41752890311102 10.1415167448196
-9.72372415850759 9.80328125951878
-6.39672458555386 -5.13315653307088
-4.92424998853217 -9.15290129507599
-5.46084516288855 -9.52613975268213
-11.868630754216 1.20634961600693
-6.19660294735741 1.38914657349825
-9.2652828800872 0.103848077300935
-9.03947329348924 -0.543721543326558
-8.39165080281205 0.0192805644047379
-9.62430830848383 8.65816062964345
-10.6356374078942 -1.12169233501531
-5.71928749381026 -5.2841993203084
-7.18795456645323 3.36217553420887
-7.65825912095444 2.51848774020054
-7.35084905394493 1.65511935304136
-5.30015392560426 1.66539294502701
-7.16377140904325 9.83917480945291
-11.2166867157701 -1.29107168546115
-5.22483163783694 4.31961468434756
-8.41820670172923 -0.725051140553515
-6.70220138485218 -3.32747727084812
-6.90312469559437 -1.79236588223338
-5.57119525678008 -10.1449090259375
-9.43091470538936 -11.9112101879653
-12.6556540932711 -1.94949286542975
-10.9544757241486 1.43210980595982
-10.3921516212747 0.737666477190906
-10.0925100474722 1.55913976541259
-7.70531983424413 11.04048849341
-4.97015156612538 12.350560305646
-10.4058730501793 11.044319524829
-9.05831122284755 11.0445424432192
-11.1651999651095 0.563975908981292
-13.423743899478 5.63735858194875
-12.137991945565 6.36927114140472
-13.49811320516 4.29113158081523
-13.3506168033229 6.98200217119657
-5.10927324288846 6.99200097477279
-6.22206294891337 6.30413321879843
-5.16845001978307 5.65455892848057
-5.05190422493891 8.3295951309714
-12.2448571810256 7.72846946566218
-13.2726888043644 8.32475849188267
-12.4139594069064 -2.41913215706461
-12.5547019862446 -2.9426620922721
-8.40663504518643 -1.2609198154543
-8.95126917519812 -1.1136717587208
-12.1210541787198 9.00271776137592
-13.1780357517566 9.66421365514609
-11.2719583569367 8.41131535312966
-11.0994515248342 9.79493912906043
-8.7732006189187 0.828780075246602
-11.739272563465 11.038503202603
-9.06971249189569 7.73675935530273
-10.3508220113923 7.73477021587718
-9.69003078784353 6.60205375460056
-10.8601918445158 6.50056647253588
-8.54378367920404 4.47538502355405
-7.94844619411177 5.57723409444159
-9.09467209550525 5.51828972810898
-10.6504545912377 2.37610161236922
-10.2713838004917 5.47267982922124
-9.67794649030816 4.4281458646281
-7.89885083010229 0.813617287504289
-8.46161926419056 6.65606807187042
-5.00507441710632 9.66553087839734
-6.12565720514322 8.96254720828673
-11.7770021120362 -1.56776344039978
-12.2258939105811 -1.42317125496264
-8.8285175410138 -12.0032398511466
-10.1962672072647 3.38015706258797
-11.3438333236632 7.35969402558694
-7.44102967672868 -11.6052329078835
-6.90451908810403 -5.03435207745325
-12.1853934355063 -1.95534740188401
-9.10598976705609 3.45457050451669
-8.08498293110013 3.48805760733289
-6.9494071628037 -11.4388421369113
-5.93755359093877 -9.77874401574723
-7.97224301403624 -11.6620371209229
-10.0499806157714 -1.02594947320995
-9.49912365346093 -1.03534407672888
-9.71583491665437 -0.513400992114684
-8.5175674264681 -11.6407884418376
-6.68288460973239 -4.77803497375377
-6.54443902375928 -11.1741739176502
-5.86516458620595 -9.28196388129846
-8.62035566391315 2.51029693273868
-9.16890601168355 1.62162743293643
-9.63093281988746 2.47208151510074
-5.97420164774294 10.0304866384566
-5 11
-8.24429562221656 1.67218883666138
-13 11
-12.207229447745 10.0550441537114
-10.4508703635312 8.92529814505379
-9.60774989491663 0.807280368609496
-6.17039357161522 -3.6078860662332
-7.48838863648588 -1.89421707062325
-7.88123055417414 -0.470135263902711
-7.92830719592504 -1.54295913410935
-7.84050567001795 -0.986141830734856
-9.98971819004655 0.087454625772204
-6.95464140277636 5.59976042145016
-7.32825389970184 -1.35716264283081
-2.62674659448473 1.69844403718802
-1.47502873082658 1.63704459878045
-1.5471636563338 2.51508281972081
3.5362470584642 3.10926187022872
4.67192190925805 2.47082590712407
4.71220759470023 3.66960633485247
5.6438106788355 -1.02102169865876
5.75469478728674 0.349625198161684
5.31502239853952 -0.148687786488092
-2.68950358767899 0.43988041410695
-2.54939394855146 -0.811353295679003
-2.2435569421836 -0.0527283289897231
-2.55319906630689 3.00002254539154
3.73499213277705 1.9889166554436
-1.86887701790849 0.742162486248004
4.91174182201387 0.700940815236589
5.73909026030837 1.65094570726304
4.59780888236607 1.55155440569331
3.72701172550466 4.3861231367064
2.0372176052664 1.55968256327934
1.78645924807415 2.5014759582514
1.02744602590339 1.74071420313123
0.212717271376568 2.42467315949799
0.0530509611292062 1.38609693852937
5.79473339531163 4.30302560055024
4.75406708499019 4.91888846175443
0.0140593679082968 8.18580075584096
-0.036305446632944 9.71313020019979
-1.15248010494394 8.92909288028777
1.00237365726149 2.78174591785903
-1.2656410480289 7.63980833450901
0.405542717872832 3.61122671324386
5.75614976967414 2.97028729793242
-2.48306431778779 4.32306346865916
-1.45353359461659 3.66811178250581
-1.20943436300575 4.97239572539714
-0.493357483805943 3.0557800638858
4.79205655562249 6.16212691571201
3.64876575009093 5.46738422480924
0.0225668726834371 4.84093051364056
-0.274424918114464 5.94995260355239
4.74285188592732 7.5352685855386
3.91437589591806 6.59115380431068
2.7397282064324 2.30560157390368
2.97927928507132 1.3987698819159
3.98758201538393 9.69666856301817
2.62860862043199 9.82603495435153
3.17758583562458 8.59382042628755
5.84540429212935 5.64227301546951
1.94878302624548 11.0460402318564
1.36619448248549 9.86748658403685
3.30104874613455 11.041225885087
-1.34536420732227 6.37138477945644
-2.41397074342901 5.65625261789503
5.900228620898 6.98352307030632
3.54122624990402 7.47287695592575
0.600215072310563 11.0466206802146
4.65459596071066 11.0296955133421
-2.04040789853407 12.2640253431662
0.908433034997923 8.85638005976151
2.81786628258899 5.07771249891139
2.94799772011817 4.00346094562192
-2.34416017068127 6.99289219156826
-2.26843264013322 8.33065301767937
5.95445782695041 8.32419262540822
-0.545826139267751 4.0302430196506
1.12813459801215 4.6173775605751
1.48498707413097 3.54468802879141
2.02992396456855 8.76563142550984
1.62797486148013 6.71563050973414
1.88197613130468 5.51173127977317
2.84658557785826 6.31723413447671
0.798965220965995 5.77318598885238
-0.880915840026816 1.08327150160326
-0.656315492579527 2.03059285098111
0.513303282044015 6.94503199934436
1.3213914651964 7.94780242885948
-2.17540005916252 9.66671957657702
3.88541039454996 1.1228626581556
4.98117335034975 8.93952858244954
-0.471534338651158 7.01825462480765
5.99880260709413 9.66269031985527
2.1433440129746 4.35545040578957
-2 11
-1.18518307765302 10.0351403731392
2.4713299946694 7.6041652954086
4.14713941059672 8.36222781888245
2.45123652048484 3.28245561095437
6 11
5.09205983396433 10.061597124373
-2.28516684268676 -2.03521605402973
5.3825713868719 -2.42282040552173
-4.14432549797395 -2.48439412681141
-4.63008048242011 -2.72443443513664
-3.30888905294071 -2.43942356077297
-4.20116374076146 -1.51627642289529
-3.60808941764868 -0.224805592661747
-3.09618262399579 -1.59195961046457
-2.69679254998423 -2.44019393921027
-4.55748744121474 -0.266849183556372
-3.67014906030449 2.34799119307955
-3.41453929042467 3.88393281313431
-4.37892426887746 3.47662421555856
-4.60315150243116 2.33780745039109
-4.20082405606417 1.03987485452875
-3.30232854674793 1.05877405607065
-3.3021346774305 8.94663821168768
-3.95793729653825 7.66020322522012
-4.08368603949125 4.99043798774954
-3.49397831040104 6.3247957375538
-4.44253939832992 6.32410696118223
-3.13996161272086 4.99079808641418
-3.00465268704072 7.66080756400693
-4.30398088222763 8.97223705506159
-3.53370824929382 10.9585923176381
-3.07831056759149 10.0872278381112
-4.09128213594409 10.0726240747347
-3.16847508166233 -17.1571510058625
-2.66310663489193 -16.9388971648236
6.61134309048836 -0.401574783458791
6.36005416553385 -1.88450949445544
-14.7298525033541 -1.78644178672295
-3.9147033279275 -17.1811135699695
-14.5032078149378 -0.429602217597098
-4.45339571804998 -17.137930901956
-14.7651352668321 0.941583166191536
6.37230788412123 0.973255382550798
7.69772633882688 8.94187845393625
7.04460886620675 7.6520062510733
6.8087595443285 2.29357309553616
-14.6241629036329 3.62591138826734
-14.4943458823542 6.31056069939434
6.92059492929655 4.96977433311339
6.45318384158901 3.63253051442175
-14.1457479244532 4.96662493366707
6.56402288077725 6.31183302495836
-14.2890058478118 2.27831333769583
-14.0067022409241 7.65228134255736
6.69895229271189 8.9677216873364
6.04284780804988 12.4669461064594
7.92148267784293 10.0849137156072
6.91016539091537 10.0702472814529
-0.0233258978299098 12.3101543219322
-11.0158703780308 12.700999767973
-8.33339709182145 12.446660584854
-9.6896688262362 12.4357237418208
-12.1584689668788 12.1187850134261
-3.90536434453502 11.8605878750196
-2.88744744490606 11.7395171847249
-12.2418252535617 13.1356620273755
-0.634929497718727 0.723078764540555
-1.27692123545944 -1.36507050228127
0.453498664512077 -0.746952465437241
-1.55601285263953 -0.681551512105439
-0.438868463619411 -0.984384847368072
-9.21375314394938 -0.826003310066778
-8.08906260687982 -5.03082976905749
-7.70504071157911 -2.76248864964375
-9.99889791017789 -5.7184579781683
-10.0355909194194 -6.14793192239684
-8.69154514685273 -2.42627509326115
-8.10029621085319 -1.72344861393983
3.14793192239684 -3.03559091941935
-8.12590623592819 -4.03195256384533
-9.50213650364234 -3.58753206201719
-7.89753190585635 -2.36308761235329
1.82783390492762 -0.40763933554804
2.2317988290249 -0.18794024354174
-7.4932495404437 -3.15585775319839
2.7184579781683 -2.99889791017789
2.64962996740225 -4.52232209390654
-10.5164937427957 -0.338587609176463
2.32907833777423 -4.32457503662849
2.26822784701423 -2.31037095362979
1.41886432873118 -0.660453056211092
-9.97941735133286 -4.90907865892344
-7.06932036251345 -4.39700454917166
-7.30266690671003 -3.57142535005269
-7.89285348738712 -4.40029746376616
-10.1543481009402 -3.24086328059373
-9.97815505004566 -5.30936061385551
1.87536524692887 -8.88230764906624
2.67941164131333 -4.47516881798732
-10.7682011709751 -1.18794024354174
-6.2000566323229 -8.68584568962135
-10.0981285128121 -3.67355776554129
2.0585619124384 -4.14213060403965
-10.2072284738066 -2.7987024331468
2.2663102123221 -0.658469475652564
2.65491224387923 -0.430312362230751
-10.0024533320858 -4.50592563998198
-10.3048903034295 -1.89207974426145
2.74099282435224 -1.34811465008148
-10.0453344972611 -4.09499542475174
-9.99692331676498 -3.82205092082036
-10.7374865989319 0.0442681670489667
-8.82477297954198 -1.07519679101223
-8.50697596125011 -3.81037372590896
2.1922208115103 -9.13939481098386
2.55709473931267 -9.23687983275935
3.50936853274776 -3.26927679135062
2.73072320864938 -9.50936853274776
-9.04634191982666 -9.7466336975727
-7.49715893896742 -10.5613202410707
-7.8010723945731 -11.5748495008654
-8.87147303192058 -1.935792519264
-9.47941940025541 -2.30930841652773
-12.6025034506952 -2.88400056965084
-10.7466336975727 -2.95365808017334
-11.1437692750652 -3.01098370646735
2.94834020228872 -10.3323807412829
-10.7708892066666 -4.90523595261905
-10.4703217629026 -4.4922754829397
2.50728779436123 -10.8131445295246
1.97154596021504 -11.265234662384
-11.4554429740256 -2.33697577576066
-8.32464381249919 -10.4199099928914
4.15171843425195 -1.77588160370092
4.19491586782367 -1.34567006637175
3.78114206113953 -1.54326808009219
-12.1777643134314 -2.79353236503877
-8.69069158347227 -10.4794194002554
2.73774322975894 -10.5296902625413
-8.99421369112388 -10.8498232499286
-11.2210148149806 -4.87692543085062
1.98284134710459 -16.3522668632922
-8.75585244534045 -10.9424266484068
-8.00318755031607 -10.1530844915226
-7.27432897157652 -10.870325232657
-11.6664117649013 -4.8486912431169
-11.7757776450894 -2.14348906197957
4.61033769261903 -1.15415797357105
-8.79862497320721 -11.3479137488025
-9.22742809127813 -10.4772594645463
-8.89636956575163 -12.1813917180565
-8.8467257096494 -11.7606427219646
1.42248005715911 -17.4261080258146
-7.97194188950778 -9.47756222266144
-12.1062097408399 -4.81846380166209
1.0185049489874 -17.2122233730939
-8.18139171805649 -9.10363043424837
3.60910524185192 -9.94317021636369
-7.75800577922623 -9.84202956144111
3.10363043424837 -12.1813917180565
2.77950177432994 -11.9622622514227
4.04275730858967 -9.9841142061879
3.81811421025443 -10.333632810776
-9.04275730858967 -9.0158857938121
3.10747245350901 -11.3481436704516
-13.171615796718 -3.60167610979007
-12.5432680800922 -4.78114206113953
3.0158857938121 -17.0427573085897
2.62306512675906 -17.2525182570041
5.54326808009219 -2.21885793886047
-10.4922754829397 0.470321762902563
-8.82565367743183 -3.55034688079835
2.32265017917445 -16.5875089658687
2.84438885138371 -11.6654839992578
-10.3297924773353 -4.05483433737643
-9.05013050958002 -3.34682944265243
1.37152824188246 -0.638961592654151
-1.7302037258652 -17.9176806488523
-1.59540826491674 -18.6674354838912
7.05591194010849 -1.03698225427225
6.09569485850546 -1.0773619597367
5 -1
4.08856996204282 -0.970770664989207
-4.88860362692889 -13.8906822714992
3.20047635765127 -0.790345909069107
-4.7938990720972 -14.7491943927469
2.29226730192126 -0.661759673971876
-4.76125160374811 -15.6206910207257
5.83560842979457 0.141262817286907
6.69999611055992 0.241151798547436
-2.24115179854744 -18.3000038894401
-2.27534214629333 -17.4134699425005
6.36934218547376 -0.91849850065408
6.96301774572775 -1.05591194010849
1.23953773814464 -8.23417348386515
1.08344786022988 -15.3940279017598
5.37237335981033 -1.42454346329442
5.84473061974852 -1.50963825814013
1.07854936187398 -12.576883777046
0.778402277701549 -14.8380985168837
0.953028748691717 -5.4865889835411
0.910462049057517 -7.6678019432397
-9.13389698649961 -12.4879969562349
-9.53058689984825 -13.0893161410553
-5.32424013664283 -7.10513956978954
-5.88242197467261 -8.29387256051315
-6.78994632931854 -5.38374399479864
-14.0893161410553 -2.46941310015175
-12.9112101879653 -2.56908529461064
-9.0573379077279 -11.5547019862446
-8.50064489416712 -13.1952503210177
-0.735974656833813 11.0404078985341
-2.3825713868719 -17.5771795944783
-15.3886569095116 -0.401574783458793
-15.6399458344662 -1.88450949445544
-3.36005416553385 -18.1154905055446
-4.27014749664589 -18.2135582132771
-15.6276921158788 0.973255382550798
-15.546816158411 3.63253051442175
-15.4359771192228 6.31183302495836
-14.9553911337933 7.65200625107329
-15.0794050707034 4.96977433311339
-15.1912404556715 2.29357309553616
-14.3022736611731 8.94187845393625
-14.5330538935406 10.9571521919501
7.4669461064594 10.9571521919501
-14.0785173221571 10.0849137156072
-15.0898346090846 10.0702472814529
-6.35056030564596 11.0298484338746
2.6896688262362 12.5642762581792
-6.97667410217009 12.6898456780678
1.33339709182145 12.553339415146
4.01587037803081 12.299000232027
-3.31015432193223 12.9766741021701
-13.0428478080499 12.5330538935406
5.24182525356175 11.8643379726245
