-0.00138291482192606 -0.0056906593070781 -0.999982851824593
-0.00164548381753673 -0.00608089091443352 -0.999980157377482
0.000669272550038627 3.42317652561644e-05 -0.999999775451195
0.000371862829308374 -0.000544929331418137 -0.999999782385006
0.0021643363503043 0.00297269561216878 -0.999993239341627
-0.0336315643280876 -0.0112737815180961 -0.999370711863785
0.00285917999474777 0.0107154974446619 -0.999938499710993
-0.0010539144153172 0.0186598280337294 -0.99982533478711
0.000307444073399243 -0.00845200027255788 -0.999964233945162
0.0419137652675891 0.0128191266746507 -0.9990389913674
-0.00202688386542644 -0.00112998079230579 -0.999997307438978
0.00258499052301035 -0.00143624056787405 -0.999995627508954
-0.0074726685701867 0.0219829515809843 -0.999730418194939
0.00248991955653457 0.000345842264325784 -0.999996840341873
-0.0194755483773012 -0.0217685728449458 -0.999573325100114
-0.0149229211766059 0.0233031768654441 -0.999617060864577
0.0125237365473138 -0.0168562188865211 -0.999779487641021
0.0215059478850221 0.0230478851571511 -0.999503021103663
0.0733552497910618 0.99730579905244 -0.000387949049711409
-0.0113692679138147 -0.0051270410944857 -0.999922223573773
-0.0223276032507451 0.0191551865028404 -0.999567184817068
0.0980564711430329 0.995179666051375 -0.00153647155819217
0.01929263164985 0.0208305019596612 -0.999596861015545
0.0182574401712844 -0.0184579267590546 -0.999662928600511
0.018559254160357 0.0158318371509604 -0.999702409228585
-0.0191033226768047 -0.0213055067118978 -0.999590485372112
0.0304085634388745 0.00824986011500533 -0.999503506285829
-0.0177784428298231 -0.0160692393306199 -0.999712812020473
0.0240073448479231 0.0171706454432753 -0.999564313252736
-0.0281355060315549 -0.020598653914707 -0.999391859461168
0.0277520986554817 0.015445081630242 -0.999495507980727
-0.0289226521930994 -0.0169806802535365 -0.999437410090419
-0.0114047787880826 -0.0230303919688229 -0.999669711488028
0.0184663976474264 0.0249877437586767 -0.99951718585514
-0.0236016867653225 -0.0173990494493203 -0.99957002429049
0.0115075825639397 0.025358453664272 -0.999612186986179
0.0265170112786191 0.0145967911542933 -0.999541785920352
0.0228591420476032 0.0203000104534477 -0.99953257535732
0.499972467858103 0.866040698861546 -0.00101946029022066
-0.0259915443165049 -0.0123626865305382 -0.999585715987274
0.104458262577689 0.994528669808168 -0.00109375904435517
0.0283940272100346 0.0122571138568436 -0.999521656783232
-0.0079157214089436 -0.0299991399172778 -0.999518580597079
2.887025416201e-05 -0.000332797956990343 -0.999999944206013
0.0054555762669299 -0.0253077911592438 -0.99966482002431
-0.0229926555591265 -0.00707504536791953 -0.999710598885188
-0.0250238778421903 -0.0132493732595234 -0.99959904944231
-0.0231685438762535 -0.0193035110630863 -0.999545193092984
-0.0129269605942854 -0.0222522226691969 -0.999668811295058
0.0192265378185355 0.00819169052920192 -0.999781594374385
0.0204577353857308 0.0174289822763206 -0.999638790583728
0.0248061535432673 0.0168020180782699 -0.999551072699582
0.567713538422513 0.823225897043511 -0.000678769987791931
-0.0202317826747328 -0.0179980073693126 -0.999633306118067
0.000438138668306561 -0.000959973823234392 -0.999999443242228
0.00454053378247004 0.0187955302029841 -0.999813038321345
-0.0289752570770654 -0.0128722866571084 -0.999497242974454
0.308963220911279 0.95107232111985 -0.0017799224223657
3.14464470674219e-05 -0.000387046725931139 -0.999999924602974
3.03419515114031e-05 -0.000299537904694031 -0.999999954678204
0.0087500539198088 0.00342582364465189 -0.99995584916973
0.0102841338708831 0.024148364679797 -0.999655487192371
-0.0012237318440196 -0.00494958104974221 -0.999987001979429
0.00379227868793533 0.00515808246885347 -0.999979506193801
0.000658491001438746 -4.93027071819101e-05 -0.999999781979398
0.000638081681534637 -4.74627521851683e-05 -0.999999795299507
0.000641371992121437 -4.78385395609503e-05 -0.9999997931767
0.0110813360454932 0.0177419698877206 -0.999781189308916
-0.0244848253594956 -0.0167525934088077 -0.999559825093623
0.000886094372545596 0.000534641465752101 -0.99999946449749
0.396645586404784 0.917971428120771 -0.000857869172419136
0.00261350889569107 -0.00368474643615839 -0.999989796055416
0.290310059638107 0.956932205181046 -0.000907722567423368
0.0138178459610631 0.00104965317708332 -0.999903978070497
0.0178742802145453 0.0265753551823103 -0.999486998716715
-0.0045042871253623 -0.00141170952019531 -0.999988859174803
0.00494975827527369 6.81105719212441e-05 -0.999987747551922
0.00195509747481298 0.0341668203351799 -0.999414231428614
-0.0215217116109906 -0.0223697723851573 -0.999518088487032
0.00857634229045994 0.00994087869935772 -0.99991380892735
0.471417013166146 0.88191006853113 -0.000794179405301313
0.0288719075629153 0.00210240914072433 -0.999580908595939
0.000662813082475304 0.000202752142372087 -0.999999759785164
0.000651828419085092 0.000135989131269474 -0.99999977831331
4.22192579692783e-05 -0.000549273119684403 -0.999999848258276
0.00176554606702769 0.00491269240845032 -0.99998637405736
0.00293890495732183 0.00354867830100576 -0.999989384803643
0.021300367944482 0.0212831813797387 -0.999546557452822
0.000576679383498402 -0.000388960695896299 -0.999999758075204
0.395912053592202 0.91828801568542 -0.000875253642676159
0.634408531694939 0.772997632667204 -0.000689059917135387
0.00106156590077852 0.00369009066128892 -0.999992628127203
-0.00241256767144062 -0.0382714187325467 -0.999264468509428
2.95331073562835e-05 -0.000398854529060605 -0.999999920021427
-0.00886603840083642 -0.0161521498935054 -0.999830236298589
0.000324456438192891 -0.00487413568045469 -0.999988068693516
-0.0239069032421596 -0.00247052421913657 -0.999711136522672
0.0190200622368281 -0.0211790326306786 -0.999594760795261
0.567646583107179 0.823272042594489 -0.000707509040848532
-0.00166825234651632 -0.011215955495848 -0.999935707571454
0.015047042424537 -0.0250204175603301 -0.999573691740324
0.00492145397172894 0.0212037699263112 -0.999763061645966
0.012607607930254 -0.0335953812563639 -0.999355991917053
0.00317192277722262 0.00657824279789261 -0.999973332458215
-0.0206022650997644 0.0218099311497551 -0.999549835463946
-0.0217724543612255 -0.0348796007104614 -0.999154329263186
-0.00105270414235268 -0.00454679541829549 -0.999989109173401
-0.0139127524233406 0.0243827191665887 -0.999605881498328
-0.0070970083780382 0.0221157791057442 -0.99973022600431
0.00155178530289464 0.00402119310807979 -0.999990710941037
0.000598397026367327 -0.000310415292938978 -0.999999772781647
0.000700268535470963 -4.40520143923634e-05 -0.999999753841669
0.228749382175184 0.973484619044478 -0.00119022615487919
0.141118195654842 0.989991717343786 -0.00143333381389864
-0.00847834112950364 -0.00244033158258074 -0.999961080499366
-0.00999059483633843 -0.0132166570597051 -0.999862744575966
0.00154978667469213 0.00392196941505529 -0.999991108119052
0.0309055218281778 0.0213781524140126 -0.999293662203404
-0.000930935173594023 -0.00733666450855349 -0.999972652982866
0.00875429567315968 0.00504246060557094 -0.999948966646953
-0.0189442798884262 -0.0235803069807563 -0.999542437009156
0.0110329978909759 0.0172836753327682 -0.999789751660082
0.00316793153437549 -0.0110543402984973 -0.999933880699298
-0.00420389995569485 -0.0130085263664818 -0.999906548366864
-0.019469202473666 -0.00586336831852554 -0.999793264163647
-0.00945566997785186 -0.012522336232578 -0.999876883121391
0.00709386694826826 0.000156741587192872 -0.999974825925031
0.0159940804864113 0.0192106444021271 -0.999687521444101
0.0186338253749313 0.00411038839934506 -0.999817926054091
-0.026510489377635 -0.00278710105610819 -0.999644649873474
-0.00704844099806097 -0.00198921652438312 -0.999973180888926
0.224652932821701 0.974438111503186 -0.00119441396233949
0.0180661768897791 0.00323974800242742 -0.999831544454099
0.0173817732035059 0.0072046081481345 -0.999822968120724
0.00145833787975516 0.0116406750385466 -0.999931181599652
0.0451926741613701 0.998977983366688 0.000781633397879781
-0.0071785780415214 -0.00208066808728237 -0.999972069028737
-0.00177739541135525 0.0198874420719587 -0.999800645385562
-0.0110018492037277 -0.00702058748865119 -0.999914831705887
0.0688420321267597 0.997627478734327 -0.000433920324119299
0.278115571676868 0.960547418325502 -0.000621239939716248
0.495303460579874 -0.868719993206866 -0.000235245113143879
0.497602713915869 -0.867405030308422 -0.000229127055081659
-0.0306928798547185 0.0109223602961438 0.999469183702922
0.00358645424355621 -0.0112182775085405 0.999930641392542
-0.00340890127285718 0.0108521048310532 0.999935303513606
0.0317952138282471 -0.0102361490729013 0.999441987125703
0.0123158680322886 0.0143243530823544 0.999821550229531
0.0023059413815447 0.0024132748414221 0.999994429353926
-0.00795457074795309 0.00917234400508943 0.999926293738528
0.00715772506396933 -0.00793326698287196 0.999942913494009
0.300643836831341 -0.953736401179463 -0.000400550342583765
-0.00976283149164895 -0.0208660144538228 0.999734613065927
-0.00551024491227352 -0.0242703911234211 0.999690244683684
0.000929811915980716 0.00424242121053124 0.999990568611561
0.274118344671445 0.961695806145415 -0.000556378385589874
-0.0318305666605642 -0.0102135224199848 0.999441093304575
-0.399242745767588 -0.916845193307006 0.00034851369462163
7.05264402974968e-05 -0.000730543039913955 0.999999730666408
-0.00128691462882487 0.012241062162685 0.999924247254695
-0.00576570236502863 0.010256258586374 0.999930780522356
-0.435615474842628 -0.900132799920207 0.00031715207913694
0.00715307024359613 0.0173859259521163 0.999823265964979
0.00629640850378093 -0.0110821490091018 0.999918767307272
-0.58543208487032 -0.810721392858106 0.000311715579801845
-0.00025226644745428 0.00488542868107738 0.999988034402533
0.0100193907255697 -0.00742958704622812 0.999922203496758
0.265010394412247 0.964245271197369 -0.000740153347040869
-0.293775740935042 0.955874305572078 0.000354943888767127
0.297601225834343 -0.954690190549088 -0.000387880447856897
0.01880859149195 0.000940880445029977 0.999822660090317
0.0163455686511774 -0.0039598918511551 0.999858560818477
0.296940422065859 -0.954895963527956 -0.000290828757976784
0.226630749057544 -0.973980627841127 -0.00049007328093942
0.310704276813285 -0.950506554766655 -0.000376451268429273
0.30899679585536 0.951062839155039 -0.000675373584429057
-0.263370925610724 -0.964694498368669 0.000529490484033659
0.406088373259807 0.91383359247156 -0.000631168540170066
0.0221036725355648 -0.0194714790746568 0.999566050425426
0.227948997374079 -0.973672942953474 -0.000504734062266919
-0.0210680006207264 0.0198280906862897 0.999581405474102
0.404152415450962 0.914691423385712 -0.000651973752375122
-0.0224439524810894 0.0174547904525382 0.999595717921643
0.489780487481246 0.871845677769858 -0.000433862476916496
0.0205723074240812 -0.0222623388801298 0.999540478637476
-0.0249553669881149 -0.0181487280302944 0.999523813287793
0.412875732478112 -0.910787357495764 -0.000137682773368234
-0.404335788177245 0.914610587675969 0.000208110798327454
-0.497487210763359 0.867471285033867 0.000211585880703318
-0.0116677430949954 0.0277022807632195 0.999548121608752
0.027380945443175 0.0153057579929826 0.999507887712197
0.0152848063766437 -0.0257299284860365 0.999552072417506
0.00955161539770439 -0.0282634328779193 0.999554873433795
0.486017837656843 0.873948790315501 -0.000416395773439391
0.0178168190849596 -0.00395113794478334 0.999833460865676
0.0257843146862987 0.0182534063816158 0.999500866568722
0.00344583059779359 0.0298152519009099 0.999549487021817
0.0123988086429874 0.0272440080424133 0.999551916395552
-0.0121893356732388 -0.0273557979408904 0.999551439604217
-0.0171902046886471 0.0247180319413245 0.999546655119064
0.0178904049122531 -0.0238377323642331 0.999555749284554
-0.026471636835144 0.0164172169837328 0.999514745979156
0.254589503828118 0.967049074227397 -0.000522088581418531
0.0260692928170219 0.0146068870403583 0.999553415692734
-0.498265824272932 0.867024301339067 0.000171023736688677
-0.0257771731947899 -0.011735433951371 0.999598827996541
0.0229376548906325 -0.0169084574137289 0.999593901570036
-0.0261799761689276 -0.0151891312351093 0.999541844616881
0.00359049606149832 0.029957390849968 0.999544727899405
-0.0199220661550807 0.0228793747671457 0.999539716814883
-0.0222669303820322 -0.0200782012330706 0.999550423763907
-0.02384448148771 -0.0174043683650947 0.999564169358023
0.636621153110487 -0.771176634281407 -0.000325807728076073
-0.00260331904749176 0.0301070108492149 0.999543291022286
0.0241244851557433 0.0171629039087878 0.999561625886762
0.412387870958387 -0.911008357882677 -0.000125516204329853
-0.0215867924170704 0.020616801645597 0.999554379652777
0.00643980888394391 -0.0292027543749716 0.999552763989202
-0.238029988775613 -0.971257557907353 0.00069329021792786
-0.587761573712684 0.809034182314693 0.000155926855354418
0.0153512764273695 0.0261746935484486 0.999539505837411
-0.0144846765372873 0.0261122911797994 0.999554071771483
-0.0176157726430511 -0.0245166062439773 0.999544206412336
-0.587294426152021 0.809373352482318 0.000182489179705926
0.0202542481053318 0.0219141225404643 0.999554669173712
0.40898362944003 -0.912541716083814 -8.51872559178777e-05
0.494615682950705 -0.869111775331354 -0.000219452934199181
0.40590223850562 -0.91391647870269 -0.000206716719932989
-0.00874916593099187 0.0285868507653069 0.999553022134811
0.0207636335487709 -0.0122685409941941 0.999709134910613
-0.000116088969210632 -0.0304223822232016 0.999537125465191
0.00672242437326472 -0.0293988726751363 0.99954515420564
-0.0272225439025817 -0.0157811344242776 0.999504821849177
0.00946068168386253 0.0288937247839336 0.999537717232415
0.0264372346865673 0.011491270818181 0.999584425307393
0.498412678925426 -0.866939906183287 -2.35221871637426e-05
-0.0296095656339539 -0.0100946079587754 0.99951056648398
0.0198645549112721 -0.0222392589674242 0.999555308534129
-0.410488629104637 0.911865650137541 0.000348532689233025
-0.309024674158215 -0.951053988673207 0.00024777044119695
-0.00935874930522925 -0.0288518564777378 0.99953988624228
-0.0222362467584752 -0.0200061468225841 0.999552551604671
-0.0186775305665752 0.012085423788018 0.999752515567627
0.0231131211780656 -0.0170488201499829 0.999587475592257
-0.022264568094248 0.0173348668484043 0.999601816424382
-0.0226256910020263 -0.0164882593933985 0.999608030884535
-0.00312986516098638 -0.0295732095102084 0.999557716804457
-0.012203247945251 -0.0276095169574827 0.99954429382242
-0.00564753801675341 0.0292122025339876 0.999557278267465
0.0272760576410846 -0.0158805760799469 0.999501787883808
0.588142633164599 0.808757109206249 -0.000425866836857805
-0.0151306139798889 -0.0265005546626843 0.999534284115938
0.0309291954678445 0.00988092540331706 0.999472737087354
0.0234555581632923 0.0166407301068316 0.999586375903934
-0.00333269804009405 -0.0299410681589859 0.999546109772467
-0.016979299315079 0.0247348990167922 0.99954984276193
-0.00648894679998299 -0.0294370202450366 0.999545574452971
-0.411863946293981 0.911245288608326 0.000337242164733298
0.0222228965453381 -0.0202401530465722 0.99954813744701
-0.0214626474322971 0.0137279502082213 0.999675396390387
0.0224906833448102 0.0198745179722309 0.999549484867085
-0.0228087564885237 0.0178835545425004 0.999579881302326
0.020254405185972 0.0221694481005408 0.999549035636311
-0.0194346333186302 0.0228537418563246 0.99954989946022
0.0203820780424862 0.0218770534433454 0.999552882756739
0.0149683675758672 -0.0260701850710073 0.999548044579388
0.499993435499616 -0.866029157959866 -0.000249039388054394
0.0220503440486277 -0.0199259471961025 0.999558271915988
0.499987241779657 0.866032631375924 -0.000489335942263296
-0.0200550968333715 -0.0222053558719221 0.999552257394082
-0.0227081912817179 -0.0205507965290383 0.999530891373916
0.588148463817089 0.808752845172559 -0.000468972163791031
0.591526369320058 -0.806285595921917 -0.000303657487287196
0.022783591624163 0.0201295001365495 0.999537748750369
-0.669133964032385 0.743141787109345 0.000149767275596103
0.0179870569940739 0.0239868044646864 0.999550448447833
-0.669139643597321 -0.743136578215585 0.000404332143281025
0.00630359952124722 -0.0297397466583454 0.999537799236114
-0.500006047982085 0.86602188179791 0.000228535651305486
-0.0194036284487463 0.0227620675234975 0.999552593656321
-0.251398053044708 -0.967883606125586 0.000586445787000327
0.0223855290472084 0.0196529072251504 0.999556227196287
0.0235591761625479 -0.016958362050531 0.999578600798909
0.000526421558716272 0.0303702897147583 0.999538577736239
0.0030996527262275 -0.0305923010120152 0.999527139837517
-0.0177312213704698 -0.0242193364194316 0.999549412251397
-0.0202199202181969 -0.0224825265426474 0.999542740870359
0.0243374738854198 0.0212594648865661 0.999477724873153
-0.0217089663798291 0.0207372530666659 0.999549241965581
0.00899458841019469 0.0267344962074733 0.999602102884875
-0.0116422537946882 0.0278663023132453 0.999543859528919
0.017566237021878 -0.0244128962024992 0.99954761658257
-0.00428784700621556 -0.0220067183952815 0.99974862776276
0.669120351236464 0.743153918418699 -0.000457274670876152
0.669129935862257 -0.743145428322242 -3.60100495065543e-05
0.00925306152574703 -0.0288048094770583 0.999542227123692
0.00390304423752483 0.0385734649175556 0.999248144381532
-0.00563787556446519 0.0296485754425553 0.999544484419451
0.0206207646324278 0.0223702088250265 0.999537071760272
0.0131159526492091 0.0281209943765245 0.999518474797429
-0.00855290535045475 -0.0284273808035631 0.999559268793359
-0.0025785395708462 -0.0312352973139041 0.999508732996062
0.00663326407862327 0.0286498851897835 0.999567498414327
0.0125202837850449 -0.0269566699124363 0.999558192623708
2.78824877440268e-05 0.0251984100137642 0.999682469264789
-0.0120478918091245 0.0277570549540998 0.999542092261867
-0.00631646653299001 -0.0296778506409837 0.999539557712384
-0.000142472023230693 -0.0304369705672589 0.999536677928534
0.00611618103870446 -0.029551070297294 0.999544559573902
0.00905856744995107 -0.0289266815261076 0.999540489150711
-0.00246007647838056 0.029819895080398 0.999552260705319
0.0200126901003733 -0.022552178101206 0.999545342392149
-0.00253628680003623 0.0301300292473071 0.999542769763668
0.00305127323880423 -0.0300345781767949 0.999544203047251
0.000347376144133398 0.0303756524168644 0.999538493040695
-0.0144138281002235 0.0264483378268422 0.999546260553104
0.00546124707294615 -0.026318907903504 0.999638679657393
-0.0204792881929389 -0.0228314509037777 0.999529551141305
-0.0175262143837434 -0.0241163417362166 0.999555518153262
-0.00541785043449342 0.0278903516554291 0.999596306106223
-0.00641399401756459 -0.029553590262857 0.999542618392692
-0.0144574246101337 0.0264935540214696 0.999544433464043
0.0149709592069505 -0.0263733611798743 0.999540052324318
-0.0117290989628188 0.0278656012707295 0.999542863764902
0.000619868187379465 0.0300535445165551 0.999548098005004
0.00384306685349759 0.0306109225208161 0.999523987836002
-0.0065395273852501 -0.0294664288192735 0.999544378281533
-0.00337229252624036 -0.0298839612336897 0.999547685958054
0.0205744837820091 -0.0123161979850739 0.999712459602408
-0.0087181849496988 0.0288800389149814 0.999544864727668
-0.0212255654582949 0.0203102178590788 0.999568392068043
-0.0151012058110323 -0.0259720255385017 0.999548601856098
0.00667138508374709 0.0293053917992516 0.999548241273305
-0.00951411196433644 -0.0285144830598261 0.999548100858263
0.0178572039317118 0.0239353700410663 0.9995540097107
0.00327548451913006 -0.0305314088981328 0.999528440951962
0.0126482621421568 0.0273057084062773 0.999547107320718
-0.0200940424040922 -0.0225241232823915 0.999544342853394
-0.0141964795521653 0.0259764755038846 0.999561745310774
0.0175816676869477 -0.0241721157819675 0.999553197073557
-0.0183156655456199 -0.0213146250894907 0.99960503357722
0.0124574265027318 -0.0273678150783189 0.999547805371393
0.0153794292843315 0.0257628996661445 0.999549771725091
0.0153385913842612 0.0255330452765321 0.999556297170526
0.012154663506856 -0.0277012064019722 0.999542348937208
0.0174099761135021 -0.0242778989043697 0.99955363855899
-0.303343376242234 0.95288125072707 0.000343660846346983
0.599928606588768 -0.800053465438137 -0.000345596420868834
-0.014759991320442 -0.0251973947548586 0.999573526036874
-0.0152395569823697 -0.0208052446250578 0.999667393536006
0.00982216301762107 0.0287826007510181 0.999537436521346
-0.0169309139662936 0.0246232924718526 0.999553419092802
0.0965745658738594 -0.995325624429394 -0.000504559720904145
-0.0151113302162607 -0.0261315410618134 0.999544291295203
-0.0170655612226457 0.02493667953078 0.999543360057049
-0.0122666425207616 -0.0272734043771628 0.999552745429148
-0.00571843602426597 0.0299142064436269 0.999536112275232
0.0179235418364919 -0.0241590878145803 0.999547440156796
-0.0191664731942366 0.0223961751380518 0.999565434398609
0.0125797067188792 0.0272520363788582 0.999549437242637
0.0936066292340178 -0.995609103762509 -0.000558093771825437
0.0158465469442963 0.0209682201189855 0.999654550679876
4.6368799911705e-05 0.000547819680012736 0.999999848871755
-0.00267108876954116 0.0299674782148276 0.999547305300869
0.0202271215749143 -0.0223623040068922 0.999545292076501
-0.0124475631219121 -0.0274417438444028 0.999545901330751
0.0123560340937126 -0.0277036502014443 0.999539812207093
-0.00876614381222447 0.029060340769481 0.999539219499178
0.00962001196021217 0.0284700453524698 0.99954835395168
-0.0790223684320948 -0.996872702997959 0.000528493070550447
-0.108151034921758 -0.994134328620748 0.000538797854254813
-0.00863761655895737 0.0285155029649009 0.999556030280864
4.39094116077775e-05 0.000533412421189906 0.999999856771566
0.0032186295474859 0.0297740301340604 0.999551473188556
-0.0836280995275611 -0.996496898205597 0.000522337087884276
0.0153493405006634 0.0258762030465938 0.999547307465778
0.00348927734224649 -0.0299287584912125 0.99954594409602
-0.0112310361769536 -0.0207848297380553 0.99972088838793
0.0152153259963168 -0.0261563317582813 0.999542065229761
-0.403041235897912 0.915181792673159 0.000220284874849584
0.0753003708926967 -0.997160771573216 -0.000499778882405753
-0.0177345434186449 -0.0245619108181129 0.999540993910052
0.094798002269956 0.995496378600836 -0.000546770744778801
-0.397168338967592 -0.91774573797526 0.000266364353970149
0.00990669843179692 0.015452876503318 0.999831518774016
-0.0117932040008673 0.0281897563246049 0.999533019953695
0.0180102975665851 0.0242469430081346 0.999543753387676
-0.0212073444621434 0.00275033942263042 0.999771315938762
0.00958040828461183 0.0286017961595599 0.999544972991985
-0.29660858015831 0.954999069480048 0.000357027610258338
-0.00188807641100085 0.000700301374627863 0.99999797237067
-0.584352894212087 -0.811499597784082 0.00031276545675503
-0.0815574172212728 -0.996668505687441 0.000526751324880903
-0.0977569983222993 -0.995210228231583 0.000413403259453075
0.000503777575753525 0.030711722652039 0.999528156831962
0.00943628165569662 -0.0286713000593633 0.999544352763508
9.24439862221953e-05 -0.0303020277006901 0.99954078384593
0.0882934425626052 0.996094376935942 -0.000510134335736679
0.00640819617998355 0.0292883705902268 0.999550462142802
0.0194611321759611 -0.0211067977543264 0.999587798756561
1.30921934406557e-05 -0.0304598659411541 0.999535990545334
0.0160962017634895 0.0222647998371268 0.999622524244528
0.0165913109265048 -0.0281496950566005 0.999466018967109
-0.371471844370892 -0.928444133968064 0.000398672772227152
-0.0232794075717778 0.018288903920923 0.999561696533275
0.0117623943059001 0.024630864285702 0.999627413892162
0.00317788907349248 -0.0251068000969873 0.99967972351645
0.00869317309469226 -0.0256621050767376 0.999632875161965
-0.00774617497982209 0.0261863316077989 0.999627066865493
0.00662723229305173 0.02944491949799 0.999544434483976
-0.00950198957143893 -0.0288113658134155 0.9995397027603
-0.0179561309501231 0.0212526509093606 0.999612876162881
-0.0230681132421577 0.0117297051826214 0.999665081998854
-0.0156924897083876 0.0290281215786976 0.999455408672325
0.241778816922769 -0.970331239401454 -0.000538079050925563
-0.0094240414655007 -0.0277029617562764 0.999571774987863
4.06906471714395e-05 -0.000412920825747715 0.999999913920328
0.0240535108541993 -0.0112425215792475 0.999647455018081
0.00741560776583942 0.0310817586460781 0.999489336131672
-0.500009519700823 -0.866019835107509 0.000354131211545533
-0.434863936201989 -0.900496108048429 0.000341145929958628
0.0221512866462933 -0.0204072456338006 0.999546329504318
-0.00292451732899624 -0.0268057909853811 0.999636382275095
0.000126725648034875 -0.00367190177761103 0.999993250516195
-0.0804235058464378 -0.996760641517399 0.000532192813651609
-0.018127366147217 0.0251570570332493 0.999519144928195
0.0119184620788829 -0.0276559300920378 0.999546447041066
0.0716541480261936 0.997429354176932 -0.000605389814966253
-0.00622396287097421 0.0295897370987122 0.999542750333676
-0.0275003691383927 -0.00406163088876667 0.999613541750899
0.104527393154293 0.994522007306686 -3.26044240377039e-05
6.01743734892253e-05 -0.000776787067070028 0.999999696490403
-0.0137620385081439 0.00600337524284235 0.999887276537608
0.0859436002608533 0.996299828157469 -0.000591597498891492
-0.000128555154732318 -0.0346403072777145 0.999399836194342
-0.0818575351722789 -0.996643894743205 0.000539450288270422
0.429781375229965 0.90293286364809 -0.000461789671001673
0.0899987501245447 -0.995941821674422 -0.000335880712864846
0.0105386147565975 0.0184481996191822 0.999774275289089
0.0873548789160322 -0.996177092306027 -0.000570871504151
0.029308578937655 0.0032184222710308 0.999565229966879
0.0864516459309327 -0.99625596832166 -0.000398119710337295
0.0842301695902414 -0.996446120977207 -0.000637589426813155
3.02753538803442e-05 -0.000399206747632102 0.999999919858685
0.0758461715908856 -0.99711940254275 -0.000505299708613918
0.000137370350782986 -0.00374617499888554 0.999992973626447
-0.227939327325382 0.973675157893939 0.000591573042684792
-0.00709292206718918 -0.0117659630721557 0.999905621831148
-0.246043308208326 -0.969258684626739 0.000541074437840386
0.0251022578375255 -0.0111867996313774 0.999622294752106
0.0229727349075846 -0.0106582996749354 0.999679275617388
0.637093612928599 -0.770786357968113 -0.000344580666289371
-0.0261810024357941 -0.0236811270409794 0.999376685406222
-0.0134199723358424 -0.00407020504659471 0.999901664051713
-0.0234801247940462 0.0119227899910954 0.999653205275952
0.221189995911858 0.975230521878762 -0.000644130879034485
-0.104571557859057 -0.994516666668493 0.00117856078290502
-0.0681297903608749 -0.997676326109685 0.000529136716940994
0.0906019487962577 0.995887019984639 -0.00057471769999829
-0.0223362276673668 -0.0027867579204984 0.999746631359108
-0.082949297269991 0.996553661069848 0.000463347274897904
0.224602973797267 -0.974450232065099 -0.000499389325973838
0.0764235444603533 -0.997075308498037 -0.000520610853831041
0.0711791986370782 -0.997463413434649 -0.000510431857748163
4.60776390394427e-05 -0.000647616870051475 0.999999789234598
-0.224481166737299 0.974478242444211 0.00060065223136167
0.0174570174572686 -0.00646620521352416 0.999826705350299
-0.213736958106618 -0.976891130596086 0.000481354371318747
-0.00738019159200915 -0.0191477852440643 0.99978942537532
0.019226935094329 0.00386058976195074 0.999807691915584
-0.0192087833157726 -0.00491206668455052 0.999803427801893
-0.368015075072598 -0.92981972339308 0.000431866328363527
0.077250641180021 0.997011489172866 -0.000654900434787649
0.0016248613410141 0.000140089450261702 0.9999986700994
0.20955770082083 -0.977796150086174 -0.000508825455913416
-0.0233835742468559 -0.00254673470026772 0.99972332302383
0.0141455369477462 0.0156380436534624 0.999777652968475
-0.00183333664125772 0.0192530373339974 0.999812962223523
-0.227910089627707 -0.973682003448589 0.000589242082901865
0.333661160564832 -0.942692972726887 -0.000434858452728176
0.34875528266085 -0.937213737097865 -0.00040473596978241
-0.220041652309145 -0.975490334538808 0.000527702972114118
0.0157209055636979 0.00339360482292065 0.999870659922854
-0.0741368517666472 -0.997247955446141 0.000492512560371533
-0.0262089100994277 0.00746348273042167 0.999628625769057
0.227458577816321 0.973787578198501 -0.000589850892394202
-0.252314599744316 -0.967645146375255 0.000462008957871828
0.232400900345095 -0.972619899004189 -0.000594625824431245
0.217418179900357 -0.976078420449675 -0.000502176546366196
0.339275000269335 -0.940687121783656 -0.000461630397221215
0.559404147517327 -0.828894938245888 0.000425547598413979
0.586295588801041 -0.810097115802398 0.000381472249043928
0.387487558713832 -0.921874447517155 0.000945968781047778
0.39982234806909 -0.9165922325209 0.000877078600623648
-5.91615281659085e-05 -0.000742021161988622 0.999999722952216
-0.0175860986251655 0.00154891277875494 0.999844152858009
-0.993051430681617 0.117679890975251 -0.000547066035038079
-0.995402682543906 0.0957767719333697 -0.000556365364861033
-0.913374649329541 -0.407119628827704 -0.000598151595643287
-0.920481587096087 -0.390785567226126 -0.000536902993363968
0.0238401359831299 -0.0176074567055718 0.999560716207208
-0.00801094012782973 0.0105158022336324 0.99991261755298
-0.00335702375064586 0.00371293074151096 0.99998747218995
-0.0973022560422453 0.995254683002298 -0.000622037848569711
-0.307761669412039 -0.951463119667494 -0.00082870580707041
0.857631810580554 -0.514263986082383 0.000479686334642227
0.303347552872923 -0.952879873075455 0.000457879583820103
-0.400741020056657 -0.916191066613328 -0.000751200294366114
0.298900583205121 -0.954284117956794 0.00051339561971861
-0.390988580244538 -0.92039527093983 -0.000689456277026551
-0.996585785377608 -0.0825621503940413 -0.000513522743734296
0.946428331195757 -0.322913532895576 0.000513987269541006
0.00334603306214139 0.00942043898080788 -0.9999500284475
-0.00332514984523145 0.00202698530376058 0.999992417325794
-0.996105752167723 -0.0881651953962699 -0.000478350406846625
0.0390777970714696 -0.0131854628442492 0.999149172719281
0.886789310136241 -0.46217372801205 0.000405664310739594
-0.0833454500524266 0.996520592949242 -0.000493744517939162
-0.394385973437308 -0.918944482446773 -0.000861473469868037
0.295481163361575 -0.955348426748176 0.000515371977170633
0.301543890208966 -0.953452185390358 0.000460925149908434
0.229654099156222 -0.973272151880352 0.000559566737198515
0.229826725584848 -0.973231399236541 0.000565461786058284
0.037191456604964 -0.00504727330861417 0.9992954120718
0.0253367485174283 -0.0094395182194809 0.999634405505507
-0.0252679583978154 0.0109421135849165 0.999620828328772
-0.235387010769142 -0.971901487132755 -0.000674144128621526
-6.18785150993857e-05 -0.000776098405494451 0.999999696921111
-0.0230651936301999 0.0161084840056465 0.999604178455573
0.409657422237431 -0.912239351141953 0.0004032789248634
0.500007396887236 -0.86602101682228 0.00044886540806554
-0.244241042428237 -0.969714332492936 -0.000653108986585694
0.024463062336131 -0.0152846767268661 0.99958388204217
0.41186874048086 -0.91124307434683 0.000447291457458258
0.41149798651233 -0.911410553444365 0.00045843923727674
-0.0205065570272418 0.0217560346961144 0.999552978122315
0.0210553802004181 -0.0202390519221768 0.999573434892058
-0.0439399669450876 0.00444555037152542 0.999024282180748
0.308989778454453 -0.951065026263134 0.000795380269431061
0.953213073923648 0.302298470004447 0.00068610057568343
0.867319175773512 0.497751685532058 0.000840764860963699
0.016320960213384 -0.0242548004302853 0.999572574110455
0.0145821270452056 0.0242979434476529 -0.999598405118302
0.0129264751662185 0.0272795501817141 -0.999544262342424
0.587106606108738 -0.809509466198338 0.000507147672412005
-0.30064386041624 0.953736330326096 -0.000530481038452064
0.00938392937330256 -0.00681955191123318 0.999932715527023
-0.0137815214786027 -0.0253928732415051 -0.999582548694342
0.0126700572354107 0.0271336567678581 -0.999551516591344
0.023113598191453 -0.0113525732605256 0.999668385345365
-0.414006469709364 0.910273771081133 -0.000552014965675358
0.784294670028504 -0.620388247896528 0.000540774218452899
0.667379804629196 -0.744717329262463 0.000543938673608793
-0.0118023680500166 -0.027558531433686 -0.999550514708301
-0.00842951711698121 -0.0283636452993408 -0.99956212756712
-0.0333261149611504 0.0230831990137473 0.999177930092978
-0.412885669109502 0.910782701828307 -0.000542489011013708
-0.502150519785262 0.864780077136583 -0.000523131949461106
-0.409258359052203 0.912418445764648 -0.000418777175262052
0.915584160107785 0.402125635806728 0.000786629999782945
0.586909179981786 -0.809652601412892 0.00052865720833359
-0.307498937581885 0.951548287665068 -0.000509536739890967
0.499225509982439 -0.866471968049426 0.000467725698013515
-0.0257175049285149 0.014088338923745 0.999569971861211
0.0221532404014972 -0.0171160518816213 0.999608060545582
-0.978142760964447 0.207933170011237 -0.000732107865397656
0.411098840791731 -0.911590669841281 0.000440179532449747
-0.023944720222473 0.0103450775908392 0.9996597569889
0.741164355184941 -0.671323408536364 0.000528918149328798
-0.00375885116697965 0.0296034352602866 0.999554654663113
0.497337810784254 -0.867556861617179 0.000440255921593365
-0.50194841961996 0.864897382370676 -0.000549553798667748
-0.0263624838691658 0.00798755030850534 0.999620537246168
-0.309037623597618 0.951049552449505 -0.000704263256467313
-0.58894090936931 0.808175932895466 -0.000516487941423278
-0.0254572750464463 0.0109580613380256 0.99961585023394
-0.0175768124797919 0.0100500810258283 0.999795004755687
0.0269158537996036 -0.0167989114355747 0.999496539958402
0.667397920751157 -0.744701088349056 0.000551714387202377
0.0213952007463836 -0.0208129802035251 0.999554433355217
-0.0204012742635514 0.0220912181930213 0.99954778079248
0.58527578843672 -0.810834165528233 0.000455501821580649
0.703726951695962 -0.710470310997173 0.000560935191543657
0.0262128824294108 -0.0131926024430668 0.999569327278264
-0.868204262197312 -0.496206841865417 -0.000359427838343389
0.410280565346017 -0.9119591241163 0.000643148804109757
-0.58860151744014 0.808423166302898 -0.000487700689061547
-0.00379106192643042 -0.0300229266068715 0.999542020991328
0.00594471744628144 0.0297129257555996 0.999540795754494
0.0305778370309884 -0.0230747833718512 0.999266005753648
-0.0274099193018459 0.0120316869923223 0.999551867004402
-0.868923773903884 -0.494945811999349 -0.000343989732835
0.588461273750628 -0.808525222549607 0.000542030346553822
0.0168163361377515 -0.0249527505290046 0.99954718301836
-0.0237294180867143 0.0129280006937434 0.999634824080938
-0.587843669929432 0.808974372911606 -0.000532631365890413
0.0137317651489658 -0.00393640550665695 0.999897966463369
0.0233917364794101 -0.0183434777831831 0.999558074094395
0.409142987927328 -0.912470192521801 0.000403966739553619
0.667987477626787 -0.74417230393474 0.000558381826177761
0.736930377126733 -0.675968463263306 0.000505906409959082
-0.994596587563072 0.103813014023601 -0.000697228247158095
0.0263837400614 -0.00882197033530387 0.999612960650159
-0.999994626807813 0.00302237025793325 -0.0012695012907152
-0.99445840298067 -0.105130199432027 -0.000354835901155409
0.0255824205409282 -0.0148916509828799 0.99956179323255
0.499982822196858 -0.866035015645829 0.000727449925449985
-0.500012985658746 0.866017766146363 -0.00049284022781398
-0.809026407811339 -0.587772066567665 -0.000518870558411632
0.0184633617132796 0.0245372692670666 -0.999528402143311
0.806275657632791 -0.591539784440516 0.000497325726534689
-0.0148211863236744 -0.0266233111153443 -0.999535658063891
0.668118839989286 -0.744054370010772 0.000556883510105302
-0.742735217692902 0.669585009258778 -0.000558367800151899
-0.0154576126390962 0.0258744833607276 0.999545683459398
0.590079714306041 -0.807344897341333 0.000384059127952237
-0.0224192374188957 0.0198077759602525 0.999552414736248
-0.669142780832646 0.743133663956175 -0.000544384629165734
-0.0228491246904841 0.0195302950571226 0.999548140449404
-0.0267174783879444 0.00846194034492498 0.999607208814637
0.0156164999177405 0.0260697885816936 -0.99953813886896
-0.010980449348344 -0.0264204801445735 -0.999590610180507
0.867642439570996 0.497187987940771 0.000837676965001737
0.75049328934064 -0.660877990450821 0.000323098050606417
0.995135588649333 0.0985127740844356 0.000627332236322439
-0.742706704350813 0.66961662787048 -0.000568323605527091
0.0196830963950687 -0.0231721124959362 0.999537707602259
-0.668849788905459 0.743397349542181 -0.000583587853787474
0.503194764630848 -0.864172911877303 0.000455220396753034
-0.913548578654522 -0.406729554621532 -0.000252657225260645
0.0236338972433004 -0.0152504561437376 0.999604352975967
-0.979077451088304 -0.203487628656244 -0.00036021422645221
-0.999991984157792 0.0038063019950909 -0.00124245132053782
0.498238762202439 -0.867039760067954 0.000436234210150693
-0.978384624137904 0.2067923923116 -0.000658583766940959
-0.994487771904916 -0.104852172516848 -0.000305696078785797
-0.951377305128035 -0.308027890250235 -0.000205220143986778
0.0111416702020984 0.0240116905397619 -0.999649589557526
-0.0224445041692932 0.0197898633474166 0.999552202509346
0.00976696061415343 0.0280223791864558 -0.999559579387388
0.806318161402401 -0.591481864827547 0.00047557625938895
-0.951106661155957 -0.308862550800636 -0.000209326757112855
-0.668734603207716 0.743500986997022 -0.000559291581868403
-0.0242754435086155 0.0173187126520932 0.999555283630943
-0.00679644677698452 -0.0294505101143039 0.999543133519117
0.0193248489093565 -0.0230819904209829 0.999546783263713
0.00190470675173802 -0.00318157863473148 0.999993124801156
0.0113221611759615 -0.0279664605759794 0.999544739243401
-0.00970950756695697 0.0285790932641116 0.999544376649185
-0.0174271702828198 -0.0248245250895219 -0.999539912504755
0.00901973708929714 0.029160309347266 0.999534051796942
-0.980073572138333 -0.198634070381483 -0.000547064613938361
0.741887311595587 -0.670524340738221 0.000570413049010175
0.741027795033077 -0.671474124102573 0.000554661245500425
-0.994568676549734 0.104080123523991 -0.000689574754120267
0.809002625864798 0.587804486083998 0.000798425568910064
0.00272041994620149 0.0298933925087212 0.999549390675436
-0.0127148628331352 0.027438220925812 0.999542633555748
-0.912216005160925 -0.409709435555692 -0.000371947413817469
0.915818902163699 0.401590745915963 0.00078181477134849
-0.978148575480825 -0.207907044784271 -0.000158157847457182
-0.979994504780299 -0.199024015653778 -0.000460210235644745
-0.741776998046741 0.670646359441669 -0.000587993538430916
0.913534417422547 0.406760518698337 0.000865224079160104
-0.00982452402327036 -0.028829464320758 0.999536062738456
0.00589148631407195 0.029681357776043 0.999542048835156
-0.00357411763086112 -0.0299669736080417 0.999544499347546
-0.00123280589005867 0.0304413242693584 0.999535795240153
-0.0119034001815933 -0.02782566910934 -0.999541915680746
-0.999999239080725 3.72370857535217e-05 -0.00123306584192799
-0.995350359278703 -0.0963188615850892 -0.000582397380396851
0.995369529640258 0.0961205631314062 0.000580350783441404
-0.955693225866941 -0.294363848960481 -0.000618431249824002
-0.999962378759796 0.00855795678379064 -0.00141507622982734
0.00844807745192597 -0.0290212157171066 0.999543095131805
-0.016029461871877 0.00839918060721403 0.999836241650214
-0.0180719240413893 0.0240861150270699 0.999546529494423
0.999971502976812 -0.0073979577556974 0.00150447842801891
0.976582290571027 -0.215143271339684 0.000634460641513291
0.979827569584431 0.199843837233615 0.000612047393177237
0.0215376119682049 -0.0208044156620289 0.99955155322758
0.58558182307256 -0.810613179685783 0.000448783601548774
0.807020425150655 -0.590523303069082 0.000511783193179496
0.993701669202806 -0.112056707681928 0.000535618374882531
0.863604537287802 -0.504169570683044 0.000497165159255154
0.979783805717422 0.200058248222837 0.00062559723107292
-0.993717474705169 0.111916400826326 -0.000547441013698247
0.978975899769363 0.203974764403695 0.000695095117497435
-0.0246858776374058 0.0176415727331713 0.999539585187486
0.976532424563552 -0.215369701599162 0.000561612962175076
0.0168158191209119 -0.0249852786325399 0.999546379153537
0.0197549390670912 -0.0236154564725365 0.999525913920219
0.91091017086464 -0.412604480815051 0.000450584835567409
0.806874217912714 -0.590723038833469 0.000536525021045163
0.949076554270532 -0.315045134217237 0.000507484006271448
0.953129162104651 0.302562864867081 0.000716344268481329
0.863468640071097 -0.504402278060855 0.000499500539998029
-0.808128625555063 0.589005826005023 -0.000511361540369772
0.0141736865304667 -0.0266639257958496 0.999543966852529
0.0232309800542203 -0.0181229801698537 0.999565845332604
-0.0254548126713615 0.0180832315205251 0.999512405750745
-0.0174778947608265 0.0190099744851173 0.999666516426756
-0.0127210687193026 0.027422571833697 0.999542984050543
0.506621695017962 -0.86216833976188 0.000460488187905492
0.0265013810304842 -0.0130314000061141 0.999563834588546
-0.0199761208957782 0.0217726529734741 0.999563357760004
0.0135373080860257 -0.025603301451081 0.999580518139779
0.864314902588374 -0.502950770759822 0.000520918180317056
0.00597424939538166 0.0295446204263583 0.999545608638257
0.0192430675287437 -0.0229729002073218 0.999550874247103
0.911476224842756 -0.411352445773988 0.000506855162795913
-0.808197910847391 0.588910733033635 -0.000534246853027683
-0.026411197349752 0.0242593078345336 0.999356760440405
-0.864192055191439 0.503161864974921 -0.000478935231944998
-0.387849209409572 -0.921722608325581 -0.000651200321225868
0.654548036001974 -0.756020204864247 0.00056427208111839
-0.0255869559575719 0.0144130219022193 0.999568693229471
-0.0178957044503847 0.0236330231334364 0.99956051541655
0.657717845162397 -0.753264174530259 0.000565264699940548
0.911373753910955 -0.411579440712507 0.000494636264864097
0.669126610628401 -0.743148401305846 0.000180514579246043
-0.0204108356928332 0.0219893978404382 0.999549830758295
-0.0756190958782095 -0.997136613276139 -0.000571666646354557
0.0942428641620088 -0.995549076126921 0.000565311751365742
0.949033173951928 -0.315175804841891 0.000496770567588436
0.737556038849664 -0.675285741703076 0.000506565808762442
-0.0177005173612078 0.0237806621562593 0.999560489311455
0.978981691814112 0.203946956723633 0.000697091061306416
0.55547107793647 -0.831535761646848 0.000398344691103782
0.0224749158620888 -0.0222704932897889 0.999499326305737
0.0139146662742368 -0.026192517227282 0.99956007028281
-0.0226907102303069 0.0198559671390251 0.999545332757959
-0.0154774666119532 0.0256925856633606 0.999550068315343
-0.0943728856693767 -0.995536716082481 -0.000636696273235579
-5.37068376710463e-05 0.000545664312122644 0.999999849683006
0.0747678067985859 -0.997200801739338 0.000579721442718352
-0.0828343178651696 -0.996563171476176 -0.000566604940336567
0.029528758337573 -0.0131235594036396 0.999477775950832
-0.00989868928844845 -0.0284680346626969 0.999545690277745
-0.00136573842223869 0.0302261276884341 0.999542153169902
0.0113434251848173 -0.0279426151530781 0.999545165044323
0.995116578130158 0.098704592882841 0.000631881601131726
0.95168785495802 0.307066155892701 0.000776292909660669
0.951702582378324 0.30702050822073 0.000776032418296471
0.00241347197842584 -0.0299663340055953 0.999547994835303
-0.00645486658407462 -0.0234135160405406 -0.999705027477606
0.00900452679229915 0.0288745711575977 0.999542484158483
0.00285711320324711 0.03027614357628 0.999537489058961
-0.997019695388909 -0.0771460524800601 -0.000462161607727819
0.857371963765401 -0.514697096750785 0.000462974483109819
0.99996963016642 -0.0076536977819178 0.00146957650265543
-0.995371109381932 0.0961041254450678 -0.00059302632365755
-0.00155374924076312 -0.0300036769555919 0.999548580726541
-0.00693884115982738 -0.0293780893690883 0.999544286336719
-0.99307777540338 0.117457403459721 -0.000538862110309455
0.946599321068067 -0.322411939718042 0.000516217709330879
0.0192354774859082 -0.0179160973196533 0.999654445227311
0.0141829883015581 -0.0221431556473695 0.999654201962266
-0.00709280478848556 0.0295932741745759 0.999536857871615
-0.921206119625866 -0.389074572297151 -0.000512206640438699
0.78307178782649 -0.621931101411272 0.000529346376826282
-0.239174431617025 -0.970976382491162 -0.00067520741231708
-0.0144179877405336 0.0242645132264787 0.999601598151682
-3.99149234546004e-05 -0.000540301082672032 0.999999853240759
-0.958503556475115 -0.285079795161862 -0.000665293187873498
-0.978305508687521 0.207166366548574 -0.000654402561757446
-0.999964530346979 0.00829733199134572 -0.00144648877356458
0.91100024796936 -0.41240560676976 0.000404604289263704
-0.971012488733564 -0.239027807174876 -0.000673884724112722
-0.104560153112751 0.994517900105344 -0.00114923935498997
-0.0772343153023179 0.997012744496489 -0.000669216976449067
-0.231489599511329 -0.972837133569831 -0.000690554646409854
-0.239977594019264 0.970778167974434 -0.000709191742259076
-0.0773535636290252 -0.997003560269538 -0.000571842423441762
0.0776773370360888 -0.996978392761751 0.000561851561743899
0.239049005273268 -0.971007348526623 0.000549713706128397
-0.0810927699249739 -0.996706392033391 -0.000575104926444308
-0.00760600403910167 0.0022956749612654 0.99996843879146
0.749649664013994 -0.661834776235143 0.000331978137878313
0.707583704913318 -0.706629308579944 0.00056638941804426
-0.0907483736929679 0.995873607068889 -0.000701010471272516
-0.00744041374290683 2.42349401249634e-05 0.999972319444895
0.000995363050552458 -0.00095552018476231 0.999999048116334
0.0224463941992833 -0.0258987846000634 0.999412533613467
0.229556815247599 -0.973295100631134 0.000561836997046051
-0.00855172562149319 0.00264146717365051 0.999959944517812
0.0848425937750841 -0.996394254928084 0.000472258218898412
0.0309350457360388 -0.00440355472970232 0.999511696605423
0.0224313381027715 0.00262896918080555 0.999744929265443
0.00193934754713238 -0.00321394329514475 0.999992954724976
0.0854467512689759 -0.996342539019158 0.000630585787117784
-4.24464725745461e-05 -0.000578121426703305 0.999999831986942
0.0747551953661502 -0.99720174586307 0.000582076810175359
-5.43130925211692e-05 -0.000713192737172817 0.999999744203071
-0.0206016556323367 0.0117142719596981 0.999719134366078
-0.233480739081899 0.972361230621035 -0.000617788730757078
0.0060764148995638 -0.00385589214681937 0.999974104303567
-0.0147347796920722 0.00296744273906869 0.999887033894838
-0.978054720998378 -0.208347885166275 -0.000348539129447668
0.0103793787779212 -0.00296498918556556 0.999941736970367
0.080234777614193 -0.996775836885667 0.00055808787720024
-0.0764011300684588 -0.997076996434257 -0.000574896428649424
-0.0873934924331908 -0.996173693136354 -0.000592100841504371
-0.0793969211133232 -0.996842916506226 -0.000573349008345024
-0.970914643666025 -0.239424928293616 -0.000677071984970727
0.394967684439902 -0.91869477503421 0.000662248460637229
0.386907854342895 -0.922118171656956 0.000624297854143088
-0.234374142566533 -0.97214621609043 -0.000704157128760698
0.248308801630583 -0.968680702937945 0.000659384889713243
-0.0745611682056868 0.997216277877726 -0.000572128916423316
-4.25192858104518e-05 0.000590830211264232 0.999999824555871
-0.0860787938394154 0.996288238958101 -0.000431468326103504
0.0747421629942146 -0.997202715796482 0.000593867886761718
0.0244597516870979 -0.00666996407147438 0.999678564402924
0.0701516549977901 -0.997536167898824 0.000582266949991454
-0.231411676226206 0.972855718013932 -0.000622923570764133
0.0174760343199497 -0.00220526990263454 0.999844850468864
0.821611535330535 -0.570047582718841 0.00048831158796164
-0.0215752654472719 0.00489905695418701 0.999755223623182
0.82277149095213 -0.568372091028192 0.00048971078138793
0.0121333501385284 -0.0101680889222218 0.999874688039499
-0.235523707886661 0.971868346103039 -0.000707719056273949
-0.0187002357271085 0.00369900849149465 0.999818292751203
-0.0769983989051551 -0.997031053876435 -0.00056936112332691
0.886279142191384 -0.463151287713366 0.000408418847148158
0.346027299279405 -0.938224307239585 0.000507403391017061
0.10452789502426 -0.994521955029012 1.12725116168845e-05
-0.22113534646963 -0.975242950952311 -0.000587502838074739
0.209169348342166 -0.977879179827312 0.000702406134335204
0.211603533615897 -0.977355437235604 0.000542095256985836
0.0150065359393281 -0.00627187039506865 0.999867725012088
-0.011716721538797 0.0156917373778132 0.999808225518498
-0.000455895038765834 -0.000518647492230835 0.999999761582218
-0.995797928133506 -0.0915768115923871 -0.000417017492359221
0.0569504351282724 -0.998376879340512 0.000504714772685182
0.000319487458948417 -0.000663217799875015 0.99999972903492
-0.238434770408664 -0.971158338951545 -0.000583904994992346
0.249081516371075 -0.96848232385415 0.00062175907909931
-0.00100207649053847 -0.000377732877854311 0.999999426580126
0.00554971350998743 -0.00188034927549259 0.999982832335915
0.230018170696089 -0.973186150039086 0.000598766838591154
0.22252010603726 -0.974927957522101 0.000529198404530053
0.34875551930012 -0.937213604887563 0.000496559525441261
0.197636034811716 -0.98027517144273 0.000765504297332872
0.0329736803542547 -0.0105401518771846 -0.999400641185657
-0.104421213359664 0.994523074988072 0.0044792317158328
-0.00199659915909242 0.00545353344003223 -0.999983136140213
-0.00221156930871594 0.00577351658286555 -0.999980887551087
9.16021958166319e-05 -0.000366252194245393 -0.999999928734182
-0.0123770033769776 0.00283984600364396 -0.999919369280384
-0.000202984709112356 0.000326658673387644 -0.999999926045657
0.000900705797239319 -0.00270284936211618 -0.999995941658961
-0.0334192805718081 0.0095071659696605 -0.999396200453698
-0.0383852012123274 0.0121394383717073 -0.999189276545695
0.00221402766358335 -0.0108367916356608 -0.999938829143338
-0.00223719536540841 -0.0183752211961784 -0.999828658422476
-0.000428964627044615 0.00840747793224088 -0.999964564524247
0.00778498310512914 -0.00226025337767025 -0.99996714210654
0.0282445629496343 -0.0164469470273613 -0.999465728575654
0.00131192973690912 0.00198351471911527 -0.999997172250864
-0.913551656517323 0.406722148765001 -0.000681599909319526
-0.018386038941762 0.0198742768602928 -0.999633416153798
-0.80901658202826 0.587785819279776 2.56303325283764e-05
-0.841827252744341 0.539747048659534 -4.88142559795249e-07
-0.0733546382850413 0.997297485284821 0.00410157124074952
0.0192630657897234 -0.0216794834747637 -0.999579378685179
-0.0283404680599273 0.0154922588058587 -0.99947826779137
0.0430836194335678 -0.01378572699023 -0.998976353808164
0.0179706714887091 -0.0162820837814553 -0.999705931118736
-0.669045137203043 0.743212567615515 0.00369915170203171
-0.098149791441199 0.995157967544425 0.00521901072019498
-0.719866342826769 0.694107992629066 0.00255793542931481
0.0300322273718497 -0.00853341727361533 -0.999512504228296
0.0238947102725958 -0.0180663412253272 -0.999551224368076
-0.0183936078217812 0.0157712328553105 -0.999706428610681
-0.0242461538134033 0.0169726585842297 -0.999561930490472
-0.025354981290695 0.0182418986970088 -0.999512059985109
0.0271922016939777 -0.0162779508163991 -0.999497680079475
-0.0279441536956407 0.0156490365093408 -0.999486984372765
-0.0194999263837726 0.0207698904850873 -0.99959409988268
0.0188138400899192 -0.0213615796200127 -0.999594779066602
-0.0117937246548979 0.0228099980468097 -0.99967025165695
0.0180136996065952 -0.0255264862619693 -0.99951183340949
0.0109692201503205 -0.0257249543988654 -0.999608874975843
-0.0262294669705057 0.0114080880506735 -0.999590851593526
0.0259626801677351 -0.0153950264118517 -0.999544362397331
0.0223410449299274 -0.020843226045981 -0.999533109826501
-0.499869159320184 0.866088255961241 0.00468577064616449
0.0279011526354442 -0.0131031627958864 -0.999524803497321
-0.00859504727148197 0.0297936048880038 -0.999519117511105
-3.15213356377858e-05 -0.000392485782039517 -0.999999922480655
0.00438148214896846 0.0254466091142757 -0.999666580765189
-0.0276875941377195 0.00643497809501861 -0.999595912450517
-0.0254476793175168 0.0131801142268312 -0.999589265751849
-0.0234365376893814 0.0189776043477714 -0.999545186189376
-0.0134056064750467 0.0218732562876516 -0.999670871024264
0.0283675677564046 -0.0124720123719357 -0.999519749683307
0.024496544141674 -0.0170456254665237 -0.999554583790985
-0.567791456928844 0.823160647328203 0.00440569277578229
-0.000205068077805763 0.000813728749886162 -0.999999647896241
0.0222289552245627 -0.0195812704171536 -0.999561127394656
0.0039279893283665 -0.0190008230348446 -0.99981175209328
-0.308849282432038 0.951095383771969 0.0054490098978114
-0.0218908829112485 0.0186290148974095 -0.999586789153057
-3.79268039026517e-05 -0.000421333582743112 -0.999999910519781
-3.01046574756879e-05 -0.000308861468881728 -0.99999995184915
0.00972689865495216 -0.0243113248807949 -0.999657114677376
-0.00195195018280107 0.00503056416007361 -0.999985441551383
0.00353429682996282 -0.00580726789910086 -0.999976891925741
-4.14885317752949e-05 -3.1063770649897e-06 -0.999999999134526
-6.65819044025442e-05 -4.96607756415534e-06 -0.999999997771094
-6.63640494984635e-05 -4.93670260284062e-06 -0.999999997785721
-0.024667641435119 0.0164571726397764 -0.999560237771958
0.00027419308562968 -0.000765636254542137 -0.999999669309584
-0.396731808030786 0.917923366998448 0.00453484452385305
0.00144729727267143 0.00376769346934517 -0.999991854875091
-0.290410375325741 0.95689122686793 0.00458190422758833
0.0157593176452017 -0.00179323633714664 -0.999874206193357
0.0114222910815328 -0.0195937784333806 -0.999742774474091
0.0174770259101201 -0.0267133152294585 -0.999490346303949
0.00880600115705825 -0.0113559136474379 -0.99989674345347
-0.00879603181569628 0.000340000826128325 -0.999961256361333
0.000579755100147636 -0.0341686814739411 -0.999415911965762
-0.0216871971292935 0.0219391871024784 -0.999524055513402
-0.0305398548016468 0.0123017576639683 -0.999457845047539
0.0294165935659127 -0.00282827344076368 -0.999563237065231
-0.47150652185849 0.881851344041419 0.00445048955204676
-1.21249352660764e-05 -0.000160013881929435 -0.999999987124272
-2.74293927592254e-05 -0.000256760303528079 -0.999999966660887
-5.02242589743209e-05 -0.000182383911851209 -0.999999982106816
0.00110650852224184 -0.00506064053775239 -0.999986582688107
0.00244264929420426 -0.00375346972182121 -0.99998997241446
0.0210170459638598 -0.0216088109948591 -0.999545568279076
-7.99902895283427e-05 0.000242043181665108 -0.999999967508325
-0.0100713138610769 0.0172009205273761 -0.999801328749929
-0.395812677615194 0.918320071130168 0.00453554832128052
-0.634484288659663 0.772923558658497 0.00434280033225375
-0.00311783864785148 0.0381779907980641 -0.999266090738993
0.000324161466254825 -0.00373404639190428 -0.999992975883774
-4.15849593308326e-05 -0.000573329176199319 -0.99999983478216
-0.000361372531350244 0.00482539428580976 -0.999988292421406
-0.0255467630279218 0.00160650967211791 -0.999672337331322
-0.77303336840375 0.634364015181628 0.0013067428956524
-0.567549965571114 0.823327103643568 0.00441780331393432
-0.00232614439238859 0.0110479508315442 -0.999936263886199
-0.881919843673444 0.471399383470566 -0.000102949400626703
0.00424317427111439 -0.0213127237631098 -0.999763853756427
-0.0219911992142696 0.0345291773570829 -0.999161710169161
0.0113304202588515 0.0339838214486584 -0.999358154745586
0.00255931444717825 -0.00684017561708646 -0.999973330597915
-0.7198216779817 0.694154271391534 0.00256893294926811
-0.0016647660695546 0.00430685389988998 -0.999989339724889
-0.842160411788157 0.539227076878773 1.94313122482002e-05
-0.926177759071112 0.37708700831345 -0.000383096887481421
0.000912201795876438 -0.00416787035193726 -0.999990898330886
-0.0253902771468784 0.0111913196975974 -0.999614969970854
-5.37496658209106e-05 0.000159802245901943 -0.999999985787108
-8.74192317426655e-06 -5.5022735518091e-07 -0.999999999961638
-0.228807844538578 0.973459501123209 0.00485488934601732
-0.0100902262388754 0.0126171328274602 -0.999869489130288
0.000897165458549615 -0.00406876750273924 -0.999991320074904
-0.00158820016490493 0.00725041168090624 -0.999972454195961
0.0257984097498921 -0.0193214565691544 -0.999480426707008
-0.0192388659516987 0.0233362506984917 -0.999542538084413
0.010353595652802 -0.0172214819404034 -0.999798091424881
-0.0204152015716018 0.00567935141899237 -0.999775457046356
0.0254251660237241 -0.0123008450404945 -0.999601045489627
0.00200837112113743 0.0111139320622198 -0.999936221445926
-0.00480624774676227 0.0127818764923774 -0.99990675746088
0.0171983679828453 -0.00188879968209451 -0.999850313084157
-0.0109482449552843 0.0134317265643525 -0.999849851054597
0.0152105197432073 -0.0190694750066574 -0.999702453339048
-0.0229015771006105 0.00174233359856153 -0.999736206226391
0.0157336020532572 -0.0049133776620539 -0.999864147015173
-0.0123634894550636 0.00134945830664208 -0.999922658554537
-0.224581453201793 0.974443221610639 0.00485579394644191
0.0170140723753619 -0.00336003132178908 -0.999849604455952
0.000763596643324174 -0.0116625861767577 -0.999931698169348
-0.00303835682106434 -0.0196281042089486 -0.999802733499459
-0.0733546387533173 0.997297491651297 0.00410001456120927
0.000602279671790767 0.999999818629582 -0
0.000633849457353612 0.999999799117413 -0
0.000627842720297309 0.99999980290674 -0
0.000614278536289723 0.999999811330922 -0
0.000504875726097069 0.999999872550242 -0
0.000650807611613178 0.999999788224704 -0
0.000482917298889369 0.999999883395434 -0
0.000553353961895526 0.999999846899685 -0
0.000542145032757225 0.999999853039371 -0
0.00064799589182863 0.99999979005064 -0
0.000504261286189864 0.99999987286027 -0
-0.000471026698766075 -0.999999889066918 0
0.000485085330028215 0.999999882346104 -0
0.999999848519282 -0.000550419307246168 -0
0.999999863540712 -0.000522416075993129 0
0.000597744656359434 0.999999821350647 -0
0.999999814268741 -0.000609477221009466 -0
-0.00045657598238648 -0.999999895769181 0
0.999999852116336 -0.000543844928737379 -0
0.000528604247014422 0.999999860288765 -0
0.000632108583365975 0.99999980021935 -0
0.999999857345713 -0.000534142820680099 -0
0.000496961348893387 0.999999876514701 -0
0.999999876149489 -0.000497695696558567 -0
0.999999844144801 -0.000558310284308592 -0
0.000590956714157399 0.999999825385066 -0
-0.000495173617450534 -0.999999877401537 0
-0.000492423364358101 -0.999999878759608 0
0.000512362917299864 0.999999868742112 -0
0.000551876419131589 0.999999847716197 -0
0.000629861535764236 0.999999801637203 -0
0.000484778110065658 0.999999882495085 -0
0.000592735597865998 0.99999982433224 -0
0.000556426044770579 0.999999845195016 -0
-0.000462064845422801 -0.999999893248034 0
0.000634885204031901 0.999999798460368 -0
-0.000487393816212714 -0.999999881223627 0
0.000501592931292562 0.999999874202258 -0
0.999999865608511 -0.00051844282219975 -0
0.000647852526424443 0.99999979014353 -0
0.000495790967748434 0.999999877095651 -0
0.999999869258771 -0.00051135353852832 -0
0.000498871898464806 0.999999875563407 -0
0.999999865696494 -0.000518273088708702 -0
0.999999839320209 -0.000566885841318738 -0
0.000623269637284237 0.999999805767461 -0
0.999999842306627 -0.000561593020608524 0
0.000638893556463275 0.999999795907491 -0
0.000589994076192531 0.99999982595348 -0
-0.000470561474135439 -0.999999889285943 0
0.000632933618404166 0.999999799697497 -0
-0.000492891470252547 -0.999999878528992 0
0.000555732617145091 0.999999845580617 -0
0.000484927325369581 0.999999882422738 -0
-0.000491507583452249 -0.999999879210141 0
0.000497812752135116 0.999999876091224 -0
-0.000478759672135754 -0.999999885394582 0
0.000600345722960009 0.99999981979249 -0
0.000549954111775918 0.999999848775226 -0
0.000625586883324277 0.999999804320507 -0
0.000630016600908337 0.999999801539522 -0
0.000503275306879449 0.999999873356975 -0
-0.000484154909889202 -0.999999882797005 0
0.999999845118474 -0.000556563589425821 -0
0.999999861900315 -0.00052554671591159 -0
0.99999986628267 -0.00051714083360884 -0
0.000493102123725708 0.999999878425141 -0
0.000610913785535355 0.999999813392156 -0
-0.000486542412957888 -0.999999881638233 0
0.000567646556962713 0.99999983888868 -0
0.999999878030939 -0.000493900907259837 -0
0.0005645217962314 0.999999840657558 -0
0.000515490646885091 0.999999867134688 -0
0.000550126755640419 0.999999848680265 -0
0.000518340434953269 0.999999865661588 -0
0.999999846517378 -0.000554044420934067 0
0.000536062217703144 0.999999856318639 -0
0.999999841467498 -0.000563085231673775 -0
0.000505665662054989 0.999999872151111 -0
0.999999863597236 -0.00052230786798288 -0
0.000507210551173109 0.99999987136872 -0
0.000519247426467573 0.999999865191046 -0
0.000538233188151455 0.999999855152507 -0
0.999999844569227 -0.00055754956865263 -0
0.000639039890459361 0.999999795813988 -0
0.99999984568628 -0.000555542452782283 -0
0.000559518616719341 0.999999843469446 -0
0.000637316536987346 0.999999796913795 -0
-0.000489942263413784 -0.999999879978282 0
0.000624782279155322 0.999999804823533 -0
0.000561461354926116 0.999999842380561 -0
-0.000481556782439409 -0.999999884051526 0
0.999999804371774 -0.000625504926971161 0
0.000493915517379122 0.999999878023723 -0
0.000630437907782358 0.999999801274003 -0
0.000599582038724607 0.999999820250673 -0
-0.000470552713884337 -0.999999889290066 0
0.000553014553140075 0.99999984708744 -0
0.00049210444466186 0.9999998789166 -0
-0.000487619108910821 -0.999999881113795 0
0.999999876545246 -0.000496899881618904 -0
0.999999860468121 -0.000528264838245341 -0
0.000649087226769709 0.999999789342864 -0
0.999999842198146 -0.00056178615355906 -0
0.000551458022606066 0.999999847947013 -0
-0.000469721770597404 -0.999999889680723 0
-0.000463112321173417 -0.999999892763483 0
0.000553195928149872 0.999999846987121 -0
0.000617859761228957 0.999999809124639 -0
0.000487806362911491 0.999999881022469 -0
0.999999837368745 -0.000570317880166234 0
0.000499275684905839 0.999999875361888 -0
0.000633126751341521 0.999999799575238 -0
0.000503711223938235 0.999999873137493 -0
0.999999866211561 -0.000517278320065139 -0
0.999999865675255 -0.000518314066890358 -0
0.000638366893775353 0.999999796243834 -0
-0.000470093339122069 -0.99999988950612 0
0.000608707716022814 0.999999814737441 -0
-0.000481439755963889 -0.999999884107874 0
0.000550849403508323 0.999999848282456 -0
0.000493306956434141 0.999999878324116 -0
0.000548090361301627 0.999999849798467 -0
0.999999838624472 -0.0005681118106268 -0
0.00049750262179601 0.999999876245563 -0
0.999999866429405 -0.000516857013134184 0
-0.000490512814768398 -0.999999879698582 0
0.999999863450506 -0.000522588719865279 0
0.000639367541240423 0.999999795604553 -0
0.000635540563806661 0.999999798044076 -0
0.000623293036754473 0.999999805752876 -0
0.999999807860751 -0.000619901976203987 -0
0.000502175182374096 0.999999873910035 -0
0.000607262362137627 0.999999815616195 -0
-0.000490147037915525 -0.999999879877933 0
-0.000487039797302892 -0.999999881396111 0
0.000554401408396525 0.999999846319527 -0
0.000631824762930639 0.999999800398714 -0
0.000496063088495255 0.999999876960699 -0
-0.000482639328268722 -0.999999883529633 0
0.999999872748121 -0.000504483639396213 0
0.999999856103695 -0.000536463035531076 0
0.999999840055761 -0.000565586821420022 0
0.000484242687021454 0.999999882754503 -0
0.999999843186105 -0.000560024790361075 -0
0.000506979408613223 0.999999871485931 -0
0.000526506443540799 0.999999861395473 -0
0.000530292443295302 0.999999859394953 -0
0.999999842158708 -0.000561856351973253 -0
0.000642041774637288 0.999999793891159 -0
0.99999979867395 -0.000634548705687335 -0
0.000507508981770958 0.999999871217308 -0
0.999999857397258 -0.000534046312408094 -0
0.999999872573869 -0.000504828927150007 -0
0.000500744438437952 0.999999874627496 -0
0.999999869083666 -0.000511695857688605 -0
0.00051265255854098 0.999999868593668 -0
0.000531609100185356 0.999999858695872 -0
0.000547007815581746 0.999999850391214 -0
0.000553690402061092 0.999999846713458 -0
0.000651691261709345 0.999999787649227 -0
0.000566461624039766 0.999999839560601 -0
-0.000457272347712973 -0.999999895450995 0
0.000562207460459376 0.999999841961373 -0
-0.000483086974181783 -0.999999883313481 0
0.000627520832065128 0.999999803108783 -0
0.99999985556482 -0.000537466593498483 -0
0.000485769968375502 0.999999882013762 -0
0.000518009815533028 0.999999865832907 -0
0.999999851715078 -0.00054458224493851 -0
0.9999998479664 -0.00055142286519072 -0
0.000592835074723854 0.999999824273272 -0
0.999999849682987 -0.000548301014756627 -0
0.000514776730123052 0.99999986750245 -0
-0.000509653584253241 -0.999999870126604 0
0.000506879931747208 0.999999871536359 -0
0.000575338556170847 0.999999834492759 -0
0.000541463304851522 0.999999853408734 -0
0.00063205881583682 0.999999800250807 -0
0.999999873579251 -0.000502833452640508 -0
0.999999858205516 -0.000532530701799107 -0
-0.000488994293675811 -0.999999880442283 0
0.000555056768226369 0.99999984595598 -0
0.000565422966913617 0.999999840148421 -0
0.000543180779541475 0.999999852477309 -0
0.000492704216253278 0.99999987862127 -0
0.999999877840117 -0.000494287114994611 -0
0.999999855512914 -0.0005375631599776 -0
0.999999858179012 -0.000532580469333948 -0
0.000503635146545301 0.999999873175812 -0
0.999999859979275 -0.00052918940845381 -0
0.999999874128876 -0.000501739207106655 -0
0.999999855656 -0.000537296918220191 -0
0.000506449835455062 0.999999871754274 -0
0.999999867791475 -0.000514214968143662 -0
0.000523481101254936 0.999999862983759 -0
0.000513398664132954 0.999999868210897 -0
0.000544187247880053 0.999999851930109 -0
0.999999845678131 -0.000555557121107791 -0
0.000518688574874294 0.999999865481072 -0
0.000551961227664899 0.99999984766939 -0
0.999999858882463 -0.000531257991681612 -0
0.999999855492481 -0.00053760116956823 -0
0.000550000910719638 0.999999848749488 -0
0.000517029657007831 0.999999866340158 -0
0.00054602177813009 0.999999850930098 -0
0.000634513606482726 0.999999798696221 -0
0.999999847169964 -0.000552865308748147 -0
0.000603818681780981 0.999999817701483 -0
0.000569352331842187 0.999999837918948 -0
-0.000486849603815831 -0.999999881488725 0
-0.000508992345403736 -0.999999870463388 0
0.999999876782102 -0.000496422986372645 -0
0.000555753106234683 0.999999845569231 -0
0.000558131819682374 0.999999844244424 -0
0.000505653962318238 0.999999872157027 -0
0.999999861472508 -0.000526360109524649 -0
0.999999877884938 -0.000494196427481326 -0
0.000620557335997238 0.999999807454278 -0
0.999999864882462 -0.000519841377269854 -0
0.000634926124000098 0.999999798434388 -0
0.000632635187852544 0.999999799886339 -0
0.000623404213341898 0.999999805683574 -0
-0.000490907753652126 -0.999999879504781 0
0.000564439898081875 0.999999840703788 -0
-0.000498134582210961 -0.999999875930961 0
0.000557195549781723 0.999999844766547 -0
0.000493742931707072 0.999999878108951 -0
0.999999875399868 -0.000499199607512398 -0
0.000570209613956841 0.999999837430485 -0
0.999999860512949 -0.000528179971501132 -0
0.000560592373063018 0.999999842868083 -0
0.000639063289928898 0.999999795799035 -0
0.000498283826615768 0.999999875856606 -0
-0.0004839062177157 -0.999999882917379 0
0.000610884565300709 0.999999813410007 -0
0.000559954591946665 0.999999843225415 -0
-0.000495691490880746 -0.999999877144965 0
0.000636865951677973 0.999999797200859 -0
0.000638270385515286 0.999999796305437 -0
0.000956057067171733 -0.999999542977338 -0
-0.999999570397238 -0.000926933298062577 0
0.00095220966084927 -0.999999546648278 -0
0.000948408995192677 -0.999999550260088 -0
0.000943274094718096 -0.999999555116892 -0
0.000911183540764445 -0.999999584872191 0
0.000955469053941558 -0.999999543539339 -0
0.000960103485252321 -0.999999539100543 -0
-0.9999995723071 -0.000924870594974678 0
0.000962496806488818 -0.999999536799841 -0
0.000959354469794028 -0.999999539819395 -0
-0.999999573302297 -0.000923793928801382 0
0.000907113722668857 -0.999999588572262 0
-0.999999575704499 -0.000921189894912628 0
0.000908243066781432 -0.999999587547181 0
0.000917090798500007 -0.999999579472145 -0
0.000996755416203802 -0.999999503239197 -0
-0.9999995831936 -0.000913023890850825 0
-0.99999958167754 -0.000914682866008511 0
0.000950694051200079 -0.999999548090308 0
-0.999999548062473 -0.000950723329626039 0
0.00090670411569345 -0.999999588943739 0
0.000942068673372059 -0.999999556253209 0
0.000950954472030504 -0.999999547842694 -0
0.000936102859192333 -0.999999561855622 -0
-0.999999583348504 -0.000912854215660594 0
0.000955132555774052 -0.999999543860796 -0
-0.999999570554502 -0.000926763622878859 0
0.00096744439490742 -0.999999532025562 0
-0.99999957786334 -0.000918843371478435 0
0.000948057886909101 -0.999999550593021 -0
0.000990160611256224 -0.999999509790862 -0
-0.999999583981262 -0.000912160788372906 0
-0.999999573880525 -0.000923167789532664 0
-0.999999579458693 -0.000917105466818172 0
0.00090429612492601 -0.999999591124176 0
0.000963746174580032 -0.999999535596548 -0
-0.999999547589475 -0.000951220713621357 0
0.000987831725049453 -0.999999512094122 -0
0.000944862813153977 -0.999999553617032 0
0.000930575988496846 -0.999999567014071 -0
0.000935535276799549 -0.999999562386777 0
-0.999999579372849 -0.000917199064657875 0
0.00091402453791449 -0.999999582279485 0
0.000954360140847586 -0.999999544598257 0
-0.999999575987459 -0.00092088267514107 0
-0.999999547956769 -0.000950834506154018 0
0.00090429612492601 -0.999999591124176 0
0.000935075902350743 -0.999999562816433 -0
-0.999999576329535 -0.000920511135958863 0
-0.999999543066818 -0.000955963469342249 0
0.000994844926288025 -0.999999505141664 -0
-0.999999574099308 -0.000922930768141452 0
-0.99999954722757 -0.000951601100327656 0
0.000988963979350241 -0.999999510975004 -0
-0.999999579871826 -0.000916654881695232 0
0.000950948593062274 -0.999999547848284 -0
-0.999999580343736 -0.000916139918952958 0
0.00095256367950899 -0.999999546311115 0
0.000950582874672055 -0.999999548195997 -0
0.000981429936344078 -0.999999518397524 -0
-0.999999582450622 -0.000913837284025815 0
0.000957598986635181 -0.999999541501985 -0
-0.999999587230872 -0.000908591264723285 0
-0.999999548268312 -0.000950506797330607 0
0.000949655394671977 -0.999999549077214 -0
-0.999999583035958 -0.000913196534629209 0
-0.999999551654799 -0.000946937274062688 0
-0.999999563825391 -0.000933996267620023 0
-0.999999572710172 -0.000924434678179271 0
0.000935394821839529 -0.999999562518168 -0
0.000953242496609213 -0.999999545664268 -0
-0.999999561077402 -0.000936933831013015 0
0.000975177391818927 -0.999999524514414 -0
0.000943095630193417 -0.999999555285217 -0
0.000994438171563217 -0.999999505546239 -0
0.000934239109764828 -0.999999563598548 -0
0.00095572650618055 -0.999999543293318 -0
0.000919568987562479 -0.999999577196349 -0
0.00097967742178116 -0.99999952011596 -0
-0.99999954665105 -0.000952206750468969 0
0.000950495097601737 -0.999999548279433 -0
0.000975706964614614 -0.999999523997846 -0
0.000949810459735547 -0.999999548929943 0
0.000915624956209955 -0.999999580815382 0
0.000975876639784745 -0.999999523832279 -0
0.000906829902346029 -0.99999958882968 -0
0.000976423791276187 -0.999999523298176 -0
0.000954974580332561 -0.999999544011671 -0
-0.999999578970208 -0.000917637950050194 0
0.000925452845702185 -0.999999571768423 -0
0.000908863385314523 -0.999999586983588 -0
0.000986790041776157 -0.999999513122588 0
0.000957560918861421 -0.999999541538438 -0
0.000992141415982773 -0.999999507827584 -0
0.000944769215321505 -0.999999553705465 0
0.000948780592553428 -0.999999549907592 0
0.000933557382247641 -0.999999564235212 0
-0.999999571302551 -0.000925956108701529 0
-0.999999541476791 -0.000957625296472701 0
-0.999999555533529 -0.000942832298976798 0
0.000941623909041258 -0.999999556672109 -0
0.000930745663678761 -0.999999566856161 0
0.000943748079265755 -0.999999554669682 -0
-0.999999560624958 -0.000937416604918031 0
-0.999999580635861 -0.00091582099944712 0
0.000995052611012808 -0.999999504935028 -0
-0.999999575790716 -0.000921096297073955 0
0.000917465306273915 -0.999999579128617 0
0.000983004102798425 -0.99999951685135 -0
-0.999999544131842 -0.000954848735489288 0
0.000904799387954586 -0.99999959066895 -0
0.000973840304907194 -0.999999525817418 0
0.000911502460274337 -0.999999584581546 0
0.00093385878124746 -0.999999563953793 -0
0.000937042097164908 -0.999999560975958 -0
-0.999999581174256 -0.000915232927942922 0
0.000961133410608637 -0.999999538111177 -0
-0.999999562873853 -0.000935014493323393 0
0.000947033840482535 -0.999999551563352 -0
0.000989645706799097 -0.999999510300568 -0
-0.999999588474047 -0.000907221988829681 0
0.000928097799509973 -0.999999569317144 0
-0.999999554059219 -0.000944394707576155 0
0.00100320109314812 -0.999999496793657 -0
0.00094364278170389 -0.999999554769051 0
0.00100476641194508 -0.999999495222101 0
0.000957838918383466 -0.999999541272198 -0
0.000968129032779685 -0.999999531362978 0
0.000965226626867887 -0.999999534168671 -0
-0.999999550853728 -0.000947782855967228 0
0.000990034882833575 -0.999999509915345 -0
0.000985236480831192 -0.999999514654421 -0
0.000991667489681056 -0.999999508297674 -0
0.000914191302723566 -0.999999582127044 0
0.00102039620005229 -0.999999479395662 -0
0.00102519454623703 -0.999999474487933 0
0.000944064088366376 -0.999999554371399 0
-0.999999585269297 -0.000910747623952609 0
0.000909223224778391 -0.999999586656478 -0
0.000901153786881612 -0.999999593960844 -0
0.000974293800364195 -0.999999525375683 -0
0.000977409886318284 -0.999999522334843 -0
0.000924297133595432 -0.999999572837313 -0
0.00105801070908584 -0.999999440306513 0
0.000991655731745289 -0.999999508309334 -0
-0.999999554445966 -0.000943985100643149 0
0.000975405623840558 -0.999999524291821 0
0.00104531551607657 -0.999999453657587 -0
0.000967555571436677 -0.999999531917999 -0
0.00105392325536518 -0.999999444622732 -0
0.000947864812277548 -0.999999550776048 0
0.00101846813157841 -0.999999481361198 -0
0.000920271204185347 -0.999999576550366 -0
0.000995152146012588 -0.999999504835981 -0
0.000934517109305275 -0.999999563338791 -0
0.00101334213761901 -0.999999486568724 -0
0.00100282949582442 -0.999999497166375 -0
0.000933624728451369 -0.999999564172338 -0
-0.999999546168939 -0.000952712923810679 0
0.000926561758886599 -0.999999570741561 -0
0.000928068521082146 -0.999999569344317 -0
0.000993855979124246 -0.999999506125024 -0
0.00100376279649534 -0.999999496229997 -0
0.000950972050727589 -0.999999547825977 0
0.000987173397053572 -0.999999512744223 -0
0.000993408362661283 -0.999999506569791 -0
0.0010096965956727 -0.999999490256262 -0
0.00101067087447431 -0.999999489272061 -0
0.000978632828102555 -0.999999521138779 -0
-0.999999549699365 -0.000949000035230253 0
-0.999999567438742 -0.000930119524422148 0
0.000944028989179123 -0.999999554404535 -0
-0.99999954563081 -0.000953277595795546 0
0.00101672132155469 -0.999999483138744 -0
0.00100952977269205 -0.999999490424689 -0
0.000921096297073955 -0.999999575790716 -0
-0.99999959036443 -0.000905135886169353 0
0.000970718398159962 -0.999999528852785 -0
0.00100782696756646 -0.999999492142273 -0
0.000995672871221483 -0.999999504317644 -0
0.00100086626985673 -0.999999499133229 -0
0.00100974630496281 -0.99999949020607 -0
0.00092236021713967 -0.999999574625725 0
0.000983758939010149 -0.999999516109058 -0
0.000923410631684795 -0.999999573656312 -0
-0.999999566589246 -0.000931032394363353 0
0.000950053301869499 -0.99999954869926 -0
0.000959986487966822 -0.999999539212865 -0
-0.999999583089377 -0.000913138035978754 0
0.000909401747527481 -0.999999586494145 -0
0.000981233893131829 -0.999999518589908 -0
0.000956141933860386 -0.999999542896197 -0
0.000914396135310943 -0.999999581939767 -0
0.000915800510367706 -0.999999580654625 0
0.00099251301331836 -0.999999507458838 -0
0.000962210075812757 -0.999999537075778 -0
0.000993908598796836 -0.999999506072727 0
0.000997050994406237 -0.999999502944534 -0
0.000975461212103901 -0.999999524237599 0
-0.999999571546349 -0.000925692777472259 0
-0.999999563486464 -0.000934359075646945 0
0.000935263156228388 -0.999999562641319 -0
0.000992077038374153 -0.999999507891454 -0
0.00101380733274999 -0.999999486097214 0
-0.999999571297161 -0.000925961929462563 0
-0.999999551621507 -0.000946972431457258 0
0.000921991588339528 -0.999999574965665 -0
0.000917945169824501 -0.999999578688244 -0
0.000924022102635208 -0.999999573091486 0
-0.999999565793434 -0.000931886765654811 0
-0.999999564464606 -0.000933311629721915 0
-0.999999564442767 -0.00093333502918079 0
0.00095468197069922 -0.999999544291064 -0
-0.999999569192236 -0.000928232375504251 0
0.000956013178637264 -0.999999543019297 0
-0.999999573418544 -0.000923668083947052 0
-0.999999559628804 -0.000938478660940672 0
-0.999999586427657 -0.000909474856289391 0
0.000982354505933812 -0.999999517489696 -0
0.000958046661325989 -0.999999541073192 -0
0.000953224917912243 -0.999999545681025 0
0.000969235035515366 -0.999999530291613 -0
0.000958713720479342 -0.999999540433896 -0
0.000954415729111002 -0.999999544545204 -0
0.000948534781830657 -0.999999550140783 0
-0.99999957731474 -0.00091944023232611 0
0.000983472208351884 -0.999999516391091 -0
0.000923390142605811 -0.999999573675232 0
0.00095821924687495 -0.999999540907832 -0
-0.999999568654305 -0.000928811715845821 0
0.000954845825109008 -0.999999544134621 0
-0.999999565728014 -0.000931956964031713 0
0.000963889539917456 -0.99999953545837 0
-0.999999561858347 -0.000936099948811898 0
0.000952522701354381 -0.999999546350149 0
-0.999999580839472 -0.00091559864636933 0
-0.999999568140545 -0.000929364688139224 0
0.00100796736429759 -0.999999492000767 0
-0.999999587400991 -0.000908404010831828 0
0.000940359989043573 -0.999999557861448 -0
-0.999999569575063 -0.000927819858172152 0
-0.999999572569557 -0.000924586774665697 0
0.000929566552129909 -0.999999567952919 0
-0.999999559453053 -0.000938665914816526 0
0.000950056212249819 -0.999999548696495 0
-0.999999583158843 -0.000913061958629343 0
-0.999999568988518 -0.000928451818193773 0
0.00095612726554383 -0.999999542910222 -0
-0.999999580807334 -0.000915633745559367 0
-0.999999550787138 -0.00094785311254859 0
0.00101730654074861 -0.999999482543567 -0
-0.999999558043044 -0.000940166856200202 0
0.00102096093016526 -0.999999478819254 0
0.00100875735784332 -0.999999491204167 -0
0.000965118360718247 -0.999999534273166 -0
0.000914998816927129 -0.999999581388495 -0
-0.999999568686905 -0.000928776616657064 0
0.000909401747527481 -0.999999586494145 -0
0.000992896252174055 -0.999999507078395 0
0.00093977773834035 -0.999999558408804 -0
0.000950743818703449 -0.999999548042993 -0
0.000990494140821634 -0.999999509460558 0
0.000948338796819032 -0.999999550326662 0
0.00102679781637772 -0.999999472842983 0
0.000966394038638408 -0.999999533041172 -0
-0.999999562890289 -0.000934996914625515 0
-0.999999564349917 -0.000933434505984799 0
0.000956928958891824 -0.999999542143379 0
0.000975013537409015 -0.999999524674188 -0
-0.999999573175279 -0.000923931415177802 0
0.00102517696754171 -0.999999474505954 0
0.00095453569498626 -0.9999995444307 -0
0.000932287583252757 -0.999999565419837 0
0.000908965772505912 -0.999999586890527 -0
0.000990289366474185 -0.999999509663365 -0
0.000973582794458747 -0.999999526068159 -0
0.000954749258691313 -0.999999544226823 -0
0.000946984131186246 -0.999999551610427 -0
0.000945234410518471 -0.999999553265855 -0
0.000912822026850912 -0.999999583377887 -0
0.000901712638186044 -0.999999593457076 -0
0.000955545131281927 -0.999999543466647 -0
0.00096043410444695 -0.999999538783059 -0
0.000907546729104349 -0.999999588179383 -0
-0.999999585671564 -0.000910305828171357 0
0.000924142068520741 -0.999999572980627 -0
0.00089736778900562 -0.999999597365445 -0
0.000938952645494748 -0.999999559183868 0
-0.999999591023633 -0.000904407301468352 0
0.000984718549571146 -0.999999515164572 0
0.000958859996190548 -0.999999540293648 0
0.000950231766390652 -0.999999548529693 -0
-0.999999573077932 -0.000924036770953092 0
-0.99999954490257 -0.000954041221375941 0
0.000925277291549114 -0.999999571930875 0
0.000930090304202095 -0.99999956746592 -0
0.000963240001224202 -0.999999536084242 -0
0.000921248451769398 -0.999999575650555 0
0.000919747452098891 -0.999999577032223 -0
0.000953382893354525 -0.999999545530426 0
0.00093115527062702 -0.999999566474837 -0
0.000917793015127671 -0.999999578827902 -0
0.000918618108021919 -0.999999578070297 -0
0.000941670766165521 -0.999999556627986 -0
0.000918293309549486 -0.99999957836861 -0
0.000950035781379975 -0.999999548715905 -0
0.000936348669923744 -0.999999561625488 -0
0.000923475009302279 -0.999999573596863 -0
0.000944198664354619 -0.999999554244342 -0
0.000927369273062569 -0.999999569993023 -0
0.000942282237084687 -0.999999556051994 -0
0.000924226935217033 -0.999999572902195 -0
-0.999999583949245 -0.000912195887563274 0
0.000943227295801653 -0.999999555161035 -0
-0.999999569906219 -0.000927462870899614 0
0.00104990902674734 -0.999999448845366 0
0.000928144598428404 -0.999999569273709 -0
0.000924065991173637 -0.999999573050931 -0
0.000930616966653995 -0.999999566975937 -0
0.000936451057107343 -0.999999561529613 -0
0.000996811062671236 -0.999999503183729 0
0.000949207778178029 -0.999999549502195 -0
0.000947958410109197 -0.999999550687325 -0
0.000971104605628182 -0.999999528477811 0
0.0010182983982223 -0.999999481534052 -0
0.000956867549868282 -0.999999542202141 0
0.000907020066618957 -0.999999588657215 -0
0.000957253757328952 -0.999999541832517 -0
0.00101728314129409 -0.999999482567371 -0
0.000954553273683165 -0.99999954441392 -0
0.000927325384524543 -0.999999570033723 -0
0.000909694298990262 -0.999999586228056 -0
0.000934116233502221 -0.999999563713336 -0
0.000904419001198723 -0.999999591013052 -0
0.000955571441119602 -0.999999543441506 -0
0.000932398759786526 -0.999999565316182 0
-0.999999548312794 -0.000950459998415125 0
0.00093575471948459 -0.999999562181456 0
0.000931547357084372 -0.999999566109667 -0
-0.999999553185632 -0.000945319277209743 0
-0.999999570462305 -0.000926863099684691 0
-0.999999573332033 -0.00092376173999267 0
0.000941872630149233 -0.999999556437876 0
0.000927363394093947 -0.999999569998475 -0
0.00091232173242158 -0.999999583834442 -0
0.000997665433851031 -0.999999502331717 -0
0.000975835719838062 -0.999999523872211 0
0.000936354490684609 -0.999999561620038 -0
0.000964255258315495 -0.99999953510579 -0
0.000932960521423379 -0.999999564792238 -0
0.000915071983895532 -0.999999581321544 -0
0.00104367115146458 -0.999999455375115 -0
0.00093644226775844 -0.999999561537843 -0
0.000964261079076244 -0.999999535100178 0
0.000940769595980776 -0.999999557476186 -0
0.00101642585978501 -0.999999483439102 -0
0.000962072589443031 -0.999999537208059 -0
0.000942214949090207 -0.999999556115396 0
0.00093553236641911 -0.9999995623895 -0
0.00100507945242055 -0.99999949490752 -0
0.000978770314465653 -0.999999521004221 -0
0.00100478108026041 -0.999999495207363 -0
0.000939552416689371 -0.999999558620531 0
0.000917436086052838 -0.999999579155425 -0
0.00090925541358839 -0.999999586627211 -0
0.000943578404090042 -0.999999554829799 -0
0.000935125669856312 -0.999999562769895 0
0.000938171441183928 -0.999999559917077 -0
0.000949187289100529 -0.999999549521643 -0
0.00101309638513589 -0.999999486817726 -0
0.000945778651645273 -0.999999552751271 -0
0.000912552874850854 -0.999999583623539 -0
0.000923782170864023 -0.999999573313159 -0
0.000943373571519322 -0.999999555023053 -0
0.000943075141115561 -0.99999955530454 -0
0.000941506911749592 -0.999999556782269 0
0.000972696292619595 -0.999999526930849 -0
0.0009788172297953 -0.999999520958301 -0
0.00104228138687476 -0.999999456824608 -0
0.00101061231762922 -0.999999489331241 -0
0.000981230982751599 -0.999999518592763 -0
0.000985760232850828 -0.999999514138263 -0
0.00101153397675833 -0.999999488399376 -0
0.000931026573602401 -0.999999566594666 -0
-0.999999580391995 -0.000916087241064169 0
0.000943549125663487 -0.999999554857425 -0
0.000933721236667234 -0.999999564082231 -0
0.000947396648496108 -0.999999551219695 -0
0.000944976958271778 -0.999999553509175 -0
0.000976128271263312 -0.999999523586686 0
0.00101980807048399 -0.999999479995614 -0
0.000938420162294325 -0.999999559683703 0
0.00102401828704658 -0.999999475693137 -0
0.000931854576846824 -0.99999956582343 -0
0.000982655904909322 -0.99999951719357 0
0.00100610937770163 -0.999999493871832 -0
-0.999999579332594 -0.000917242953197131 0
0.00049095164221782 0.999999879483235 -0
0.000448939575725057 0.999999899226624 -0
0.00048105060873565 0.999999884295149 -0
0.000483423472591761 0.999999883150866 -0
0.000491627549412211 0.999999879151169 -0
0.00045570117967149 0.999999896168212 -0
0.0004923355872269 0.999999878802827 -0
0.000484781049551848 0.99999988249366 -0
0.000462512520452744 0.999999893041079 -0
0.000468510469429253 0.999999890248964 -0
0.000448471440725636 0.999999899436678 -0
0.00048697541964515 0.999999881427463 -0
0.000496188933426688 0.999999876898264 -0
0.000433520428140936 0.999999906030015 -0
0.000670191259085871 0.999999775421813 -0
0.000359171999721968 0.999999935497735 -0
0.000422604107555479 0.99999991070288 -0
0.000485439348939046 0.999999882174312 -0
0.00043812279043709 0.999999904024205 -0
0.000485295983503787 0.999999882243897 -0
0.000483221579366558 0.999999883248446 -0
0.000443997833808047 0.999999901432957 -0
0.000445092079366414 0.999999900946516 -0
0.000444702961245544 0.999999901119633 -0
0.000499866667136305 0.99999987506665 -0
0.000487083685868835 0.999999881374734 -0
0.000427586856899014 0.999999908584736 -0
0.000479467739067538 0.999999885055337 -0
0.000403322852765672 0.999999918665335 -0
0.000492206831912413 0.99999987886621 -0
0.000462822650807481 0.999999892897591 -0
0.000469312163374172 0.999999889873041 -0
0.000402851807356456 0.999999918855207 -0
0.000496996448104099 0.999999876497258 -0
0.000458720641344948 0.999999894787681 -0
0.000422431492772975 0.999999910775813 -0
0.000402114491050878 0.999999919151965 -0
0.000397029383396722 0.999999921183831 -0
0.000431598178771857 0.999999906861502 -0
0.000421416234961912 0.999999911204175 -0
0.000483865268635748 0.999999882937194 -0
0.000504799648704269 0.999999872588649 -0
0.000392128619342368 0.99999992311757 -0
0.000406915778172851 0.999999917209771 -0
0.000489228346624257 0.999999880327805 -0
0.000384451204769587 0.999999926098633 -0
0.000401280637356587 0.999999919486922 -0
0.000382011081808549 0.999999927033764 -0
0.00039408893660905 0.999999922346952 -0
0.000476714517322085 0.999999886371628 -0
0.000390937807218247 0.999999923583813 -0
0.000417390273813288 0.999999912892676 -0
0.000475933312477704 0.999999886743735 -0
0.000445144757287025 0.999999900923068 -0
0.000401587828231113 0.999999919363605 -0
0.000485998200560328 0.999999881902868 -0
0.000492464342541363 0.999999878739428 -0
0.000459534005934499 0.999999894414243 -0
0.000469358962323662 0.999999889851076 -0
0.000366928402298086 0.999999932681772 -0
0.000438257366518383 0.999999903965236 -0
0.000492713005607924 0.99999987861694 -0
0.000475737298222783 0.999999886837005 -0
0.00047249839184491 0.999999888372629 -0
0.000484511868286704 0.999999882624118 -0
0.000502669656325273 0.9999998736616 -0
0.000486840843564934 0.999999881492989 -0
0.000485904573559752 0.999999881948366 -0
0.000408709330488049 0.999999916478338 -0
0.000437634166338959 0.999999904238164 -0
0.000464841466700111 0.9999998919612 -0
0.000486592151392404 0.999999881614032 -0
0.000480172866512392 0.999999884717003 -0
0.00043913219835768 0.999999903581452 -0
0.000431425534887518 0.999999906936 -0
0.000434989210824674 0.999999905392189 -0
0.000469522816854502 0.999999889774156 -0
0.000454563016459626 0.999999896686227 -0
0.00036820405210835 0.999999932212886 -0
0.000445510475933551 0.999999900760203 -0
0.000443752052017828 0.999999901542053 -0
0.000495694459470712 0.999999877143494 -0
0.000451862472702628 0.999999897910148 -0
0.000496864782408187 0.999999876562686 -0
0.000467103154001726 0.999999890907316 -0
0.000447233800634049 0.999999899990959 -0
0.00048291435940317 0.999999883396854 -0
0.000356161325274807 0.999999936574553 -0
0.000449761729631624 0.999999898857188 -0
0.000463498528925267 0.999999892584551 -0
0.000478920587178188 0.999999885317529 -0
0.000494562146124364 0.999999877704134 -0
0.000503231418314562 0.999999873379062 -0
0.000468252987895239 0.999999890369564 -0
0.000506168925358023 0.999999871896501 -0
0.000475023381418577 0.999999887176387 -0
0.000484204648323891 0.999999882772922 -0
0.000468405142688946 0.999999890298305 -0
0.000395686416480549 0.999999921716127 -0
0.000409265242647257 0.999999916250977 -0
0.000476661839400634 0.999999886396739 -0
0.000433131310014135 0.99999990619863 -0
0.00043627658937136 0.999999904831364 -0
0.000397869116067968 0.99999992085008 -0
0.000411793142664683 0.9999999152132 -0
0.000415965408767938 0.999999913486386 -0
0.000471193463678953 0.999999888988354 -0
0.000462205300480334 0.999999893183124 -0
0.000361161566407277 0.999999934781159 -0
0.000437689754642473 0.999999904213835 -0
0.000497806873162848 0.999999876094151 -0
0.000476752556020059 0.999999886353494 -0
0.000441955618504285 0.999999902337611 -0
0.000418311904625921 0.999999912507571 -0
0.000458430970977254 0.999999894920517 -0
0.000493912606996794 0.999999878025161 -0
0.000473077703464972 0.999999888098737 -0
0.000349838577120716 0.999999938806483 -0
0.000428078391385939 0.999999908374441 -0
0.000416755373879693 0.999999913157475 -0
0.000487929239254458 0.999999880962522 -0
0.000420433136875592 0.999999911617985 -0
0.000384591659832592 0.999999926044625 -0
0.000480073389642429 0.999999884764764 -0
0.000496004589810653 0.999999876989716 -0
0.000445732858249085 0.999999900661105 -0
0.000490831676257739 0.999999879542126 -0
0.00047016941651873 0.999999889470354 -0
0.000410482393706619 0.999999915752099 -0
0.000424561543470367 0.999999909873744 -0
0.000473528288870409 0.999999887885474 -0
0.00037336523733332 0.999999930299197 -0
0.000492642807186053 0.999999878651525 -0
0.000460581452584959 0.999999893932357 -0
0.000419388629718332 0.999999912056585 -0
0.000406289667586184 0.99999991746435 -0
0.000495905112942996 0.999999877039052 -0
0.000467568349530802 0.999999890689913 -0
0.000484137360283515 0.999999882805501 -0
0.000460239133399166 0.999999894089964 -0
0.000482835371625521 0.999999883434995 -0
0.000498406702956831 0.999999875795372 -0
0.000493432743158443 0.999999878262057 -0
0.000486776465907173 0.999999881524329 -0
0.00045926191427726 0.999999894539241 -0
0.000423806677578555 0.999999910193946 -0
0.00042339413086828 0.999999910368701 -0
0.000422033585285662 0.999999910943822 -0
0.000456178074917073 0.999999895950777 -0
0.000455812356275822 0.999999896117542 -0
0.000375676634095816 0.999999929433531 -0
0.000381738961037084 0.99999992713768 -0
0.000416465703513306 0.999999913278155 -0
0.000486638950340735 0.999999881591259 -0
0.000481395867397586 0.999999884129003 -0
0.000408293844283684 0.999999916648065 -0
0.000422592407818072 0.999999910707824 -0
0.000456341929441145 0.999999895876016 -0
0.000426112224332556 0.999999909214182 -0
0.000353580718065702 0.999999937490336 -0
0.000486009900297421 0.999999881897181 -0
0.000460988149430717 0.999999893744957 -0
0.000398413299392891 0.999999920633418 -0
0.000459098059744077 0.99999989461448 -0
0.000459393579980273 0.999999894478764 -0
0.000467623937835369 0.99999989066392 -0
0.000300880554954358 0.999999954735445 -0
-0.00087839659390779 -0.999999614209637 0
0.000303996585424234 0.999999953793037 -0
0.00035345199184005 0.999999937535843 -0
0.000872126527844622 0.999999619697588 -0
0.000797646511614095 0.999999681879971 -0
0.00125173897341643 -0 -0.999999216574464
0.00126187407517427 -0 -0.999999203836592
0.00126410354139563 -0 -0.999999201020799
0.00126206709146633 -0 -0.999999203593011
0.00125510069334747 -0 -0.999999212360815
0.0012635066810081 -0 -0.999999201775115
0.00126191796367977 -0 -0.999999203781209
0.00125719558372867 -0 -0.99999920972932
0.00130095738781993 -0 -0.999999153754579
0.00129287328869187 -0 -0.99999916423898
0.00126010386664111 -0 -0.999999206068807
0.00124482228429242 -0 -0.99999922520844
0.00125855612742001 -0 -0.999999208017923
0.0012714328052365 -0 -0.999999191728984
0.00125617159619014 -0 -0.999999211016149
0.00125968256026809 -0 -0.999999206599609
0.00126698539799709 -0 -0.999999197373678
0.00126297408177292 -0 -0.999999202447916
0.00126474137990852 -0 -0.999999200214301
0.00124153367294171 -0 -0.999999229296773
0.00126629493984996 -0 -0.999999198248241
0.00128618780068708 -0 -0.999999172860129
0.00128035074599842 -0 -0.999999180350648
0.00129985726490121 -0 -0.999999155185189
0.00129835632470408 -0 -0.999999157135072
0.00126032039879166 -0 -0.999999205795931
0.00127054630402198 -0 -0.999999192855719
0.00128746638805777 -0 -0.999999171214806
0.00128924521123075 -0 -0.999999168923047
0.00129255140086528 -0 -0.999999164655089
0.00127506961386456 -0 -0.99999918709841
0.00126361785746033 -0 -0.999999201634637
0.00128887664093296 -0 -0.999999169398157
0.00128341700416086 -0 -0.999999176420058
0.00125462094656766 -0 -0.99999921296283
0.00124807282785196 -0 -0.999999221156805
0.00126392507699669 -0 -0.999999201246381
0.00126038768673949 -0 -0.999999205711124
0.00126144683163223 -0 -0.999999204375629
0.00128837046795206 -0 -0.999999170050424
0.00127827638496434 -0 -0.999999183004408
0.00128811877844279 -0 -0.999999170374662
0.00127418893341877 -0 -0.999999188220952
0.00128083060917502 -0 -0.999999179736139
0.00129683489543612 -0 -0.999999159109274
0.00125006829975966 -0 -0.999999218664318
0.00124060025632458 -0 -0.999999230455206
0.00125620663714622 -0 -0.999999210972131
0.00127482968228537 -0 -0.99999918740431
0.00121312085371334 -0 -0.999999264168626
0.00121189197540717 -0 -0.99999926565865
0.00125000683256618 -0 -0.999999218741154
0.00126130352460204 -0 -0.999999204556393
0.00124726537243952 -0 -0.999999222164243
0.0012218135726847 -0 -0.999999253585518
0.00123811921677971 -0 -0.999999233530109
0.00123545086524294 -0 -0.999999236830289
0.00126434929374126 -0 -0.999999200710112
0.00124097476384022 -0 -0.999999229990521
0.00125612770768368 -0 -0.99999921107128
0.00126214613734223 -0 -0.999999203493247
0.00125594633290095 -0 -0.999999211299093
0.00129311613064685 -0 -0.999999163924987
0.00129379203687319 -0 -0.999999163050732
0.00124323065647393 -0 -0.999999227188469
0.00127148845166852 -0 -0.999999191658232
0.00129989824302483 -0 -0.999999155131922
0.00127853377880935 -0 -0.999999182675354
0.00124674744147949 -0 -0.999999222810107
0.00126010095626274 -0 -0.999999206072475
0.00124727992433207 -0 -0.999999222146093
0.00125900374361538 -0 -0.999999207454473
0.00124986643590829 -0 -0.999999218916641
0.00122187212950233 -0 -0.999999253513971
0.000180044994332474 0 -0.9999999837919
-0.000201690326766308 0 0.999999979660506
0.000195133525189931 0 -0.999999980961453
-0.000203697443206232 0 0.999999979253676
0.000199554469537616 0 -0.999999980089007
0.000184931134320357 0 -0.999999982900238
0.000204516686878564 -0 -0.999999979086462
0.000201763464687781 0 -0.999999979645752
-0.000181109990748286 0 0.999999983599585
0.000195949829379762 0 -0.999999980801832
0.000178052487987561 -0 -0.999999984148656
-0.000184123604929834 0 0.999999983049249
-0.00017455611403058 0 0.999999984765082
-0.000190607254074124 0 0.999999981834437
-0.000197187455146288 -0 0.999999980558553
-0.000170670607319116 -0 0.999999985435772
-0.000119301700639435 -0 0.999999992883552
-0.000120325747995834 0 0.999999992760857
-0.000203606741124256 -0 0.999999979272147
-0.00015516075468113 0 0.99999998796257
-0.000156345717095056 -0 0.999999987778008
-0.000124971977972546 -0 0.999999992191002
-0.000125045115896769 0 0.99999999218186
-0.000153803162902328 -0 0.999999988172294
-0.000122169017229291 0 0.999999992537366
-0.000119796167432337 -0 0.999999992824439
-0.000164128444857266 0 0.999999986530927
-0.000121975920594485 -0 0.999999992560937
-0.000118140144962591 0 0.999999993021453
-0.000130264815002002 -0 0.999999991515539
-0.000132862957535161 0 0.999999991173717
-0.000174324971419643 0 0.999999984805402
-0.000171358185283493 -0 0.999999985318186
-0.00011860243019585 0 0.999999992966732
-0.00011517041926724 -0 0.999999993367887
-0.000173306788509171 -0 0.999999984982378
-0.000203899321913618 -0 0.999999979212533
-0.000149897167055667 -0 0.99999998876542
-0.0001185731735709 -0 0.999999992970201
-0.00016919891398816 -0 0.999999985685864
-0.000170269774831623 -0 0.999999985504102
-0.000120867028298818 -0 0.999999992695581
-0.000126408557561762 -0 0.999999992010438
-0.000130847051667318 -0 0.999999991439524
-0.000117309208792453 -0 0.999999993119275
-0.000184527362349184 -0 0.999999982974826
-0.000142196366522832 -0 0.999999989890097
-0.000124296099733597 -0 0.99999999227524
-0.000116135946099228 -0 0.999999993256221
-0.000141681417914207 -0 0.999999989963188
-0.000127403341014657 -0 0.999999991884194
-0.000202840175381345 -0 0.999999979427931
0.000181066102174116 0 -0.999999983607533
0.000184881395876657 0 -0.999999982909435
-0.000124752535096034 -0 0.999999992218403
-0.000146049699003322 -0 0.999999989334743
-0.000131084044152629 -0 0.999999991408487
-0.000147711571324367 0 0.999999989090646
-0.000208516295075119 -0 0.999999978260477
-0.000122783442732154 -0 0.999999992462113
0.000187356647424555 0 -0.999999982448743
-0.00013842496131639 0 0.999999990419265
-0.000178195853449568 -0 0.999999984123119
-0.000109798587138618 -0 0.999999993972135
-0.000164687267483208 0 0.999999986439052
-0.0001402887269088 -0 0.999999990159537
-0.000136403220135232 0 0.999999990697081
-0.000127836362345528 0 0.999999991828932
0.000182011147158074 0 -0.999999983435971
0.000189533468307612 0 -0.999999982038532
0.000180533603966274 0 -0.999999983703809
0.000193416064596166 -0 -0.999999981295113
-0.000140282877039051 0 0.999999990160357
-0.00013561909020491 -0 0.999999990803731
-0 -0.999999998013114 6.30378707340125e-05
-0 -0.999999990605464 0.0001370732339493
0 0.999999994210038 -0.000107610059162598
0 0.999999994034617 -0.000109228050208523
0 0.999999991755459 -0.000128409824206727
-0 -0.999999996351168 8.54263704761934e-05
-0 0.999999997073007 -7.65113507020636e-05
-0 -0.999999992831097 0.00011974057911736
-0 0.999999991173329 -0.000132865882470044
-0 -0.999999990097048 0.000140733447976924
0 -6.0755719347716e-05 -0.999999998154371
-0 -0.999999993855929 0.000110851891123405
-0 -0.999999992479347 0.000122643002201457
-0 -0.999999995600769 9.38001171983054e-05
0 0.999999990614687 -0.000137005931343265
0 0.999999996658823 -8.1745667284571e-05
-0 -0.999999992398753 0.000123298391344646
0 -0.999999990274537 0.000139466572826357
0 -6.0170554097783e-05 -0.999999998189752
0 -5.57964266631672e-05 -0.999999998443379
-0 -7.83985158114711e-05 -0.999999996926836
0 0.999999988129955 -0.000154078194090368
-0 -0.999999989232369 0.000146748976715225
0 -5.80171398656975e-05 -0.999999998317006
0 0.999999985716046 -0.00016902043475554
-0 0.999999986824164 -0.000162331981890292
0 -6.01295904566374e-05 -0.999999998192216
0 -5.43188797672798e-05 -0.99999999852473
-0 -0.999999987771146 0.000156389605669776
0 -5.65044791990852e-05 -0.999999998403622
