-0.930824418736796 0.365465830715189 -0.000792504235698237
-0.930960068819563 0.36512035876037 -0.000688391003728004
-0.932708137634354 0.360631606462907 -0.000611891034619332
-0.868420417122147 0.495828223610187 -0.000593124744803179
-0.974057313816722 -0.22628436998826 -0.00278088100592622
-0.299567646802559 0.954074819133272 -0.000681531358369723
-0.979672475519732 0.200602632586755 -0.000651543016619039
-0.978154570852795 -0.207859383057076 -0.00284822662652205
-0.998231827091037 0.0594353804800934 -0.000809277255789678
-0.30829362738802 0.951290970064304 -0.000727726633706559
-0.388952955665393 0.921257583117439 -0.000252641583693527
-0.924529365646182 -0.381106359271724 -0.00184254729110085
-0.913563301692194 -0.406691067579897 -0.00211408419422956
-0.241361569908109 0.970435223061608 -0.000265354216613568
-0.737783513254292 0.675037318445725 -0.000325999631143351
-0.809042306267355 -0.587748168960179 -0.00162374676483506
-0.841810043396096 -0.539771956026753 -0.00144441147736516
-0.738205479431463 0.674575838786247 -0.000328425327413246
-2.84581015893212e-05 -0.000386903866129452 -0.999999924747765
-0.397232709613017 0.91771789712991 -0.000188946967628973
-0.669115027659005 -0.743158518190436 0.000704699854365642
0.0255133718111924 -0.00405726734730521 -0.999666247524891
-0.738380906040396 0.674383865861979 -0.00019763607292374
-0.719816614015323 -0.694164197979872 -0.000329287833121688
-0.658388695904757 0.752678040921509 -0.000303017147735837
-0.739248538409647 0.673432659935361 -0.000225813162461451
-0.308970211446907 0.951070452812241 -0.0015499116016577
-0.660248669029275 0.751046993011709 -0.000330655623764325
-0.587064337767186 0.8095402558468 -0.000193611653522212
-0.579161733516588 0.815212511465347 -0.000497574539260452
-0.500424671588375 0.865779926860397 -0.000516053556274479
-0.495437431231023 0.868643525543518 -0.000421030322032458
-0.881930649924019 0.471378501638359 -0.000798071283371114
-0.809012367072739 0.587791567121097 -0.000252080717453897
-0.587515671540087 0.809212759546839 -0.000213263667165788
-0.913543190889954 0.406741685854667 -0.000198410446970997
-0.499983724566401 0.866034580395948 -0.000617030893260409
-0.66912581896346 0.743149106423533 -0.000209805582836129
-0.0272473246523582 0.0145535173888535 -0.999522775343764
-0.410274786248744 0.911961746237364 -0.000610874983585416
-0.0641107197237576 0.00563624058277393 -0.997926875281248
-0.412436527704134 0.910986176439018 -0.000544933368600194
-0.956949923800504 0.290250856912101 -0.00113287245528231
-0.0864254980796637 0.996258260539761 -0.000334047858475886
-0.995172966096251 -0.0980921934694195 -0.00294773328982116
-0.290286880216423 0.956939662657594 -9.595304643309e-05
-0.47139395588816 0.881922743771213 0.000111225745429057
-0.634398496773685 0.773006143073565 -0.000223744987889703
-0.856642298219319 0.515910658592466 -0.000406512252198703
-0.399970027100228 0.916528201550827 -0.000182163249411291
-0.65747951334592 0.75347235393972 -0.000318400612356315
-0.563745893808663 0.825948276712253 -0.000106817277360932
0.0219575026149014 -0.0159665668258634 -0.999631400478552
-0.655389687698821 0.755290835110074 -0.00033415081856262
-0.97516682422138 0.221470665125577 -0.000639864691125597
-0.978145316422731 0.207921753173147 -0.000533401987489939
-0.389772527594363 0.920910995856119 -0.000560753058258547
-0.0304710141512623 0.0080281845841799 -0.999503409473362
-0.0809803133772426 0.996715625467604 -0.000388322091938095
-0.10078013610806 0.994908675971041 -0.000301070739810449
-0.402765344185186 0.915303188314146 -0.00038856832971324
-0.932487005736015 0.361202479615868 -0.000867670922582846
-0.931277133899904 0.364310938020134 -0.000663561655665692
-0.856346961270955 0.516400562552239 -0.000583881608055767
-0.997208585008425 0.0746632569898994 -0.000660334124448576
-0.99724477014465 0.0741785617156309 -0.000639844469504161
-0.997229675199682 0.0743811888489214 -0.000643153603849924
-0.85814522238595 0.51340687255683 -0.000400633975038046
-0.561000465085415 0.827815475042211 -0.000132115810753573
-0.932582951557849 0.360955173531914 -0.000633375241433497
0.0241701490855304 -0.0113778551765973 -0.999643110467313
-0.996983456073562 -0.0775796809884458 -0.00231978734924616
0.0278246035510508 -0.009389477492688 -0.99956872157428
-0.0949769631988001 0.99547943469877 -0.000267494581323735
-0.838320394981728 0.545177649033472 -0.000496338611294826
-0.24497932414832 0.969528266936361 -0.000265238023761745
-0.0837811419276597 0.996484119274644 -0.000346829546805094
-0.999998088795106 6.67995918274059e-05 -0.00195395597456846
-0.713714565894665 0.700436594790157 -0.000308396755889313
-0.778474958980997 0.627675511226569 -0.00043685924647918
0.0253323558703009 -0.0144413196893545 -0.999574769605401
-0.10450174651314 0.994524271339815 -0.00092665620040167
-0.997218978827041 0.0745244331214597 -0.000645859951929927
-0.997237192699667 0.0742803607337513 -0.000639926362906871
-0.076637802126506 0.997058846709558 -0.000550893297972768
-0.975941538714947 0.218031392148393 -0.000651957463850873
-0.865031070476785 0.501717716195086 -0.000761817415411419
-0.713785772681909 0.700364035253921 -0.000298059950569338
-0.97508436180841 0.221833421017485 -0.000648595687350004
-0.0264138519569557 0.0104353553798419 -0.999596624535564
0.02188487858624 -0.0188522260243154 -0.999582735776881
-0.997819644621228 0.0659946315290632 -0.00081573114982251
-0.995188891512807 0.0979655529509348 -0.00134931261362803
-0.0738426534987507 0.997269824354033 -0.000399946421139476
-0.863174997625267 0.50490461577512 -0.000502437656011193
-0.99740818534066 0.071947599869503 -0.000674305916237638
-0.0980198998249015 0.995184448201591 -0.000115308329234947
-0.772986969087652 -0.634420634877067 -0.00126635811062071
-0.024975210681078 0.0163614196706183 -0.999554172017604
-0.979216897990468 0.202814830630535 -0.00064122245217769
-0.881900018509351 -0.471434174967353 -0.00147513594545495
-0.980727061572494 0.195381582875174 -0.000683939012618214
-0.95691374080613 -0.290363137875896 -0.00231102126379521
-0.935184088975802 0.354161424326727 -0.000636588850109616
-0.719883936256221 -0.694094391304891 -0.000307049412734708
-0.842215633625675 0.539140619103928 -0.000468304106789368
-0.931166838735003 0.364592730925669 -0.000677492748614927
-0.842181477837751 -0.539192277511051 -0.00143047525943152
-0.926179253739155 -0.377079392746697 -0.00176677926306346
-0.976680991075387 0.2146947046564 -0.000652276399895753
-0.976186269478304 0.216933037703914 -0.000651486441313111
-0.998026942467218 0.0627831967403245 -0.000701652764366158
0.0163698288831512 -0.00506904734193647 -0.999853155949103
-0.0119535163470728 0.000256191332766664 -0.999928521351872
-0.243733488282238 0.969842201862827 -0.000300292584222237
-0.779300231681495 0.626650542383185 -0.000496620608234409
-0.975564753966298 0.219711146802331 -0.000650222639793111
-0.579689902593564 0.814837020856092 -0.000496259440537944
-0.977525970533957 0.210814068731347 -0.000636676198088234
-0.520875781586975 0.85363244717678 -0.000255505653784725
-0.773016451732898 0.634385896893022 -0.000314918267958361
-0.859936853502382 0.51040000403723 -0.000666233605950864
-0.997126955629792 -0.0757128955031427 -0.00232202734546344
-0.936512684462757 0.350633144644533 -0.000624273213701549
-0.233075864957363 0.972457857975218 -0.00116431809524858
-0.780169960122672 0.625567442283863 -0.000456592393108747
-0.0762775806907696 0.997086547192144 -0.000384827768263647
-0.78140716243808 0.624021302672719 -0.000510197129357384
-0.22868743342548 0.973499866585454 -0.000259906463710243
-0.0856172838182225 0.996327969780796 -0.000507290909490107
-0.23400786229324 0.972234662715998 -0.000284602278976568
-0.0191075350136584 0.00317965182067865 -0.99981237835906
-0.238464795417989 0.971150447130785 -0.00116206021034503
-0.398853967791437 0.917014397937338 -0.000326117539334091
-0.997716754034902 0.0675339268261307 -0.000668913672984429
3.53241142546745e-05 0.000780834794071841 -0.999999694524569
-0.243262385444246 0.969960482649096 -0.00027189539799735
-0.97389247855698 -0.226992709779152 -0.00278386732074562
-0.5207794948321 0.853691190138391 -0.000263898693922641
0.025590211780463 -0.0022006805143078 -0.999670094614371
0.00938876124672429 -0.00207168270757144 0.999953778578296
-0.000820559030906638 -0.000738639265135951 0.999999390547271
0.00150594825659746 0.000599762702851663 0.999998686201411
-0.320905839299802 -0.947110973886619 0.000495425907060318
-0.957294814678294 -0.289113475487185 0.000189952025771454
-0.949221267924064 -0.314609206318697 0.000178382040026714
-0.319947096732827 -0.94743529050951 0.000474962518964614
-0.756958613095529 0.653462819622425 -3.78365215923608e-05
-0.74708384851541 0.664729801672647 0.000118556515491645
-0.740651105027363 -0.671889772982441 0.000271262510552126
-0.758090150437337 -0.652149722099721 0.000252537428790205
0.0300434485544863 0.00905074454139588 0.999507616390291
-0.904278057650214 0.426944010380686 8.03269108544034e-05
-0.974403137865916 0.224807734182548 8.69986515463304e-05
-0.980645848656109 0.195789971451977 8.1193433507108e-05
0.0164522893518583 -0.00411104625737542 0.999856200397714
-0.296038878071221 0.955175832979179 0.00033281055264202
0.0161116906137723 -0.00739594270967124 -0.999842844379556
-0.0960929700468692 0.995372092456112 0.00073393944705797
-0.993044934050632 -0.117735858184575 0.000163260273518193
-0.864454825751629 -0.502710478044975 0.000171751312148469
-0.0144774357687382 0.00665399954189593 -0.999873056014442
-0.92924110329184 0.369473844920715 0.000223321444548026
-0.876600176678808 -0.48121938392307 0.000186503038296671
0.0135035066353312 -0.0101354882957139 -0.999857453433017
-0.993835578940679 -0.110863688391384 0.0002909087530013
-0.610782034634916 -0.791798743384005 0.000236944599561478
-0.0269082482247705 0.00816268058125121 0.999604580233205
-0.0326066567839064 -0.00965012458971025 -0.999421673283494
-0.0310074354814502 -0.0100718800273566 0.99946840679312
-0.0830103403788056 0.996548490682816 0.000623785216399012
-0.263525407460818 -0.964652332110753 0.000487622698812579
-0.0336493716600011 -0.0107681948670883 0.999375688000359
-0.0157294780526751 -0.00416311339378066 0.999867617240933
0.0450515801144468 0.0143309777357499 0.998881863989095
0.0299887500132194 -0.00903345715500619 0.999509415425624
0.0165294403842389 -0.00506148359243906 -0.999850568327301
0.0230389529303705 -0.0095475574073064 0.999688977030069
-0.672850624611158 -0.739778222067757 0.000468096831296911
0.0147254159669682 0.0029290807093728 0.999887284953058
-0.673613109369116 -0.739084003608582 0.000463137108677472
-0.0286910641796877 0.0133894441998937 0.999498647132779
-0.599365491154014 -0.800475319667409 0.000520208676002336
-0.0345739691787154 0.0199200074853991 0.999203599851908
-0.744264907699486 -0.667884384539466 0.000442781452320966
-0.583562496668901 0.812068212548227 0.000175072233783489
0.0232501953380065 0.0103885975466211 0.999675700143681
0.02558333491424 0.0115374639819387 -0.999606112376036
-0.0263078970424187 -0.014843549537016 -0.999543677680144
-0.915897831084011 -0.401411229144754 0.000433741975551415
-0.49447794587277 0.86919014344116 0.000235775701519167
-0.86732092963442 -0.497749136144063 0.000449984359305752
-0.951751486349128 -0.306869571164446 0.000417762582141852
0.0359883218979373 -0.0195376663653558 0.999161208354271
-0.241147869883685 -0.970488274724179 0.000462031869598551
-0.58244510756946 0.812870016747699 0.000180391229232721
-0.993665066345023 0.112382073960067 7.33346835308582e-05
-0.911658286056107 0.410949094027742 0.000107624438635694
-0.911704032386448 0.410847589065286 0.000126053688260478
-0.811909045717102 -0.583783759155126 0.00047331749724622
-0.809008808958465 -0.587796336848559 0.000461968637271558
-0.515428250078876 -0.856932633807132 0.000424425493168614
-0.0100130913270928 0.00317593781883431 0.999944824188338
-0.495873809988592 0.868394556460349 0.000242646722424932
0.0265528454863309 0.0154566814562931 -0.999527907261692
-0.406956848357341 0.913447355275997 0.000229596050490518
-0.603352975091749 -0.797474175760378 0.000355588584463815
-0.495513679996055 0.868600106011897 0.000220845849084781
-0.993280178758164 0.115734509217014 9.93098553586743e-05
-0.744126815033306 -0.668038226137229 0.000459965011870535
-0.666042903022924 0.745913419932868 0.000145934403441732
-0.584895346311438 0.811108750312 0.000170383475550404
-0.00171245009270494 -0.00183614050382458 0.999996848046398
-0.995363952453525 -0.0961795684859389 0.000304568474426623
-0.584204575051969 0.811606424033302 0.000164183505118547
-0.0236662261979114 -0.010850765756073 0.999661027858972
-0.682098052203049 -0.731260639720202 0.000352103403789578
-0.979118780592631 -0.203288655347892 0.000368914144044106
0.0188092687932795 -0.00532333338427825 -0.999808918508503
0.0241545302596957 0.0177408592194983 -0.999550809404948
-0.86525197656198 0.501337203199469 0.000160448498945576
-0.867265958611633 -0.497844920823214 0.000437999969180376
-0.809019802882517 0.587781365197266 0.000158967833303434
-0.0243523351900339 -0.017445080686373 -0.999551215761673
-0.73857845735293 0.674167507278598 0.000185644626451791
0.0264287252844543 0.0117515333092691 0.999581624453311
0.0247340056320714 0.0138238401645947 0.999598484596939
-0.0281006425699287 -0.0127065573116657 0.99952433551587
-0.951991486165985 -0.306124210130238 0.00042218434033798
-0.523436546964072 -0.852064556883405 0.000414976403520798
-0.999948079359584 0.0101882758696184 0.000193958459335585
-0.978144591687134 -0.207925331397454 0.000462943267843785
-0.495682898054437 0.868503551802528 0.000212326984595978
-0.950780855647604 0.309864103723226 4.19262747876138e-05
-0.406081330984734 0.913836909727484 0.00023461753685967
-0.0254327017265708 -0.0146486428450119 0.99956920468054
-0.30903036479938 0.951052065196608 0.000450463348992258
-0.752985985598064 -0.658036473727219 0.000323631825411679
-0.0261000531246276 -0.0113672267341136 -0.999594704559436
0.030962985529128 -0.0103211437736272 -0.999467241843537
-0.950698989144294 0.310115187524202 5.00684150452965e-05
-0.66442043366324 0.747358987218367 0.00017763639628
-0.526716377107405 -0.850040980464111 0.000435452020347908
-0.605311619769983 -0.795988483865013 0.000420149637342968
-0.604360412148231 -0.796710967706307 0.000355196425492833
-0.583842744791852 0.81186674904449 0.000176493193566298
-0.994373566134342 0.105930215496131 2.04503195115919e-05
-0.913546467430971 0.406734366872549 8.15425072146371e-05
-0.979362675456195 -0.202110392100494 0.000373267019856795
-0.51476488743321 -0.857331283194295 0.000426054338182633
0.023965859470646 -0.0169020585707776 0.99956988649914
-0.865263659432311 0.501317027739277 0.00019329889760975
-0.309012034005845 0.951058114502732 0.000160243808679407
-0.584169212524001 0.811631870211515 0.00019594909253481
-0.993679529905386 0.112254128685478 4.93971171709752e-05
-0.81807141698746 -0.575116548421094 0.000335321245226557
-0.976075398754108 0.217432314693416 6.68885101154869e-05
0.0251221922738085 0.0117246562720249 -0.999615630075211
-0.681569502828692 -0.731753305459753 0.000335801391052896
-0.525488630771658 -0.850800527578092 0.000401500396265733
-0.665588051815754 0.746319319427554 0.000136855039757579
-0.605099745565509 -0.796149550839363 0.000436594590102151
-0.742122411915027 0.670264347979077 0.000171934888860537
-0.754763053991547 -0.655997429578386 0.000323598369022238
-0.737018612939769 0.675872405483415 0.000235979662636413
-0.87243077677842 -0.488737597188396 0.000317528450162067
0.0264241354656925 0.0149682832655998 0.999538751405353
-0.679987292313944 -0.733223795902735 0.000383944703291682
0.0261906916347265 -0.0145559127804203 0.999550985730505
-0.738850552317857 0.673869304885085 0.000145853658910713
-0.666980369485602 0.745075270793578 0.000166050373129369
-0.0241008922686619 0.0181064733067919 0.999545548044833
-0.0265139364642099 -0.0198281895014797 0.999451776762774
-0.666621903420216 0.745396004914916 0.000183677137516552
0.0223850259693531 0.0203571917604937 -0.999542142861409
-0.803699748562026 0.595035024655934 0.000183286794309148
0.0222151384719516 -0.0205469321075912 -0.999542050743058
-0.980184118002425 -0.198088394489927 0.000287722454423617
0.0263784769673689 0.0154936347313239 -0.999531952083421
-0.753340328820682 -0.657630766699224 0.000351657415002599
-0.00278315177945402 0.000116992814289505 -0.999996120181901
-0.664142043671831 0.747606390648809 0.000174609460667466
-0.598372375686842 -0.801217972766212 0.000510030672564636
-0.999944375390153 0.010545311638937 0.000206223263120434
-0.995780879191623 -0.0917625333525146 0.000279480029938695
-0.803916128459298 0.594742663616287 0.000149925370644039
-0.73990107385628 0.672715671078425 0.000163682093074785
-0.666258299635497 0.745720958139938 0.000361604300502523
-0.683419686921338 -0.730025643388797 0.000302527872289452
-0.953231610218651 0.302240390028424 0.000493877945153348
-0.919277275003073 -0.393610493809784 0.000266131064042962
-0.817816162454756 -0.57547947309564 0.00031697530102008
-0.980911687869313 0.194453735441995 7.33077801309669e-05
0.0225610458418112 -0.0196984568402322 0.99955138437633
0.0185172302106916 0.0166245174826327 0.999690320851309
-0.954694784292026 -0.29758662634404 0.000262043458991209
-0.996072200247817 0.0885434836939533 0.000472640256621506
-0.980881751076094 -0.194604555232654 0.000239767799226777
-0.739448051150907 0.673213594820753 0.000188142617233828
-0.913538466666543 0.406751981031009 0.000543919011528453
-0.952384807498401 0.304898189451855 0.000522029896986323
-0.995365890313887 0.0961589999626937 0.000437179389406333
-0.978144211861687 0.207926954428618 0.000531435338640807
-0.913539641895792 -0.40674942974933 0.000473374590985254
-0.999999999611283 7.02594358650852e-07 2.78736342080289e-05
-0.913548921311649 -0.406728764736284 0.000283383871560692
-0.978147549385641 0.20791193223548 -8.06070014489932e-06
-0.999922278137298 0.0124652112294779 0.000237052148759227
-0.980805501168261 -0.194988494061962 0.000236773149778034
-0.955488927394674 -0.295026939313444 0.000121266304526393
-0.995864913637227 -0.0908460598209402 0.000259232191082958
-0.754510246542398 -0.656288197630735 0.000299187450772102
-0.995709389742213 -0.0925350858600576 0.000262800421789272
-0.99565748902904 -0.0930919217787426 0.000242156823339775
-0.99998630632515 0.00522987506015608 0.00018859755935265
-0.872676338270936 -0.488298981734723 0.000336242268834361
-0.980081800478181 -0.198594180586501 0.000125732344735192
-0.73735406960792 0.675506381949693 0.000322456001994159
-0.805404790397852 0.592725140056174 0.000178744459702379
-0.980476103126523 -0.196638199515616 0.00017230521060791
-0.977009162313384 0.213197316080544 3.42308589666743e-05
-0.873882832026648 -0.486136540097701 0.000245501366980665
-0.873734127446376 -0.486403752763399 0.000252652335699318
-0.919865675261341 -0.392233501478394 0.000140691134594209
-0.999916909210202 0.0128887775793177 0.000232568329390228
-0.993102377839668 0.117250225413392 0.000227529571571448
-0.975685392124327 0.219175750337516 7.78407709916031e-05
-0.99331440641869 0.115440374125492 0.000100114199254326
-0.527724752681758 -0.849415345060374 0.000396210730683177
-0.955544185724625 -0.294847884538644 0.000184691500335678
-0.680368716153787 -0.732869847370968 0.000443727058073837
-0.861799751485183 0.507248620203292 0.000160130986045266
-0.975584872280179 0.219622748675252 7.24043762112707e-05
-0.947933698883166 0.318467735649783 6.22236261481443e-05
-0.805152805454998 0.593067387853568 0.000182571880921999
-0.995289082952778 -0.0969512829891838 0.00030013625109447
-0.909120307448933 0.41653361320923 0.000125103242010421
-0.742202583846706 0.670175567775798 0.000181349550404937
-0.870909340647512 -0.491443545615274 0.00040230088817588
-0.815978688025193 -0.578081864082672 0.00037297102697492
-0.760834799455536 0.648945604258432 -0.000103204226259011
-0.91572661230044 -0.401801695264199 0.000411348484757999
-0.861639158302881 0.507521358930426 0.000176376064671509
-0.860113359265555 0.510102911982929 0.000168521387984318
-0.919116344014447 -0.393986141528896 0.000257776430796216
-0.818939940206253 -0.573879141040383 0.000325290224892254
0.0324105407097696 0.0106781233594884 -0.999417597669973
0.0322553748754095 0.0237554162437904 0.99919731334243
-0.860357369447232 0.509691255641186 0.000144085914862244
-0.803743391152523 0.594976087154472 0.000129973060516643
-0.946874024033644 0.321604696321625 4.37516852632754e-05
-0.816354089198312 -0.577551591830192 0.000399779446838278
4.87276422063079e-05 -0.000502201283196173 0.999999872709736
-0.863055600679706 0.505108904447278 0.000157427641533961
-0.819075380424037 -0.573685814367999 0.000327988026094633
-0.910112705745681 0.414360765582436 0.000137062804741125
-0.980339223047605 -0.197319334265438 0.000296781844913776
-0.812027171210645 -0.583619453313523 0.000454895219972854
-0.75037686106683 -0.66101012709279 0.000422204056542941
-0.910061724601201 0.414472717992445 0.000153153007827697
5.22412849128403e-05 -0.000555643326515309 0.999999844265659
-0.802134455789385 0.597143432267727 0.000190092046075932
-0.0843408530183544 -0.996436810969802 0.000549778562163448
-0.994777018486096 -0.102071161455391 0.000401859504668279
-0.750310504723703 -0.661085464771804 0.000393406545290298
-0.909313561451685 0.416111567891498 0.000100134573967575
-0.917766637025712 -0.397119988696111 0.00033843834751923
-0.954849485688242 -0.297089869148576 0.0002633062524333
-0.947864531407386 0.318673544554114 4.58385655189957e-05
-4.1762779967122e-05 -0.000526840389329878 -0.999999860347528
-5.82715540094884e-05 -0.000535637520850537 -0.999999854848426
-0.953752952554023 -0.300591407503497 0.000333510944514957
-0.0820404343978373 -0.996628858034407 0.00053521663605256
-0.994367879614875 0.105983574050258 4.49638784165621e-05
-4.36820639315436e-05 -0.000520507358901012 -0.999999863581974
-0.862876013778079 0.505415628124298 0.000166415664197555
-0.994749478210993 -0.10233918567607 0.000408257414936269
-0.875095400882432 0.483950396372457 0.000230662865353843
-0.870756005186406 -0.491715191180973 0.000387548282879328
-0.0267449004486771 -0.0115377145897152 -0.999575705708195
3.76335399095236e-05 -0.000498359958235633 0.999999875110527
-0.806936799709867 0.590637759216268 0.000196626509888499
5.18327820526057e-05 0.000544308377714923 0.999999850520865
-0.0305664543671295 0.0129380173953662 -0.99944899798504
-0.847526673036483 0.530752767901785 0.000194566967377285
-0.917988840695581 -0.396606054901637 0.000354363856547519
-0.806877786724032 0.590718370776462 0.000209089765189396
-0.0986603210288074 -0.995120960164695 0.000644744436999536
-0.948876588384633 0.315647296994669 6.25739543159698e-05
-0.033750395620715 -0.0101087543190666 -0.999379169225356
-0.0833487971651188 -0.996520288741989 0.00054049672616483
-0.0267143644463457 0.0188515410112825 -0.999465338135209
-0.00383042931529119 -0.000215064011113483 -0.999992640752287
-0.0217862254640215 0.00172471246117293 -0.999761164352245
-0.999986404154555 0.00520317955591029 0.000344134496552674
-0.95343145835913 -0.301609568951162 0.000349468562689171
-0.999999995727055 -2.80124024323672e-06 9.24015348452021e-05
0.011574404702502 -0.000513850847823967 0.999932882304152
-0.977002593357241 0.213227419262243 1.57476904186441e-05
-0.741339980307062 -0.671129618583908 0.000262026225227236
-0.99998595216938 0.0052976410064933 0.000174538431868476
-0.80901803609422 0.587783814914754 -6.47959061888377e-05
-0.863919383644848 -0.503630096437404 0.000156605097598651
-0.0131066321310063 0.00481462560947236 -0.999902513035357
-0.61149038380695 -0.791251827656175 0.000236098265081745
-0.903965413560775 0.427605567056282 0.000100540403181479
-0.992338714312155 -0.123547049360424 5.16878409513404e-05
-0.949346188045417 -0.314232047229238 0.000189044327858256
-0.957080652930306 -0.289821657075372 0.000175717342716361
-0.976023125702518 0.217666843115932 5.91762631556391e-05
-0.948887172960036 0.315615473413355 7.70322967015942e-05
-0.757623250447809 -0.652692070423419 0.000267558006199957
-0.438558407889635 -0.898702588341743 0.000424943712907799
-0.876920473201645 -0.480635461868189 0.000190983129107888
0.0131914154344206 0.00273244278459442 0.9999092560404
-0.947051927647899 0.321080434512801 -3.01905664951302e-05
-0.0980684404612235 0.995179586218571 0.000414920880534356
-0.438261813544084 -0.898847257428857 0.000436579514889535
-0.973064424556263 0.230533344902466 5.05081099367498e-05
0.0267699014354965 -0.0158647235508933 -0.999515724200369
0.025293606304571 -0.0125933769409833 -0.999600740464578
-0.683305167557341 -0.730132859280604 0.000236195183593706
-0.993121402372986 0.117088962888586 0.000234346727473529
-0.999176385363985 0.0405767786570791 0.000275617080890077
0.00230709964858162 -0.000720068862578961 -0.999997079391757
-0.809019201302087 -0.587782202139692 0.000121541544092991
-0.919832069603024 -0.392312312958718 0.000113273114428282
4.33786993642204e-05 0.000603833682818657 0.999999816751569
-0.978148001245301 -0.207909796678816 6.40686772857906e-05
-0.104560569111599 0.994517838780487 0.00116436010209729
0.0328729603705277 -0.00342228549618245 0.999453678985905
-0.0772343091557092 0.997012665150317 0.000779114306627774
-0.373609239056111 -0.927586089860379 0.000427070773480478
5.08440278574414e-05 0.00058940858962684 0.999999825006184
-0.999901532903623 0.0140284213022612 0.000357620959408039
-4.41580773709388e-05 -0.00053763991455057 -0.999999854496683
-0.0145373802770939 0.00743092169840215 0.999866714106131
0.0201783647334875 0.00148624710617607 0.999795291380302
-0.873982578611072 0.4859571915014 0.000245585859561929
-0.0161452552166435 -0.00198876564788822 0.999867679018173
-0.104532487921192 0.994521462894901 -0.000137150980547698
0.0217687266391146 0.00148949403317353 0.99976192363384
-0.0184951506919012 -0.00220315825680963 0.999826522700103
-0.0756216189929739 0.997136505428548 0.000400353124638213
-0.000872380509868626 -0.000573117074781427 0.999999455244384
-0.999175248751641 0.0406046616335157 0.000289371255894913
0.0146399751267134 0.00403474493376536 -0.999884689332529
-0.849863221460731 0.527003296936277 0.000172704032555566
-0.0153773686654415 0.00334533110256013 -0.999876164978814
-0.419885605631784 -0.907576954395491 0.000387341496872566
-0.435721519191402 -0.900081432000573 0.000416510905009856
-0.00063689679164278 -0.00097347767435551 0.999999323351618
-0.663727590967621 0.74797431244116 0.00033603049319161
-0.238480569963513 0.971146977334496 0.000752438668355765
-0.436455815758684 -0.89972556432313 0.000479368174297085
-0.0208118952980668 0.00538064073877195 0.999768930163036
0.0364771209908563 -0.00501975594165455 -0.999321880924512
-3.60499786441705e-05 -0.000527907249670668 -0.999999860007158
-0.00850371294597846 0.00135070478221146 0.99996293054429
-0.0884139577439308 0.996083495563967 0.000801212283666608
-0.0189894318414966 -0.00111574181352024 -0.999819061929979
-0.012398890518793 -0.00337028580433539 0.999917450936576
3.97869321261381e-05 -0.000519088298036736 0.99999986448216
3.63321353263493e-05 -0.000509137169480749 0.999999869729651
-0.0709701121309455 0.997478231167659 0.000649254002062921
-0.0166069472016 -0.00320928722950719 -0.999856944657645
-0.368142449483169 -0.929769307379016 0.000414661883326191
-0.0225362248570834 0.00443815757350332 -0.999736175861684
-0.929004327423175 0.370068786597258 0.000229816118550046
-0.234326533848752 0.972157656654911 0.00075242385809588
-0.229217429691969 0.973375172665403 0.000378370195127941
0.0171133138282097 -0.00723769250639081 -0.999827360246258
-0.0139931201820275 0.00174101587278149 0.999900575783064
-0.23080966740121 -0.972998785181291 0.000511341250646935
0.000803622548437172 -0.00034815024293767 0.999999616491031
-0.0835718111129097 0.996501586345624 0.000583779036933976
-0.744869259682539 0.667210443133223 0.000102732440569566
-0.99415495614095 -0.107962297258695 0.000256029318759095
0.00292501444468713 -0.00128982498583643 -0.999994890307948
0.0154302199871406 0.00500021109774605 0.999868444446631
0.000761486962197864 -0.000148486136857138 0.999999699044692
0.0115580680198945 -0.003148079877482 -0.999928247754174
-0.233408368457638 0.972378731231962 0.000369569566441313
-0.012668878075697 0.000447990641041697 -0.999919646187977
-0.254662276295822 -0.967029901282423 0.000543191990377621
0.012363856112938 -0.00228228507628888 0.999920959994763
-0.0261522573754545 0.0063419474917158 -0.999637853993225
-0.0251859503344672 -0.0066291689793745 0.999660803485058
0.0119422574789168 0.00214565168293327 0.999926386623117
-0.0112598700422543 -0.00455176717362903 0.999926245651262
-0.00584341698985022 -0.00445697957079961 -0.999972994540847
0.0210142822543567 0.0147380285463206 -0.99967054095632
-0.0281400067634267 -0.0128536142267884 -0.999521347756346
0.0244483630823764 0.00970794484700034 -0.999653956801772
0.0794780045959024 0.996836341978944 0.000744375907222869
0.104523232627967 0.99452240053794 0.000297773829865642
0.000679963255787224 0.0103864379324976 0.999945828311237
-0.00141902482831658 -0.00893910421169297 0.999959038553295
0.00482705344158316 -0.0122986151434041 0.99991271800124
-0.00214836238298194 0.00368649722706604 0.999990897097202
0.589107907583023 0.808054354340872 0.000183450020910261
0.825822740934221 0.563929366708632 0.000685506741035244
0.821358061298042 0.570412593021552 0.000639424078170657
-6.05256977191355e-05 0.000619086201565539 0.999999806534439
-0.0490156900425715 0.0149848520123421 0.998685594338788
-0.0111221396298766 -0.019480785450825 -0.999748366844514
-0.0305827275858293 -0.0102162269845978 -0.999480027554133
0.00285577053749258 -0.00206902259867329 0.999993781840729
0.0321773789271324 0.00954090167214033 -0.999436635050298
-0.0137683970371443 0.0050998784985266 0.99989220543133
-0.0012789490719135 0.00921829139838962 0.999956692758724
-0.00696057299051469 -0.0219920606016514 -0.999733914446308
-0.958080855338437 0.286497500379213 -0.000506863326438083
0.618785315537371 0.78556000205467 0.000465238844558224
-0.000763731570116693 0.00320318687593967 0.999994578139265
0.30170668969297 0.953400473255633 0.00078165877748708
0.00890663437092336 0.0162118978000738 -0.999828908480798
-0.0198770687286898 -0.00116707734277323 0.99980175038316
0.0224059875000468 -0.0105532125088232 0.99969325366829
-0.0337526594472423 -0.0109785310114202 -0.999369916415873
0.0318754664300073 0.00959794586599041 -0.999445763448434
0.016641873069283 0.00335197946477151 -0.999855895764191
-0.0147945194833737 -0.00407464368401419 -0.999882252803851
0.120294833289717 0.992738064472087 0.000537058668213719
0.328391246959115 0.944541599857156 0.000595869047824795
0.418047721662379 0.90842485315744 0.000623360873440866
0.0083959142758774 -0.00272703258498111 0.999961035199248
0.0794780025270016 0.996836316030186 0.000778561292154917
0.591773962341913 0.806103675643643 0.000664535898354015
0.0257244386907255 0.0111101178212226 -0.999607332174012
-0.0258755941552163 -0.0154576502005675 -0.999545654123608
-0.00363306749350187 0.000241555194875753 0.999993371213867
0.510439390992639 0.859913482075384 0.000656862278116107
0.0248935774247982 0.0107608603206262 -0.999632189201686
-0.0264675300406919 -0.0124527616577238 -0.999572107744429
0.745117148977572 0.666933160759764 0.000770310667726836
0.675996025494889 0.736904952818677 0.000681194844992586
0.11281503135399 0.993615859685192 0.000540446717919295
0.0343115707964275 0.0103116556314894 -0.999357986843363
-0.0083623406406239 0.0286368886353863 -0.999554900877533
0.0155171195922235 -0.0253497925287683 -0.999558205918149
0.813748374773195 0.581216754659736 0.000816490531822648
-0.868897324188816 0.494991945517296 -0.000643343234687793
-0.913536480422956 0.406756180726226 -0.000713005927429738
0.0244378392934453 0.0170976318464656 -0.999555132544429
-0.0347405496895606 -0.0103953267959314 0.999342299409003
0.531774692908939 0.846885505420452 0.000785296344569259
-0.868351726423191 0.495948471695813 -0.000626610286689336
-0.912614623954177 0.408820653797264 -0.000470291137398304
0.41981516325136 0.907609424889851 0.000600462612136125
0.0246671900975047 0.011825216787357 0.999625776968874
-0.0132196776994917 -0.0175837729764429 -0.999757996241808
0.0225016246948721 0.0194347991295894 -0.999557885001606
-0.91267427722817 0.408687438370835 -0.000491328732304071
-0.951492871521633 0.30766997992505 -0.00070632601336211
0.583978900926362 0.811768513130339 0.00072412913024361
-0.0258412280612418 -0.0111192257103906 0.999604218554468
0.0254688451860749 0.0153936179256537 0.999557089141009
-0.0277377829292425 -0.0119828063653027 0.999543409637511
0.0126440607688707 -0.026833449437985 -0.999559950037281
-0.0239536878207413 -0.0180164417932966 -0.999550713403225
0.0336331152139239 0.0114039010443733 0.999369183336157
0.0266362619110882 0.0148071645252355 -0.99953552084462
0.499983192498442 0.866034857709325 0.000657610413049009
0.592567458847453 0.805520558842245 0.00066030110495937
-0.00696535835379138 -0.0292465984580098 0.999547957959817
-0.0261726215669227 -0.0122857004446246 -0.999581940335508
0.426205542794251 0.904625954460858 0.00084723505569747
-0.0196805838813027 -0.0225155694957288 -0.999552761863212
0.994648643858205 0.10331317454712 0.000680614449932283
-0.0275183542770376 -0.0162824473041135 -0.999488680319929
-0.0255565491653777 -0.0141967715640652 0.999572565885997
0.309002540327897 0.951061053756399 0.000549635037611066
0.0291768773790986 0.0102210020994376 0.999522006232223
0.0235233259095919 0.0177809208553045 0.999565151449213
0.403025209696552 0.915188847638301 0.00023131694595002
0.528571193376715 0.84888863634495 0.000759352834750601
0.51039903350046 0.859937395726258 0.000708543108929932
-0.021823589458446 -0.0202987315999953 -0.999555747539166
0.679272843751418 0.733885450140013 0.000741494877175337
0.750907735012773 0.660406722935342 0.000730616034719168
0.0243688579275564 0.0170283920371139 -0.999557998631364
0.0159385664850396 0.0149979496734625 -0.999760483117829
0.423551575262159 0.905871592923834 0.000848661640191451
-0.0146344500472343 0.0248815872850222 0.999583282916433
0.0061325745569056 0.00205375521010674 -0.999979086590735
-0.0242045741913429 -0.0170199995873471 0.99956213323748
0.993963254082187 -0.109712462281922 0.000474504358908469
0.977514824342755 -0.210866217110427 0.000454611582665975
0.587485285788413 0.80923453691095 0.000709403007024257
0.421300842304457 0.906920721656058 0.000636320995982289
0.0133879770920436 -0.0241985879135475 0.9996175220615
-0.0236085306288714 -0.0178528739291059 -0.999561860103724
0.815756350843395 0.578395249857791 0.000714843067654942
0.510546337060001 0.859849660884541 0.00099919535438878
-0.0244828368922964 -0.017132418085627 0.999553435764314
0.246064095401802 0.969253460349854 0.000436524829189364
0.600440189495219 0.799669425383426 0.000623655263509504
-0.0258015479065387 -0.0120117079912691 -0.999594917452444
0.0226308489422972 0.0195640064858851 -0.999552447011347
0.0191579104175154 0.0201375299802 -0.999613652545188
0.00243450526576143 0.0300372957555057 0.999545813881388
0.309023254943527 0.951054452541362 0.000237076694230384
-0.00118299981805864 0.0284521689870428 0.999594455062333
0.00286722323804427 -0.0304955537821702 0.999530790036216
0.50000270123372 0.866023837820116 0.000105291500558318
0.0237920460035257 0.0128960499394839 -0.999633748151254
0.0262056151339341 0.015699167627925 0.999533292027456
0.0179297701035437 -0.0255613969046233 0.999512450313811
-0.809007598200234 0.587797959816613 -0.000514285635713364
0.0181468426668172 0.0238940068866487 -0.999549782920354
-0.865645378984433 0.500657396174808 -0.000499498106321887
-0.0218591885380779 -0.0203764282556892 -0.999553388793214
0.0197938585959749 0.0227898011752336 0.999544310235557
0.871023116969779 0.491241449491383 0.000753661631797859
-0.0289088181740488 -0.0216045412054652 -0.999348549821873
0.678147587501527 0.734925459806159 0.000646602323593666
0.0221784177147994 0.0207024158322513 0.999539657925776
0.66911309060549 0.743160192402157 0.000774860735181475
0.326022196001523 0.94536184709602 0.000711174764344941
-0.865572632640799 0.500783190683994 -0.000462116473672969
-0.915324246590699 0.40271724079159 -0.000589552694082312
-0.014109561297291 0.0263066649814948 -0.99955434052259
-0.018774284402125 -0.0218087739476282 -0.999585866058584
-0.00232920908271324 0.029893879695569 -0.99955036428476
-0.0205934857280692 -0.0219929639039407 0.999546005886817
0.74516840945326 0.666875868251102 0.000786064397706297
0.0218583322485064 0.0204510646397712 0.999551883228887
0.023630983673035 0.0132333861737342 -0.999633159764632
0.0121871787443733 -0.0279943247876089 0.999533786549479
0.523148588529219 0.852241252978478 0.000633278422878422
-0.00694514905044545 0.0316472002173936 0.999474971984325
-0.00134807705063311 -0.0278745177865902 0.999610521126319
0.0272641125116965 0.0151642593660626 -0.999513238234906
0.00554946307481478 0.0294391754471993 0.999551168479418
-0.00345185679723392 0.0298255252272285 0.999549159736314
0.00832611347485049 -0.0263820818005086 0.999617257551247
-0.915369280143124 0.402614950687455 -0.000531463260174398
0.67920517117996 0.733948102404786 0.000720013065711762
-0.95155407278991 0.307480710311695 -0.000677748588749917
-0.0169170653178243 -0.023865329731249 -0.999572037893143
-0.00938175890509913 0.0282126115578585 0.999557917856155
-0.0225740955840483 -0.0195521418136029 0.999553962504808
0.597958481554726 0.801526825283522 0.000634576776129164
0.977491739767451 -0.210973252912699 0.000430397299618107
0.751084319625253 0.660205891948008 0.000724603481300449
0.726347626809557 0.687327054406397 0.000803311365404631
0.917660986892114 0.39736354891767 0.00072327570569791
0.953806849768465 0.300419767873267 0.000675578069953412
-0.809025674045436 0.587773099325713 -0.000492386407223112
0.950957828493844 -0.309320242550136 0.000442690635015827
0.00547140628736979 -0.0297491512009274 0.999542421168838
-0.0196589193287582 -0.0226015059623738 -0.999551248720674
0.020481709823382 0.0217776120066204 -0.999553017692408
-0.00385177718354282 -0.0301844521389179 0.999536924111161
0.0183068557440813 -0.0238382487079588 -0.999548196402406
0.994475172458978 -0.104971158377126 0.000432748945012801
0.917590450961938 0.397526334663154 0.00075996891093836
-0.0119095523210609 0.0256090885176619 0.999601089009414
-0.0111490575369711 0.0273711259345898 -0.999563164577962
0.00608575455670178 -0.029392263944766 0.999549427698139
-0.00541072797166844 0.0243308145798345 0.999689319481157
-0.0204790766139974 -0.0217747803804351 0.999553133335303
0.0131623914397183 -0.0274349983930425 -0.999536928939977
0.950946881428433 -0.309353921390971 0.000424289485922285
0.978150087685221 -0.207899589604432 0.000408171168297885
0.994505770641077 -0.104680932782459 0.000417700121562148
0.99999924009453 3.75282723783905e-05 0.00123223455207832
-0.913550836886735 0.406724319387477 -0.000443218163595931
-0.0012336279711019 -0.0301849976584468 0.999543567874051
-0.00349793685733856 0.0301035829922773 0.999540663869544
-0.00233051469468265 0.0301684495875596 -0.999542111844589
0.00922685181450265 -0.0320559976764029 0.999443484254394
-0.00167348108843094 -0.0302633033487698 0.999540560423371
0.953897952773779 0.30013042297252 0.000651843792687614
0.483506496258953 0.875340681938552 0.000398269686130481
0.814887765040926 0.579618273821165 0.000766184819246159
0.0012796452188293 -0.0303026252245289 -0.999539950883713
-0.00582402837600767 -0.0293842277415431 -0.999551223226458
-0.00546205244064605 0.029841476877818 -0.999539720191692
0.67833792841641 0.734749751366744 0.000676563552198921
-0.0239703718192499 -0.0178694318900431 -0.999552952413615
-0.0172933790117456 -0.0244997327384236 -0.999550249931489
0.00391727600684108 0.0299600974737462 -0.999543419521158
-0.0147704064411169 -0.0262862534834481 -0.999545330623563
0.00668091444715305 -0.0295940936423667 -0.999539671550678
0.00284700929637287 0.0301681655490292 0.999540782722482
-0.00544609299453055 0.029544709488344 -0.999548623235681
0.600373851535916 0.799719157164999 0.000712779932916094
0.00707673601300396 0.0294809685219305 -0.999540290484787
0.815123817416859 0.579286262557472 0.000767001931237299
0.752530200336182 0.65855738293261 0.000686270308725743
0.0128746445058378 0.0273319026014046 -0.999543501118904
0.01814398067979 0.0238751928675128 -0.999550284443274
-0.00904401588037014 -0.0288552793465326 -0.999542684746674
0.00982817815656135 -0.0285940790113434 -0.99954278825852
0.0155891885738967 0.0256967526582199 -0.99954822500089
-0.0182922808510997 -0.0242296244328232 0.999539052644322
0.871186737329595 0.490951236382648 0.000743098489420887
0.598298578369017 0.801273001799486 0.000622662713615527
0.583750508038932 0.811933071776891 0.000176972403556717
0.753059384393438 0.657952228710057 0.000654455839148839
0.917038151649845 0.398798815936022 0.000729949766846853
-0.0203629815105741 -0.0124995136527923 -0.999714514820328
0.421686797842113 0.906741326679607 0.000641106053183359
0.750614551643315 0.660740058196387 0.000608568763802407
0.872542677950818 0.488537398697297 0.000696583443466392
-0.0147483480491099 -0.0263801111264493 -0.999543183642797
0.976763900682522 -0.214317604470352 0.000496726840065025
0.750115499309248 0.661306406454687 0.000757943286230114
-0.0119186046094354 -0.0276408961188048 -0.999546861195569
0.0175060140245148 0.0249313215651977 0.999535876633744
0.693395686958463 0.72055653919647 0.000833743730123218
-0.0155688721280177 -0.0257884760815644 0.99954617938445
-0.00693387412689743 0.00221120161885195 0.999973515637786
0.0163679925739661 0.0134248948592785 -0.999775905399363
0.509741707371187 0.860327250636684 0.000643100483334027
0.813033808844554 0.582215939809397 0.000790637450052233
-0.0151853843435533 -0.0140094838801667 -0.999786546450666
0.0128400582875459 0.0272309036014884 -0.999546702656869
0.0221642092929094 0.0197137302183461 -0.999559961516716
0.749822504756506 0.661638602344458 0.00075580973212385
-4.32289220047257e-05 -0.000570029836812579 0.999999836598609
5.32766071061487e-05 -0.000562795681724246 -0.999999840211299
0.00998294424511717 0.028484423273385 -0.999544385435175
-0.016266938331945 -0.0185168881068618 -0.999696209641781
0.8156704458988 0.578516430615732 0.000680584224379151
0.00679840882814043 -0.0292171088141952 -0.999549969831396
0.0202579575133773 0.0130535341933833 -0.999709568025858
0.68553137783417 0.728042635245623 0.000807012635270487
0.870314851746736 0.492495111546657 0.000789893475583603
0.67593566250569 0.736960299826976 0.00070472116974729
0.869976882853039 0.493091866433842 0.000796591551049739
-6.00868767792542e-05 -0.000633854645475593 0.999999797308907
0.0979513651147222 -0.995191051727354 0.000548300981156246
4.33445081097089e-05 -0.000578098784607073 -0.99999983196151
-4.69343412657429e-05 -0.000564657706955068 0.999999839479408
0.399667711944723 0.91666006126664 0.000228270694076391
0.949624214714266 -0.313390525912849 0.000478640138463944
0.999992826523515 -0.00349004757357278 0.00147189315035689
0.917232591006028 0.398351409974582 0.000726751423404201
0.00361061007502739 -0.0300025037745967 -0.999543302344697
0.00999872680952569 -0.028462033701838 -0.999544865476155
-0.00857065128120578 0.0290937775045724 -0.999539942196974
0.994654827050938 0.103253540209054 0.000693872153668344
-0.95825238211494 0.285923263932886 -0.000509227854257383
0.949680544741956 -0.313219763105887 0.000492887932549899
0.99396355804992 -0.109709675964644 0.000481942399594565
0.00141959220892221 -0.0243354728262595 0.999702840608289
0.0144851214476127 0.0232298494253806 -0.99962520744143
0.00170078169832176 0.0302899310179107 -0.999539707775807
0.00196462995052052 0.0265165781043754 0.999646443156175
0.999993169141152 -0.00339884652279116 0.00145241638297828
0.976764849217908 -0.21431331568111 0.000481719924512016
-0.00377071838566276 -0.0272946533525045 0.999620319712051
0.0112757002428402 0.0315051656702931 -0.999439984751521
0.669139193487822 0.743136961427999 0.000443055331386004
0.828809479638308 0.559530556128053 0.000634996620457456
0.97814233367786 0.207934988343991 0.000784658916180299
0.00912115523522115 -0.0229120984009226 0.999695873890676
0.0132713089121178 0.0158589181220789 -0.99978616067425
0.0114528721027991 -0.00351645332492079 0.999928230562879
0.872153421525241 0.489231963083433 0.000704002376209121
0.0736745558160579 0.997282189907574 0.000541773440702805
-0.0122853515547353 0.0389744060732359 0.999164684027821
-0.00678219861128589 -0.0288702632284324 0.999560158111116
-0.00119672103868501 0.0300285488967688 0.999548325049825
-0.0114986159635134 -0.026381015505662 -0.99958582615592
-8.48632618848976e-05 -0.00247452117962707 0.999996934766881
0.0275019507803953 0.00404658722195159 0.999613559249337
-5.1686526538673e-05 0.000667218003760388 0.999999776074294
0.00091713464897079 -0.000928070239123447 0.999999148774471
0.0141375828816125 0.00422528832477809 0.999891131918289
0.00298907753743285 -0.000805469022211615 0.999995208306085
0.00416562417945465 -0.000238994224257875 -0.999991295190591
0.0132686747634383 0.00270049469632694 -0.999908320596652
0.00284804130304584 -0.000808721575884916 0.99999561730547
0.348602420387854 0.937270560020457 0.000499818635820664
0.0185754972707521 0.0205387582488179 -0.999616481612194
-0.0129684558558662 -0.0137873647064263 -0.999820847815831
0.0201893330695588 0.00254350998314592 0.99979293925651
0.078356075935749 0.996925279568722 0.000558856669236017
0.356115610484162 0.934441748895939 0.000538414144661428
0.743918030924274 0.668270597739877 0.000609476938554546
-0.00384631830807306 -0.00148442214736077 -0.999991501127065
0.348932205774307 0.937147831002555 0.000508547621953463
0.0189421739783167 0.00113903706900133 -0.999819932107542
0.104563980705613 0.99451750224558 0.00114527996941165
0.0875988460854494 -0.996155617540272 0.000654069917938754
0.726335220749706 0.687340167864361 0.000800461534706186
-0.0155597407516456 -0.00196723260230827 -0.999877004667889
0.0732242672833478 0.99731533160517 0.000579677571627096
6.34766722019275e-05 -0.000578951554000409 -0.999999830392891
0.0759349633246482 0.997112516093892 0.000715257850271682
0.518840349218795 0.854870888753633 0.000674969697269994
0.0149041998297172 0.00421402878609303 0.999880046199956
0.486713227151852 0.873561712575327 0.000410898882513721
0.24152027081028 0.970395536589214 0.000679231522622361
0.00734887694576765 -0.0361698196868795 0.999318636947923
0.219790033839536 0.975547009330153 0.000611237932415842
4.47780636896732e-05 -0.000556288597483423 -0.999999844268949
-0.00108570314229444 -0.000493389251395908 0.999999288907614
-0.01437421489969 0.000666724395832866 0.99989646335238
-4.55221534682005e-05 -0.000571538991595359 0.999999835635444
0.000142640570105746 -0.00340632813017049 0.999994188274281
-0.0148935158486175 -0.00712381940896521 -0.99986370790358
0.0218597210524168 0.00849519277028424 -0.999724954322591
-0.00304595242599961 1.00176555613277e-05 0.999995361025973
0.0152600719751916 0.00323110134024266 -0.999878337692862
-4.26586073545297e-05 0.000570536361879144 0.999999836334238
0.0717796746797093 -0.997420336375115 0.000592358192488605
-0.0212346712525477 -0.0014016870019859 0.999773536362283
4.43869782165538e-05 -0.000592206773932578 -0.999999823660451
0.236763650990639 0.97156703235248 0.000689358671474457
-0.0160745034525605 -0.00171406705768772 -0.999869327618802
-0.0151203097856921 -0.00295641639638868 0.999881310873484
0.0843428161290873 0.996436533778685 0.000723545806307083
-0.0118150992750225 -0.0178855617539126 -0.999770228657499
0.239160850962896 0.970979878689152 0.000403171803985574
0.0115327796685739 0.0158333346117862 -0.9998081318474
0.619630985664819 0.784893131256046 0.000462721431829653
-0.0196411483853261 -0.00403180053223639 0.999798964729697
0.22084971386991 0.975307710939608 0.00052236512257525
-4.38399020008495e-05 -0.000567670812838424 0.999999837913943
-0.00958977177884727 -0.0192324613234163 -0.999769047684851
0.0164756819196979 0.00553567940456015 -0.999848942670247
0.0505418649822465 0.00530081491354168 -0.998707875830249
-0.00224292320740021 -9.38348306411542e-05 0.999997480242081
0.0174326112725234 0.00301067022113964 -0.999843507719604
9.80938665391749e-05 -0.000533417166987179 -0.999999852921849
0.352884744366381 0.935666622790567 0.000572877969785855
0.8198016794266 0.57264720588632 0.000619677268259807
0.0733735292656481 0.997304377776625 0.000550700173790343
-0.00239838128192617 0.0215271030075034 0.999765388280336
2.87437295811341e-05 -0.000503895623890922 -0.999999872631491
0.226591681523895 0.97398967185323 0.000573574242137159
-0.0216967020369071 0.00472578668523515 0.999753429631991
-0.0191944331374814 -0.00557843260012968 -0.999800207454598
0.222010396351873 0.975044119459775 0.000590777958881627
0.216344342169511 0.97631691686634 0.000635178593266031
-0.0225294499734836 -0.00594006312416523 -0.999728532919799
0.0156579027377776 0.00303106199510272 -0.999872813284288
-0.0133110134936876 -0.00548305899971799 -0.999896371122416
-0.0324225637648108 -0.00731728037094328 -0.999447464735836
0.307068573678051 0.951687386784832 9.43079232689889e-05
-0.0241718125387879 0.00196462442905647 -0.999705888613968
0.93085770893686 0.36538186563755 0.000134074764755746
0.930968845237653 0.365098626121348 4.90017833387945e-05
0.932852890577794 0.360257522307288 -4.64937382010489e-05
0.244427195137951 0.969667609294591 -0.000271591433142045
0.870110520527976 0.492856654436611 -1.56232311518421e-05
0.974078179161972 -0.22620672946323 0.00148876661929426
0.292740704130619 0.956191612593136 -0.000692929757082493
0.298697310145644 0.954347893884899 0.000119788206571533
0.979689812930468 0.200519002652811 -3.9225431255118e-06
0.978152553769579 -0.207881982520517 0.00163183865336802
0.99823145722032 0.0594470578729977 7.15963795049275e-05
0.2451585759856 0.969482951208466 -0.000282731032883398
0.491494352184704 0.870880650163994 -0.000441520642593142
0.924540741515353 -0.381082941606406 0.000457050160321148
-0.00878167687626574 -0.0214001942390416 -0.999732421119658
0.740746816751684 0.671784252198882 -0.000268271944358498
-0.0162578261202167 -0.0223333567039931 -0.999618379316916
0.0113079474954512 0.017635761719282 -0.999780531032697
-0.000300871805542292 0.00409052109144706 -0.999991588521302
0.741369115082975 0.671097432057871 -0.000268116425426035
0.490992901761918 0.871163471998523 -0.000418897231801004
0.289262211754264 0.957249619017784 -0.000734670904621787
0.660187189218459 0.751101019527787 -0.000365590138471812
-0.0243320054864947 -0.0169287822159888 -0.999560588379558
0.0251519803246129 0.00772326183049088 -0.999653804630607
0.016178392976579 0.0204627316292213 -0.999659710208912
0.308982224753589 0.951067100453752 0.00116413951737285
0.588354766908457 0.808602724188973 -0.000550172942358784
0.662194816287788 0.749331631499907 -0.00036237448896148
0.588817264524645 0.808265994097346 -0.000558375808010994
0.590856138852975 0.806776891968014 -0.000264132892748973
0.504120158460522 0.863633454179745 -0.000350221787056473
0.499904393898468 0.866080494908372 -0.000416293496445075
0.740526914935046 0.672026528830316 -0.000482498765862239
0.739545770287626 0.673106111493157 -0.00046510240123984
0.881925463082436 0.471388750556006 0.000351306244384961
0.80902483220533 0.587774306644351 -0.000430492614184426
0.913550399191303 0.406725303580109 -0.000442227406525437
0.411315700444305 0.911492864583557 -0.000390360437875616
0.500009146076752 0.866020052106104 -0.000350983956322119
0.669142774582357 0.743133672633068 -0.000540206546718726
-0.0290810742127066 -0.0113767235616782 -0.99951231172189
0.413317321931628 0.910586970919048 -0.000399729583778214
0.956944064750578 0.290272075141557 0.000423475686135105
0.0800542773366656 0.996790428144964 -0.000393749518988355
0.99517828282047 -0.0980648004317573 0.00186556125076732
0.290233148694862 0.956954121219042 -0.00187863795260003
0.471387300179835 0.88192622982999 -0.000371977184297695
0.634388664438859 0.773014219290401 -0.000198005890756688
0.857147549987635 0.515070895318602 -0.000224378896167001
0.386891901628114 0.92212492644106 -0.000525823784242365
0.564201996501577 0.825636750231433 -0.00025260821951677
0.0198407426250781 0.0190356904133217 -0.999621922239891
0.975166727473022 0.221472014573399 -1.97574277461112e-05
0.656276292672786 0.754520637887728 -0.000186218047036923
0.978148030902136 0.207909638807668 -0.000108319618218057
-0.0316049888545072 -0.00453681779085041 -0.999490141003822
0.653365827605626 0.757042307512072 -0.000199885000364414
0.0896535930617444 0.995972918452449 -0.000423037150143362
0.0970100433008894 0.995283354224847 -0.000310325147807114
0.932522315160006 0.361112235651263 0.000291533136128127
0.931361997606744 0.36409453336768 1.36288873711793e-05
0.856790773388649 0.51566420227726 3.35535210859667e-05
0.997208735215712 0.07466415926355 -4.16046613655194e-05
0.997230014346951 0.0743793924939382 -6.67668474637131e-05
0.997244625275112 0.0741832388841558 -6.65474124096753e-05
0.561993661505795 0.827141500317671 -0.000250757936451841
0.932751826937645 0.360519110358264 -2.02724064947009e-05
0.022711006535058 0.014754346909961 -0.99963319244082
0.996990649420185 -0.0775133561858193 0.00115090465615859
0.0267573016766765 0.0129068796939287 -0.99955863222902
0.0901760177303701 0.995925776702654 -0.000364863682083423
0.858752168367762 0.512391120186224 -0.000230820219018716
0.838501754238882 0.544898888266289 9.85113207339473e-05
0.78108345079011 0.624426615100341 -0.000212734915097288
0.0853870859040599 0.996347768376772 -0.000412324434851404
0.999999831941998 1.98094706789774e-05 0.000579416569506443
0.714001378352558 0.700144282485472 -0.000124151319876121
0.386023807966622 0.922488712721302 -0.000441117607731543
0.104520760894627 0.994522670385146 0.000261977109440659
0.0236078038228774 0.0176671362505449 -0.999565177412341
0.0755576643462093 0.997141421066786 -0.000160472603472785
0.997219232604121 0.0745238214487535 -4.64878785632707e-05
0.9972373003146 0.0742816451894615 -6.36332825968527e-05
0.97594238958955 0.218028556962434 -2.34758974372857e-05
0.865197354205332 0.50143143578266 0.000231268313880297
0.714095145679158 0.700048647403914 -0.000119102533619218
0.9750847161164 0.221832810480112 -2.43041903001772e-05
0.864119322785246 0.503286989588544 -4.58265072259828e-05
-0.0278634167662495 -0.00707271891520589 -0.999586717925592
0.0195657977630521 0.021677615317606 -0.999573539341672
0.99518692303444 0.0979927556090232 0.000638803094952408
0.997819930316739 0.0659953083918071 7.70257695246812e-05
0.0723423744327 0.997379692206426 -0.000574835326962371
0.997408128868725 0.0719515412708573 -1.32414992408947e-05
0.0979940557374316 0.995186588587595 -0.000904950558456133
0.0170302225810155 0.0228120499656703 -0.999594708817131
-0.0270821166463735 -0.0133053589666824 -0.999544659522885
0.979212209079414 0.202838478185218 -3.68418035263643e-05
0.0138363820244932 0.0256675648555309 -0.999574774915243
0.980723757990374 0.195399361574076 -3.11153451812471e-06
0.842384675113263 0.538876657884176 8.1987217261701e-05
0.956929718450493 -0.290318031752052 0.000976926749639044
0.935316917884845 0.353811054693782 -2.63603517539569e-05
-0.0226734848358629 -0.0198127395014394 -0.999546581425221
0.931165979606575 0.364595554031946 2.00864699197346e-05
-0.0151343024211247 -0.0236006076676829 -0.999606904842069
-0.00838297754566362 -0.0216054151350837 -0.999731429797178
0.976681445114476 0.214693629980044 -3.88468226808494e-06
0.41779090936777 0.908543098742951 -0.000440200191508418
0.976186061454046 0.216934951323873 -1.78029823990341e-05
0.998025067031102 0.0628169204979139 -8.75922205034031e-06
0.015531304542821 0.00863703827008454 -0.999842077604818
0.780253794233804 0.625463041463858 1.86153947681043e-05
0.975565936528416 0.219706857280413 -1.86922224877012e-05
0.977531845181669 0.210787786812181 -2.42186731447547e-05
0.591830234780871 0.806062577875329 -0.000306183275839989
0.773009148192716 0.634394870928615 -6.74524886336843e-05
0.860205098337069 0.5099482065612 0.00012417700922895
0.232380979697535 0.972624527737895 0.000779947081444888
0.421090624866474 0.907018457514336 -0.000450974364745269
0.997134192427033 -0.0756442468709008 0.00116198460504614
0.936635821177143 0.350304635859038 -2.41554671290865e-05
0.07882615386993 0.996888238169042 -0.000527319919302387
0.78304413416123 0.621966105212092 -0.000218913203678225
0.782306938284066 0.622893131981112 2.10563831420038e-05
0.0833322681644892 0.996521802784796 -0.000172212374198798
0.21535295105347 0.976535262226231 -0.00141000046353202
0.219824754479425 0.975538370964945 -0.00140146106684626
-0.0199301027960371 0.000388835023102007 -0.99980130016412
0.237838495115145 0.97130439975656 0.000783105939006399
0.997716253342311 0.0675446307716466 -2.58940637214061e-05
0.973907448269073 -0.226940620635404 0.00149563085040542
-0.00030075761491718 0.00408896860579748 -0.999991594904976
-0.999999818629582 0.000602279671790767 0
-0.999999799117413 0.000633849457353612 -0
-0.99999980290674 0.000627842720297309 0
-0.999999811330922 0.000614278536289723 0
-0.999999872550242 0.000504875726097069 0
-0.999999788224704 0.000650807611613178 0
-0.999999883395434 0.000482917298889369 0
-0.999999846899685 0.000553353961895526 0
-0.999999853039371 0.000542145032757225 0
-0.99999979005064 0.00064799589182863 0
-0.99999987286027 0.000504261286189864 0
0.999999889066918 -0.000471026698766075 -0
-0.999999882346104 0.000485085330028215 0
0.000550419307246168 0.999999848519282 -0
0.000522416075993129 0.999999863540712 -0
-0.999999821350647 0.000597744656359434 0
0.000609477221009466 0.999999814268741 -0
0.999999895769181 -0.00045657598238648 -0
0.000543844928737379 0.999999852116336 -0
-0.999999860288765 0.000528604247014422 0
-0.99999980021935 0.000632108583365975 0
0.000534142820680099 0.999999857345713 -0
-0.999999876514701 0.000496961348893387 0
0.000497695696558567 0.999999876149489 -0
0.000558310284308592 0.999999844144801 -0
-0.999999825385066 0.000590956714157399 -0
0.999999877401537 -0.000495173617450534 -0
0.999999878759608 -0.000492423364358101 -0
-0.999999868742112 0.000512362917299864 0
-0.999999847716197 0.000551876419131589 0
-0.999999801637203 0.000629861535764236 -0
-0.999999882495085 0.000484778110065658 0
-0.99999982433224 0.000592735597865998 0
-0.999999845195016 0.000556426044770579 0
0.999999893248034 -0.000462064845422801 -0
-0.999999798460369 0.000634885204031901 0
0.999999881223627 -0.000487393816212714 -0
-0.999999874202258 0.000501592931292562 0
0.00051844282219975 0.999999865608511 -0
-0.99999979014353 0.000647852526424443 0
-0.999999877095651 0.000495790967748434 0
0.00051135353852832 0.999999869258771 -0
-0.999999875563407 0.000498871898464806 -0
0.000518273088708702 0.999999865696494 -0
0.000566885841318738 0.999999839320209 -0
-0.999999805767461 0.000623269637284237 0
0.000561593020608524 0.999999842306627 -0
-0.999999795907491 0.000638893556463275 -0
-0.99999982595348 0.000589994076192531 -0
0.999999889285943 -0.000470561474135439 -0
-0.999999799697497 0.000632933618404166 -0
0.999999878528992 -0.000492891470252548 -0
-0.999999845580617 0.000555732617145091 0
-0.999999882422738 0.000484927325369581 0
0.999999879210141 -0.000491507583452249 -0
-0.999999876091224 0.000497812752135116 0
0.999999885394582 -0.000478759672135754 -0
-0.99999981979249 0.000600345722960009 0
-0.999999848775226 0.000549954111775918 0
-0.999999804320507 0.000625586883324277 0
-0.999999801539522 0.000630016600908337 0
-0.999999873356975 0.00050327530687945 0
0.999999882797005 -0.000484154909889202 -0
0.000556563589425821 0.999999845118474 -0
0.00052554671591159 0.999999861900315 -0
0.00051714083360884 0.99999986628267 -0
-0.99999987842514 0.000493102123725707 0
-0.999999813392156 0.000610913785535355 0
0.999999881638233 -0.000486542412957888 -0
-0.99999983888868 0.000567646556962713 0
0.000493900907259837 0.999999878030939 -0
-0.999999840657558 0.0005645217962314 0
-0.999999867134688 0.000515490646885091 0
-0.999999848680265 0.000550126755640419 -0
-0.999999865661588 0.000518340434953269 0
0.000554044420934067 0.999999846517378 -0
-0.999999856318639 0.000536062217703144 0
0.000563085231673774 0.999999841467498 -0
-0.999999872151111 0.000505665662054989 0
0.00052230786798288 0.999999863597236 -0
-0.99999987136872 0.000507210551173109 0
-0.999999865191046 0.000519247426467573 0
-0.999999855152507 0.000538233188151455 0
0.00055754956865263 0.999999844569227 -0
-0.999999795813988 0.000639039890459361 0
0.000555542452782283 0.99999984568628 -0
-0.999999843469446 0.000559518616719341 0
-0.999999796913795 0.000637316536987346 0
0.999999879978282 -0.000489942263413784 -0
-0.999999804823533 0.000624782279155322 0
-0.999999842380561 0.000561461354926116 0
0.999999884051526 -0.000481556782439409 -0
0.000625504926971161 0.999999804371774 -0
-0.999999878023723 0.000493915517379122 0
-0.999999801274003 0.000630437907782358 0
-0.999999820250673 0.000599582038724607 0
0.999999889290066 -0.000470552713884337 0
-0.99999984708744 0.000553014553140075 0
-0.9999998789166 0.00049210444466186 -0
0.999999881113795 -0.000487619108910821 0
0.000496899881618904 0.999999876545246 -0
0.000528264838245341 0.999999860468121 -0
-0.999999789342864 0.000649087226769709 0
0.00056178615355906 0.999999842198146 -0
-0.999999847947013 0.000551458022606066 0
0.999999889680723 -0.000469721770597404 0
0.999999892763483 -0.000463112321173417 0
-0.999999846987121 0.000553195928149872 0
-0.99999980912464 0.000617859761228957 0
-0.999999881022469 0.000487806362911491 0
0.000570317880166234 0.999999837368745 -0
-0.999999875361888 0.000499275684905839 0
-0.999999799575238 0.000633126751341521 0
-0.999999873137493 0.000503711223938235 0
0.000517278320065139 0.999999866211561 -0
0.000518314066890358 0.999999865675255 -0
-0.999999796243834 0.000638366893775354 0
0.99999988950612 -0.000470093339122069 -0
-0.999999814737441 0.000608707716022815 0
0.999999884107874 -0.000481439755963889 -0
-0.999999848282456 0.000550849403508323 0
-0.999999878324116 0.000493306956434141 0
-0.999999849798467 0.000548090361301627 0
0.0005681118106268 0.999999838624472 -0
-0.999999876245563 0.00049750262179601 0
0.000516857013134184 0.999999866429405 -0
0.999999879698582 -0.000490512814768398 -0
0.000522588719865279 0.999999863450506 -0
-0.999999795604553 0.000639367541240423 0
-0.999999798044076 0.000635540563806661 0
-0.999999805752876 0.000623293036754473 0
0.000619901976203987 0.999999807860751 -0
-0.999999873910035 0.000502175182374096 0
-0.999999815616195 0.000607262362137627 0
0.999999879877933 -0.000490147037915525 -0
0.999999881396111 -0.000487039797302892 -0
-0.999999846319527 0.000554401408396525 -0
-0.999999800398715 0.000631824762930639 0
-0.999999876960699 0.000496063088495255 0
0.999999883529633 -0.000482639328268722 0
0.000504483639396213 0.999999872748121 -0
0.000536463035531076 0.999999856103695 -0
0.000565586821420022 0.999999840055761 -0
-0.999999882754503 0.000484242687021454 0
0.000560024790361075 0.999999843186105 -0
-0.999999871485931 0.000506979408613223 -0
-0.999999861395473 0.000526506443540799 0
-0.999999859394953 0.000530292443295302 0
0.000561856351973253 0.999999842158707 -0
-0.999999793891159 0.000642041774637288 0
0.000634548705687335 0.99999979867395 -0
-0.999999871217308 0.000507508981770958 0
0.000534046312408094 0.999999857397258 -0
0.000504828927150007 0.999999872573869 -0
-0.999999874627496 0.000500744438437952 0
0.000511695857688604 0.999999869083666 -0
-0.999999868593669 0.00051265255854098 -0
-0.999999858695872 0.000531609100185356 0
-0.999999850391214 0.000547007815581746 0
-0.999999846713458 0.000553690402061092 0
-0.999999787649227 0.000651691261709345 0
-0.999999839560601 0.000566461624039766 0
0.999999895450995 -0.000457272347712973 -0
-0.999999841961373 0.000562207460459376 0
0.999999883313481 -0.000483086974181783 -0
-0.999999803108783 0.000627520832065128 0
0.000537466593498483 0.99999985556482 -0
-0.999999882013762 0.000485769968375502 0
-0.999999865832907 0.000518009815533028 -0
0.00054458224493851 0.999999851715078 -0
0.00055142286519072 0.9999998479664 -0
-0.999999824273272 0.000592835074723854 0
0.000548301014756627 0.999999849682987 -0
-0.99999986750245 0.000514776730123052 0
0.999999870126604 -0.000509653584253241 -0
-0.999999871536359 0.000506879931747208 0
-0.999999834492759 0.000575338556170847 0
-0.999999853408734 0.000541463304851522 -0
-0.999999800250807 0.00063205881583682 0
0.000502833452640508 0.999999873579251 -0
0.000532530701799107 0.999999858205516 -0
0.999999880442283 -0.000488994293675811 -0
-0.99999984595598 0.00055505676822637 -0
-0.999999840148421 0.000565422966913617 -0
-0.999999852477309 0.000543180779541475 0
-0.99999987862127 0.000492704216253278 0
0.000494287114994611 0.999999877840117 -0
0.000537563159977599 0.999999855512914 -0
0.000532580469333948 0.999999858179012 -0
-0.999999873175812 0.000503635146545301 0
0.00052918940845381 0.999999859979275 -0
0.000501739207106655 0.999999874128876 -0
0.000537296918220191 0.999999855656 -0
-0.999999871754274 0.000506449835455062 0
0.000514214968143662 0.999999867791474 -0
-0.999999862983759 0.000523481101254936 0
-0.999999868210897 0.000513398664132954 0
-0.999999851930109 0.000544187247880053 -0
0.000555557121107791 0.999999845678131 -0
-0.999999865481072 0.000518688574874294 0
-0.99999984766939 0.000551961227664899 -0
0.000531257991681612 0.999999858882463 -0
0.00053760116956823 0.999999855492481 -0
-0.999999848749488 0.000550000910719638 -0
-0.999999866340158 0.000517029657007831 0
-0.999999850930098 0.00054602177813009 0
-0.999999798696221 0.000634513606482726 0
0.000552865308748147 0.999999847169964 -0
-0.999999817701483 0.000603818681780981 0
-0.999999837918948 0.000569352331842187 0
0.999999881488725 -0.000486849603815831 -0
0.999999870463388 -0.000508992345403736 -0
0.000496422986372645 0.999999876782102 -0
-0.999999845569231 0.000555753106234683 0
-0.999999844244424 0.000558131819682374 0
-0.999999872157027 0.000505653962318238 -0
0.000526360109524649 0.999999861472508 -0
0.000494196427481326 0.999999877884938 -0
-0.999999807454278 0.000620557335997239 0
0.000519841377269854 0.999999864882462 -0
-0.999999798434388 0.000634926124000098 0
-0.99999979988634 0.000632635187852544 0
-0.999999805683574 0.000623404213341898 0
0.999999879504781 -0.000490907753652126 -0
-0.999999840703788 0.000564439898081875 -0
0.999999875930961 -0.000498134582210961 -0
-0.999999844766548 0.000557195549781723 -0
-0.999999878108951 0.000493742931707072 0
0.000499199607512398 0.999999875399868 -0
-0.999999837430485 0.000570209613956841 0
0.000528179971501132 0.999999860512949 -0
-0.999999842868083 0.000560592373063018 0
-0.999999795799035 0.000639063289928898 0
-0.999999875856606 0.000498283826615768 0
0.999999882917379 -0.0004839062177157 -0
-0.999999813410007 0.000610884565300709 -0
-0.999999843225415 0.000559954591946665 0
0.999999877144965 -0.000495691490880746 -0
-0.999999797200859 0.000636865951677973 -0
-0.999999796305437 0.000638270385515286 0
-0.999999542977338 -0.000956057067171733 0
-0.000926933298062577 0.999999570397238 0
-0.999999546648278 -0.000952209660849271 0
-0.999999550260088 -0.000948408995192677 0
-0.999999555116892 -0.000943274094718096 0
-0.999999584872191 -0.000911183540764445 0
-0.999999543539339 -0.000955469053941558 0
-0.999999539100543 -0.000960103485252321 0
-0.000924870594974678 0.9999995723071 -0
-0.999999536799841 -0.000962496806488818 0
-0.999999539819395 -0.000959354469794028 0
-0.000923793928801382 0.999999573302297 0
-0.999999588572262 -0.000907113722668857 0
-0.000921189894912628 0.999999575704499 -0
-0.999999587547181 -0.000908243066781432 0
-0.999999579472145 -0.000917090798500007 0
-0.999999503239197 -0.000996755416203802 0
-0.000913023890850825 0.9999995831936 0
-0.000914682866008511 0.99999958167754 0
-0.999999548090308 -0.000950694051200079 0
-0.000950723329626039 0.999999548062473 0
-0.999999588943739 -0.000906704115693451 0
-0.999999556253209 -0.000942068673372059 0
-0.999999547842694 -0.000950954472030504 0
-0.999999561855623 -0.000936102859192333 0
-0.000912854215660594 0.999999583348504 -0
-0.999999543860796 -0.000955132555774052 0
-0.000926763622878859 0.999999570554501 0
-0.999999532025562 -0.00096744439490742 0
-0.000918843371478435 0.99999957786334 0
-0.999999550593021 -0.000948057886909101 0
-0.999999509790862 -0.000990160611256225 0
-0.000912160788372906 0.999999583981262 -0
-0.000923167789532664 0.999999573880525 -0
-0.000917105466818172 0.999999579458693 0
-0.999999591124176 -0.00090429612492601 0
-0.999999535596548 -0.000963746174580032 0
-0.000951220713621357 0.999999547589475 0
-0.999999512094123 -0.000987831725049454 0
-0.999999553617033 -0.000944862813153977 0
-0.999999567014071 -0.000930575988496846 0
-0.999999562386777 -0.000935535276799549 0
-0.000917199064657875 0.999999579372849 0
-0.999999582279485 -0.00091402453791449 0
-0.999999544598257 -0.000954360140847586 0
-0.00092088267514107 0.999999575987459 -0
-0.000950834506154018 0.999999547956769 0
-0.999999591124176 -0.00090429612492601 0
-0.999999562816433 -0.000935075902350743 0
-0.000920511135958863 0.999999576329535 0
-0.000955963469342249 0.999999543066818 0
-0.999999505141664 -0.000994844926288025 0
-0.000922930768141452 0.999999574099308 -0
-0.000951601100327656 0.99999954722757 0
-0.999999510975004 -0.000988963979350242 0
-0.000916654881695232 0.999999579871826 0
-0.999999547848284 -0.000950948593062274 0
-0.000916139918952958 0.999999580343736 -0
-0.999999546311115 -0.00095256367950899 0
-0.999999548195997 -0.000950582874672055 0
-0.999999518397524 -0.000981429936344078 0
-0.000913837284025815 0.999999582450622 -0
-0.999999541501985 -0.000957598986635181 0
-0.000908591264723285 0.999999587230872 0
-0.000950506797330607 0.999999548268312 0
-0.999999549077214 -0.000949655394671977 0
-0.000913196534629209 0.999999583035958 0
-0.000946937274062688 0.999999551654799 0
-0.000933996267620023 0.999999563825391 0
-0.000924434678179271 0.999999572710172 0
-0.999999562518168 -0.00093539482183953 0
-0.999999545664268 -0.000953242496609213 0
-0.000936933831013015 0.999999561077402 -0
-0.999999524514414 -0.000975177391818927 0
-0.999999555285217 -0.000943095630193417 0
-0.999999505546239 -0.000994438171563217 0
-0.999999563598548 -0.000934239109764829 0
-0.999999543293318 -0.00095572650618055 0
-0.999999577196349 -0.000919568987562479 0
-0.99999952011596 -0.00097967742178116 0
-0.000952206750468969 0.999999546651049 0
-0.999999548279433 -0.000950495097601737 0
-0.999999523997846 -0.000975706964614614 0
-0.999999548929944 -0.000949810459735547 0
-0.999999580815382 -0.000915624956209955 0
-0.999999523832279 -0.000975876639784745 0
-0.99999958882968 -0.000906829902346029 0
-0.999999523298176 -0.000976423791276187 0
-0.999999544011671 -0.000954974580332561 0
-0.000917637950050194 0.999999578970208 -0
-0.999999571768423 -0.000925452845702185 0
-0.999999586983588 -0.000908863385314523 0
-0.999999513122588 -0.000986790041776157 0
-0.999999541538438 -0.000957560918861421 0
-0.999999507827584 -0.000992141415982773 0
-0.999999553705465 -0.000944769215321505 0
-0.999999549907592 -0.000948780592553428 0
-0.999999564235212 -0.000933557382247641 0
-0.000925956108701529 0.99999957130255 0
-0.000957625296472701 0.999999541476791 0
-0.000942832298976798 0.999999555533529 0
-0.999999556672109 -0.000941623909041258 0
-0.999999566856161 -0.000930745663678761 0
-0.999999554669682 -0.000943748079265755 0
-0.000937416604918031 0.999999560624958 -0
-0.00091582099944712 0.999999580635861 0
-0.999999504935028 -0.000995052611012808 0
-0.000921096297073955 0.999999575790716 0
-0.999999579128617 -0.000917465306273915 0
-0.99999951685135 -0.000983004102798425 0
-0.000954848735489288 0.999999544131842 0
-0.99999959066895 -0.000904799387954586 0
-0.999999525817418 -0.000973840304907194 0
-0.999999584581546 -0.000911502460274337 0
-0.999999563953793 -0.00093385878124746 0
-0.999999560975958 -0.000937042097164908 0
-0.000915232927942922 0.999999581174256 0
-0.999999538111177 -0.000961133410608637 0
-0.000935014493323393 0.999999562873853 0
-0.999999551563352 -0.000947033840482535 0
-0.999999510300568 -0.000989645706799098 0
-0.000907221988829681 0.999999588474047 0
-0.999999569317145 -0.000928097799509973 0
-0.000944394707576155 0.999999554059219 0
-0.999999496793657 -0.00100320109314812 0
-0.999999554769051 -0.00094364278170389 0
-0.999999495222101 -0.00100476641194508 0
-0.999999541272198 -0.000957838918383466 0
-0.999999531362978 -0.000968129032779685 0
-0.999999534168671 -0.000965226626867887 0
-0.000947782855967228 0.999999550853728 0
-0.999999509915345 -0.000990034882833576 0
-0.999999514654421 -0.000985236480831192 0
-0.999999508297674 -0.000991667489681056 0
-0.999999582127044 -0.000914191302723566 0
-0.999999479395662 -0.00102039620005229 0
-0.999999474487933 -0.00102519454623703 0
-0.999999554371399 -0.000944064088366376 0
-0.000910747623952609 0.999999585269297 -0
-0.999999586656478 -0.000909223224778391 0
-0.999999593960844 -0.000901153786881612 0
-0.999999525375683 -0.000974293800364195 0
-0.999999522334843 -0.000977409886318284 0
-0.999999572837313 -0.000924297133595432 0
-0.999999440306513 -0.00105801070908584 0
-0.999999508309334 -0.000991655731745289 0
-0.000943985100643149 0.999999554445966 0
-0.999999524291821 -0.000975405623840558 0
-0.999999453657587 -0.00104531551607657 0
-0.999999531917999 -0.000967555571436677 0
-0.999999444622732 -0.00105392325536518 0
-0.999999550776048 -0.000947864812277548 0
-0.999999481361198 -0.00101846813157841 0
-0.999999576550366 -0.000920271204185347 0
-0.999999504835981 -0.000995152146012588 0
-0.999999563338791 -0.000934517109305275 0
-0.999999486568724 -0.00101334213761901 0
-0.999999497166375 -0.00100282949582442 0
-0.999999564172338 -0.000933624728451369 0
-0.000952712923810679 0.999999546168939 0
-0.999999570741561 -0.000926561758886599 0
-0.999999569344317 -0.000928068521082146 0
-0.999999506125024 -0.000993855979124246 0
-0.999999496229997 -0.00100376279649534 0
-0.999999547825977 -0.000950972050727589 0
-0.999999512744223 -0.000987173397053572 0
-0.999999506569791 -0.000993408362661283 0
-0.999999490256262 -0.0010096965956727 0
-0.999999489272061 -0.00101067087447431 0
-0.999999521138779 -0.000978632828102555 0
-0.000949000035230253 0.999999549699365 -0
-0.000930119524422148 0.999999567438742 0
-0.999999554404535 -0.000944028989179123 0
-0.000953277595795546 0.99999954563081 -0
-0.999999483138744 -0.00101672132155469 0
-0.999999490424689 -0.00100952977269205 0
-0.999999575790716 -0.000921096297073955 0
-0.000905135886169353 0.99999959036443 0
-0.999999528852785 -0.000970718398159962 0
-0.999999492142273 -0.00100782696756646 0
-0.999999504317644 -0.000995672871221483 0
-0.999999499133229 -0.00100086626985673 0
-0.99999949020607 -0.00100974630496281 0
-0.999999574625725 -0.00092236021713967 0
-0.999999516109058 -0.000983758939010149 0
-0.999999573656312 -0.000923410631684795 0
-0.000931032394363353 0.999999566589246 0
-0.99999954869926 -0.000950053301869499 0
-0.999999539212865 -0.000959986487966822 0
-0.000913138035978754 0.999999583089377 0
-0.999999586494145 -0.000909401747527481 0
-0.999999518589908 -0.000981233893131829 0
-0.999999542896197 -0.000956141933860386 0
-0.999999581939767 -0.000914396135310943 0
-0.999999580654625 -0.000915800510367706 0
-0.999999507458838 -0.00099251301331836 0
-0.999999537075778 -0.000962210075812757 0
-0.999999506072727 -0.000993908598796836 0
-0.999999502944534 -0.000997050994406237 0
-0.999999524237599 -0.000975461212103901 0
-0.000925692777472259 0.999999571546349 0
-0.000934359075646945 0.999999563486464 -0
-0.999999562641319 -0.000935263156228388 0
-0.999999507891454 -0.000992077038374153 0
-0.999999486097214 -0.00101380733274999 0
-0.000925961929462563 0.999999571297161 0
-0.000946972431457258 0.999999551621507 0
-0.999999574965665 -0.000921991588339528 0
-0.999999578688244 -0.000917945169824501 0
-0.999999573091486 -0.000924022102635208 0
-0.000931886765654811 0.999999565793434 0
-0.000933311629721915 0.999999564464606 0
-0.00093333502918079 0.999999564442767 0
-0.999999544291064 -0.00095468197069922 0
-0.000928232375504251 0.999999569192236 0
-0.999999543019297 -0.000956013178637264 0
-0.000923668083947052 0.999999573418544 -0
-0.000938478660940672 0.999999559628804 0
-0.000909474856289391 0.999999586427657 0
-0.999999517489696 -0.000982354505933812 0
-0.999999541073192 -0.000958046661325989 0
-0.999999545681025 -0.000953224917912243 0
-0.999999530291613 -0.000969235035515366 0
-0.999999540433896 -0.000958713720479342 0
-0.999999544545204 -0.000954415729111002 0
-0.999999550140783 -0.000948534781830657 0
-0.00091944023232611 0.99999957731474 0
-0.999999516391091 -0.000983472208351884 0
-0.999999573675232 -0.000923390142605811 0
-0.999999540907832 -0.00095821924687495 0
-0.000928811715845821 0.999999568654305 0
-0.999999544134621 -0.000954845825109008 0
-0.000931956964031713 0.999999565728014 0
-0.99999953545837 -0.000963889539917456 0
-0.000936099948811898 0.999999561858347 0
-0.999999546350149 -0.000952522701354381 0
-0.00091559864636933 0.999999580839472 -0
-0.000929364688139224 0.999999568140545 0
-0.999999492000767 -0.00100796736429759 0
-0.000908404010831828 0.999999587400991 0
-0.999999557861448 -0.000940359989043573 0
-0.000927819858172152 0.999999569575063 0
-0.000924586774665697 0.999999572569557 0
-0.999999567952919 -0.000929566552129909 0
-0.000938665914816526 0.999999559453053 0
-0.999999548696495 -0.000950056212249819 0
-0.000913061958629343 0.999999583158843 0
-0.000928451818193773 0.999999568988518 0
-0.999999542910222 -0.00095612726554383 0
-0.000915633745559367 0.999999580807334 0
-0.00094785311254859 0.999999550787138 0
-0.999999482543567 -0.00101730654074861 0
-0.000940166856200202 0.999999558043043 0
-0.999999478819254 -0.00102096093016526 0
-0.999999491204167 -0.00100875735784332 0
-0.999999534273166 -0.000965118360718247 0
-0.999999581388495 -0.00091499881692713 0
-0.000928776616657064 0.999999568686905 0
-0.999999586494145 -0.000909401747527481 0
-0.999999507078395 -0.000992896252174055 0
-0.999999558408804 -0.00093977773834035 0
-0.999999548042994 -0.000950743818703449 0
-0.999999509460558 -0.000990494140821635 0
-0.999999550326662 -0.000948338796819033 0
-0.999999472842983 -0.00102679781637772 0
-0.999999533041172 -0.000966394038638408 0
-0.000934996914625515 0.999999562890289 0
-0.000933434505984799 0.999999564349917 0
-0.999999542143379 -0.000956928958891824 0
-0.999999524674188 -0.000975013537409015 0
-0.000923931415177802 0.999999573175279 0
-0.999999474505955 -0.00102517696754171 0
-0.9999995444307 -0.00095453569498626 0
-0.999999565419837 -0.000932287583252757 0
-0.999999586890527 -0.000908965772505912 0
-0.999999509663365 -0.000990289366474185 0
-0.999999526068159 -0.000973582794458747 0
-0.999999544226823 -0.000954749258691313 0
-0.999999551610427 -0.000946984131186246 0
-0.999999553265855 -0.000945234410518471 0
-0.999999583377887 -0.000912822026850912 0
-0.999999593457076 -0.000901712638186044 0
-0.999999543466647 -0.000955545131281927 0
-0.999999538783059 -0.00096043410444695 0
-0.999999588179383 -0.000907546729104349 0
-0.000910305828171357 0.999999585671564 0
-0.999999572980627 -0.000924142068520741 0
-0.999999597365445 -0.00089736778900562 0
-0.999999559183868 -0.000938952645494748 0
-0.000904407301468352 0.999999591023633 0
-0.999999515164572 -0.000984718549571146 0
-0.999999540293648 -0.000958859996190548 0
-0.999999548529693 -0.000950231766390652 0
-0.000924036770953092 0.999999573077932 0
-0.000954041221375941 0.99999954490257 -0
-0.999999571930875 -0.000925277291549114 0
-0.999999567465919 -0.000930090304202095 0
-0.999999536084242 -0.000963240001224202 0
-0.999999575650555 -0.000921248451769398 0
-0.999999577032223 -0.000919747452098891 0
-0.999999545530426 -0.000953382893354525 0
-0.999999566474837 -0.00093115527062702 0
-0.999999578827902 -0.000917793015127671 0
-0.999999578070297 -0.000918618108021919 0
-0.999999556627986 -0.000941670766165521 0
-0.99999957836861 -0.000918293309549486 0
-0.999999548715905 -0.000950035781379975 0
-0.999999561625488 -0.000936348669923744 0
-0.999999573596863 -0.000923475009302279 0
-0.999999554244342 -0.000944198664354619 0
-0.999999569993023 -0.000927369273062569 0
-0.999999556051994 -0.000942282237084687 0
-0.999999572902195 -0.000924226935217033 0
-0.000912195887563274 0.999999583949245 0
-0.999999555161035 -0.000943227295801653 0
-0.000927462870899614 0.999999569906219 -0
-0.999999448845366 -0.00104990902674734 0
-0.999999569273709 -0.000928144598428404 0
-0.999999573050931 -0.000924065991173637 0
-0.999999566975937 -0.000930616966653995 0
-0.999999561529613 -0.000936451057107343 0
-0.999999503183729 -0.000996811062671236 0
-0.999999549502195 -0.000949207778178029 0
-0.999999550687325 -0.000947958410109197 0
-0.999999528477811 -0.000971104605628182 0
-0.999999481534052 -0.0010182983982223 0
-0.999999542202141 -0.000956867549868283 0
-0.999999588657215 -0.000907020066618957 0
-0.999999541832517 -0.000957253757328952 0
-0.999999482567371 -0.00101728314129409 0
-0.99999954441392 -0.000954553273683165 0
-0.999999570033723 -0.000927325384524543 0
-0.999999586228056 -0.000909694298990262 0
-0.999999563713336 -0.000934116233502221 0
-0.999999591013052 -0.000904419001198723 0
-0.999999543441506 -0.000955571441119602 0
-0.999999565316182 -0.000932398759786526 0
-0.000950459998415125 0.999999548312794 0
-0.999999562181457 -0.000935754719484591 0
-0.999999566109667 -0.000931547357084372 0
-0.000945319277209743 0.999999553185632 0
-0.000926863099684691 0.999999570462305 0
-0.00092376173999267 0.999999573332033 0
-0.999999556437876 -0.000941872630149233 0
-0.999999569998475 -0.000927363394093948 0
-0.999999583834442 -0.00091232173242158 0
-0.999999502331717 -0.000997665433851031 0
-0.999999523872211 -0.000975835719838062 0
-0.999999561620038 -0.000936354490684609 0
-0.99999953510579 -0.000964255258315495 0
-0.999999564792238 -0.000932960521423379 0
-0.999999581321545 -0.000915071983895532 0
-0.999999455375115 -0.00104367115146458 0
-0.999999561537843 -0.00093644226775844 0
-0.999999535100178 -0.000964261079076244 0
-0.999999557476186 -0.000940769595980776 0
-0.999999483439102 -0.00101642585978501 0
-0.999999537208059 -0.000962072589443031 0
-0.999999556115396 -0.000942214949090207 0
-0.9999995623895 -0.00093553236641911 0
-0.99999949490752 -0.00100507945242055 0
-0.999999521004221 -0.000978770314465653 0
-0.999999495207363 -0.00100478108026041 0
-0.999999558620531 -0.000939552416689371 0
-0.999999579155425 -0.000917436086052838 0
-0.999999586627211 -0.00090925541358839 0
-0.999999554829799 -0.000943578404090042 0
-0.999999562769895 -0.000935125669856313 0
-0.999999559917077 -0.000938171441183928 0
-0.999999549521644 -0.000949187289100529 0
-0.999999486817726 -0.00101309638513589 0
-0.999999552751271 -0.000945778651645273 0
-0.999999583623539 -0.000912552874850854 0
-0.999999573313159 -0.000923782170864023 0
-0.999999555023053 -0.000943373571519322 0
-0.99999955530454 -0.000943075141115561 0
-0.999999556782269 -0.000941506911749592 0
-0.999999526930849 -0.000972696292619595 0
-0.999999520958301 -0.0009788172297953 0
-0.999999456824608 -0.00104228138687476 0
-0.999999489331241 -0.00101061231762922 0
-0.999999518592763 -0.000981230982751599 0
-0.999999514138264 -0.000985760232850828 0
-0.999999488399376 -0.00101153397675833 0
-0.999999566594666 -0.000931026573602401 0
-0.000916087241064169 0.999999580391995 0
-0.999999554857425 -0.000943549125663487 0
-0.999999564082231 -0.000933721236667234 0
-0.999999551219695 -0.000947396648496108 0
-0.999999553509175 -0.000944976958271778 0
-0.999999523586686 -0.000976128271263312 0
-0.999999479995614 -0.00101980807048399 0
-0.999999559683703 -0.000938420162294325 0
-0.999999475693137 -0.00102401828704658 0
-0.99999956582343 -0.000931854576846824 0
-0.99999951719357 -0.000982655904909322 0
-0.999999493871832 -0.00100610937770163 0
-0.000917242953197131 0.999999579332594 0
-0.999999879483235 0.00049095164221782 0
-0.999999899226624 0.000448939575725057 0
-0.999999884295149 0.00048105060873565 0
-0.999999883150866 0.000483423472591761 0
-0.999999879151169 0.000491627549412211 0
-0.999999896168212 0.00045570117967149 -0
-0.999999878802827 0.0004923355872269 0
-0.99999988249366 0.000484781049551848 0
-0.999999893041079 0.000462512520452744 0
-0.999999890248964 0.000468510469429253 0
-0.999999899436678 0.000448471440725636 0
-0.999999881427463 0.00048697541964515 0
-0.999999876898264 0.000496188933426688 0
-0.999999906030015 0.000433520428140936 -0
-0.999999775421813 0.000670191259085871 0
-0.999999935497735 0.000359171999721968 0
-0.99999991070288 0.000422604107555479 0
-0.999999882174312 0.000485439348939046 0
-0.999999904024206 0.00043812279043709 0
-0.999999882243897 0.000485295983503787 0
-0.999999883248446 0.000483221579366558 0
-0.999999901432957 0.000443997833808047 0
-0.999999900946516 0.000445092079366414 0
-0.999999901119633 0.000444702961245544 0
-0.99999987506665 0.000499866667136305 0
-0.999999881374735 0.000487083685868835 0
-0.999999908584736 0.000427586856899014 0
-0.999999885055337 0.000479467739067538 0
-0.999999918665335 0.000403322852765672 0
-0.99999987886621 0.000492206831912413 0
-0.999999892897591 0.000462822650807481 0
-0.999999889873041 0.000469312163374172 0
-0.999999918855207 0.000402851807356456 -0
-0.999999876497258 0.000496996448104099 0
-0.999999894787681 0.000458720641344948 0
-0.999999910775813 0.000422431492772975 0
-0.999999919151965 0.000402114491050878 0
-0.999999921183831 0.000397029383396722 0
-0.999999906861502 0.000431598178771857 0
-0.999999911204175 0.000421416234961912 0
-0.999999882937194 0.000483865268635748 0
-0.999999872588649 0.000504799648704269 0
-0.99999992311757 0.000392128619342368 -0
-0.999999917209771 0.000406915778172851 0
-0.999999880327805 0.000489228346624257 0
-0.999999926098633 0.000384451204769587 0
-0.999999919486922 0.000401280637356588 -0
-0.999999927033764 0.000382011081808549 -0
-0.999999922346952 0.00039408893660905 -0
-0.999999886371628 0.000476714517322085 0
-0.999999923583813 0.000390937807218247 -0
-0.999999912892676 0.000417390273813288 0
-0.999999886743735 0.000475933312477704 0
-0.999999900923068 0.000445144757287025 -0
-0.999999919363605 0.000401587828231113 0
-0.999999881902868 0.000485998200560328 0
-0.999999878739428 0.000492464342541363 0
-0.999999894414243 0.000459534005934499 0
-0.999999889851076 0.000469358962323662 0
-0.999999932681772 0.000366928402298086 0
-0.999999903965236 0.000438257366518383 0
-0.99999987861694 0.000492713005607924 0
-0.999999886837005 0.000475737298222783 0
-0.999999888372629 0.00047249839184491 -0
-0.999999882624118 0.000484511868286704 -0
-0.9999998736616 0.000502669656325273 0
-0.99999988149299 0.000486840843564934 0
-0.999999881948366 0.000485904573559752 0
-0.999999916478338 0.000408709330488049 -0
-0.999999904238164 0.000437634166338959 0
-0.9999998919612 0.000464841466700111 0
-0.999999881614032 0.000486592151392404 0
-0.999999884717003 0.000480172866512392 0
-0.999999903581452 0.00043913219835768 0
-0.999999906936 0.000431425534887518 0
-0.999999905392189 0.000434989210824674 0
-0.999999889774156 0.000469522816854502 0
-0.999999896686227 0.000454563016459626 -0
-0.999999932212886 0.00036820405210835 0
-0.999999900760203 0.000445510475933551 0
-0.999999901542053 0.000443752052017828 0
-0.999999877143494 0.000495694459470712 0
-0.999999897910148 0.000451862472702628 0
-0.999999876562686 0.000496864782408187 0
-0.999999890907316 0.000467103154001726 0
-0.999999899990959 0.000447233800634049 0
-0.999999883396854 0.00048291435940317 0
-0.999999936574553 0.000356161325274807 0
-0.999999898857188 0.000449761729631624 0
-0.999999892584551 0.000463498528925267 0
-0.999999885317529 0.000478920587178188 0
-0.999999877704134 0.000494562146124364 0
-0.999999873379062 0.000503231418314562 0
-0.999999890369564 0.000468252987895239 0
-0.999999871896501 0.000506168925358023 0
-0.999999887176387 0.000475023381418577 0
-0.999999882772922 0.000484204648323891 -0
-0.999999890298305 0.000468405142688946 0
-0.999999921716127 0.000395686416480549 0
-0.999999916250977 0.000409265242647257 -0
-0.999999886396739 0.000476661839400634 0
-0.99999990619863 0.000433131310014135 -0
-0.999999904831364 0.00043627658937136 0
-0.99999992085008 0.000397869116067968 0
-0.9999999152132 0.000411793142664683 0
-0.999999913486386 0.000415965408767938 0
-0.999999888988354 0.000471193463678953 0
-0.999999893183124 0.000462205300480334 0
-0.999999934781159 0.000361161566407277 -0
-0.999999904213835 0.000437689754642473 0
-0.999999876094151 0.000497806873162848 0
-0.999999886353494 0.000476752556020059 0
-0.999999902337611 0.000441955618504285 0
-0.999999912507571 0.000418311904625921 0
-0.999999894920517 0.000458430970977254 0
-0.999999878025161 0.000493912606996794 0
-0.999999888098737 0.000473077703464972 0
-0.999999938806483 0.000349838577120716 0
-0.999999908374441 0.000428078391385939 0
-0.999999913157475 0.000416755373879693 0
-0.999999880962522 0.000487929239254458 0
-0.999999911617985 0.000420433136875592 0
-0.999999926044625 0.000384591659832592 -0
-0.999999884764764 0.000480073389642429 -0
-0.999999876989716 0.000496004589810653 0
-0.999999900661105 0.000445732858249085 0
-0.999999879542126 0.000490831676257739 0
-0.999999889470354 0.00047016941651873 0
-0.999999915752099 0.000410482393706619 0
-0.999999909873744 0.000424561543470367 0
-0.999999887885474 0.000473528288870409 0
-0.999999930299197 0.00037336523733332 0
-0.999999878651525 0.000492642807186053 0
-0.999999893932357 0.000460581452584959 0
-0.999999912056585 0.000419388629718332 0
-0.99999991746435 0.000406289667586184 0
-0.999999877039052 0.000495905112942996 -0
-0.999999890689913 0.000467568349530802 0
-0.999999882805501 0.000484137360283515 0
-0.999999894089964 0.000460239133399166 0
-0.999999883434995 0.000482835371625521 0
-0.999999875795372 0.000498406702956831 0
-0.999999878262057 0.000493432743158443 0
-0.999999881524329 0.000486776465907173 0
-0.999999894539242 0.00045926191427726 0
-0.999999910193946 0.000423806677578555 0
-0.999999910368701 0.00042339413086828 0
-0.999999910943823 0.000422033585285662 0
-0.999999895950777 0.000456178074917073 0
-0.999999896117543 0.000455812356275822 0
-0.999999929433531 0.000375676634095816 0
-0.99999992713768 0.000381738961037084 0
-0.999999913278155 0.000416465703513306 0
-0.999999881591259 0.000486638950340735 0
-0.999999884129003 0.000481395867397586 0
-0.999999916648065 0.000408293844283684 0
-0.999999910707824 0.000422592407818073 0
-0.999999895876016 0.000456341929441145 0
-0.999999909214182 0.000426112224332556 0
-0.999999937490336 0.000353580718065702 0
-0.999999881897181 0.000486009900297421 0
-0.999999893744957 0.000460988149430717 0
-0.999999920633418 0.000398413299392891 0
-0.99999989461448 0.000459098059744077 0
-0.999999894478764 0.000459393579980273 0
-0.99999989066392 0.000467623937835369 0
-0.999999954735445 0.000300880554954358 0
0.999999614209637 -0.00087839659390779 -0
-0.999999953793037 0.000303996585424234 0
-0.999999937535843 0.00035345199184005 0
-0.999999619697588 0.000872126527844622 0
-0.999999681879971 0.000797646511614095 0
-0.999999216574464 -0 -0.00125173897341643
-0.999999203836592 -0 -0.00126187407517427
-0.999999201020799 0 -0.00126410354139563
-0.999999203593011 0 -0.00126206709146633
-0.999999212360815 -0 -0.00125510069334747
-0.999999201775115 -0 -0.0012635066810081
-0.99999920378121 -0 -0.00126191796367977
-0.99999920972932 -0 -0.00125719558372867
-0.999999153754579 -0 -0.00130095738781993
-0.99999916423898 -0 -0.00129287328869187
-0.999999206068808 0 -0.00126010386664111
-0.99999922520844 0 -0.00124482228429242
-0.999999208017923 -0 -0.00125855612742001
-0.999999191728984 -0 -0.0012714328052365
-0.999999211016149 -0 -0.00125617159619014
-0.999999206599609 -0 -0.00125968256026809
-0.999999197373678 -0 -0.00126698539799709
-0.999999202447916 0 -0.00126297408177292
-0.999999200214301 0 -0.00126474137990852
-0.999999229296773 -0 -0.00124153367294171
-0.999999198248241 0 -0.00126629493984996
-0.999999172860129 -0 -0.00128618780068708
-0.999999180350648 -0 -0.00128035074599842
-0.999999155185189 -0 -0.00129985726490121
-0.999999157135072 0 -0.00129835632470408
-0.999999205795931 -0 -0.00126032039879166
-0.999999192855719 0 -0.00127054630402198
-0.999999171214806 -0 -0.00128746638805777
-0.999999168923047 -0 -0.00128924521123075
-0.999999164655089 0 -0.00129255140086528
-0.99999918709841 -0 -0.00127506961386456
-0.999999201634637 0 -0.00126361785746033
-0.999999169398157 -0 -0.00128887664093296
-0.999999176420058 0 -0.00128341700416086
-0.999999212962831 0 -0.00125462094656766
-0.999999221156805 -0 -0.00124807282785196
-0.999999201246381 -0 -0.00126392507699669
-0.999999205711124 -0 -0.00126038768673949
-0.999999204375629 0 -0.00126144683163223
-0.999999170050424 0 -0.00128837046795206
-0.999999183004408 -0 -0.00127827638496434
-0.999999170374662 0 -0.00128811877844279
-0.999999188220952 -0 -0.00127418893341877
-0.999999179736139 -0 -0.00128083060917502
-0.999999159109274 -0 -0.00129683489543612
-0.999999218664318 0 -0.00125006829975966
-0.999999230455206 -0 -0.00124060025632458
-0.999999210972131 -0 -0.00125620663714622
-0.99999918740431 -0 -0.00127482968228537
-0.999999264168626 -0 -0.00121312085371334
-0.99999926565865 -0 -0.00121189197540717
-0.999999218741154 -0 -0.00125000683256618
-0.999999204556393 -0 -0.00126130352460204
-0.999999222164243 0 -0.00124726537243952
-0.999999253585518 -0 -0.0012218135726847
-0.999999233530109 -0 -0.00123811921677971
-0.999999236830289 0 -0.00123545086524294
-0.999999200710112 0 -0.00126434929374126
-0.999999229990521 -0 -0.00124097476384022
-0.99999921107128 -0 -0.00125612770768368
-0.999999203493247 -0 -0.00126214613734223
-0.999999211299093 0 -0.00125594633290095
-0.999999163924987 0 -0.00129311613064685
-0.999999163050732 0 -0.00129379203687319
-0.999999227188469 -0 -0.00124323065647393
-0.999999191658232 -0 -0.00127148845166852
-0.999999155131922 0 -0.00129989824302483
-0.999999182675354 0 -0.00127853377880935
-0.999999222810107 -0 -0.00124674744147949
-0.999999206072475 -0 -0.00126010095626274
-0.999999222146093 -0 -0.00124727992433207
-0.999999207454473 -0 -0.00125900374361538
-0.999999218916641 0 -0.00124986643590829
-0.999999253513971 -0 -0.00122187212950233
0.9999999837919 -0 0.000180044994332474
-0.999999979660506 0 -0.000201690326766308
0.999999980961453 -0 0.000195133525189931
-0.999999979253676 0 -0.000203697443206232
0.999999980089007 -0 0.000199554469537616
0.999999982900238 -0 0.000184931134320357
0.999999979086462 -0 0.000204516686878564
0.999999979645752 -0 0.000201763464687781
-0.999999983599586 0 -0.000181109990748286
0.999999980801832 -0 0.000195949829379762
0.999999984148656 -0 0.000178052487987561
-0.999999983049249 0 -0.000184123604929834
-0.999999984765082 0 -0.00017455611403058
-0.999999981834437 0 -0.000190607254074124
-0.999999980558554 0 -0.000197187455146288
-0.999999985435772 0 -0.000170670607319116
-0.999999992883552 0 -0.000119301700639435
-0.999999992760857 0 -0.000120325747995834
-0.999999979272147 0 -0.000203606741124256
-0.99999998796257 0 -0.00015516075468113
-0.999999987778008 0 -0.000156345717095056
-0.999999992191002 0 -0.000124971977972546
-0.99999999218186 0 -0.000125045115896769
-0.999999988172294 0 -0.000153803162902328
-0.999999992537366 0 -0.000122169017229291
-0.999999992824439 0 -0.000119796167432337
-0.999999986530927 0 -0.000164128444857266
-0.999999992560937 0 -0.000121975920594485
-0.999999993021453 0 -0.000118140144962591
-0.999999991515539 0 -0.000130264815002002
-0.999999991173717 0 -0.000132862957535161
-0.999999984805402 0 -0.000174324971419643
-0.999999985318186 0 -0.000171358185283493
-0.999999992966732 0 -0.00011860243019585
-0.999999993367887 0 -0.00011517041926724
-0.999999984982378 0 -0.000173306788509171
-0.999999979212533 0 -0.000203899321913618
-0.99999998876542 0 -0.000149897167055667
-0.999999992970201 0 -0.0001185731735709
-0.999999985685864 0 -0.00016919891398816
-0.999999985504102 0 -0.000170269774831623
-0.999999992695581 0 -0.000120867028298818
-0.999999992010438 0 -0.000126408557561762
-0.999999991439525 0 -0.000130847051667318
-0.999999993119275 0 -0.000117309208792453
-0.999999982974826 0 -0.000184527362349184
-0.999999989890097 0 -0.000142196366522832
-0.99999999227524 0 -0.000124296099733597
-0.999999993256221 0 -0.000116135946099228
-0.999999989963188 0 -0.000141681417914207
-0.999999991884194 0 -0.000127403341014657
-0.999999979427931 0 -0.000202840175381345
0.999999983607533 -0 0.000181066102174116
0.999999982909435 -0 0.000184881395876657
-0.999999992218403 0 -0.000124752535096034
-0.999999989334743 0 -0.000146049699003322
-0.999999991408487 0 -0.000131084044152629
-0.999999989090646 0 -0.000147711571324367
-0.999999978260477 0 -0.000208516295075119
-0.999999992462113 0 -0.000122783442732154
0.999999982448743 -0 0.000187356647424555
-0.999999990419265 0 -0.00013842496131639
-0.999999984123119 0 -0.000178195853449568
-0.999999993972135 0 -0.000109798587138618
-0.999999986439052 0 -0.000164687267483208
-0.999999990159537 0 -0.0001402887269088
-0.999999990697081 0 -0.000136403220135232
-0.999999991828932 0 -0.000127836362345528
0.999999983435971 -0 0.000182011147158074
0.999999982038532 -0 0.000189533468307612
0.999999983703809 -0 0.000180533603966274
0.999999981295113 -0 0.000193416064596166
-0.999999990160357 0 -0.000140282877039051
-0.999999990803731 0 -0.00013561909020491
-0 6.30378707340125e-05 0.999999998013114
-0 0.0001370732339493 0.999999990605464
0 -0.000107610059162598 -0.999999994210037
0 -0.000109228050208523 -0.999999994034616
0 -0.000128409824206727 -0.999999991755459
-0 8.54263704761934e-05 0.999999996351168
-0 -7.65113507020636e-05 -0.999999997073007
-0 0.00011974057911736 0.999999992831097
-0 -0.000132865882470044 -0.999999991173329
-0 0.000140733447976924 0.999999990097048
-0 -0.999999998154371 6.0755719347716e-05
-0 0.000110851891123405 0.999999993855929
-0 0.000122643002201457 0.999999992479347
-0 9.38001171983054e-05 0.999999995600769
0 -0.000137005931343265 -0.999999990614687
0 -8.1745667284571e-05 -0.999999996658823
-0 0.000123298391344646 0.999999992398753
0 0.000139466572826357 0.999999990274537
-0 -0.999999998189752 6.0170554097783e-05
-0 -0.999999998443379 5.57964266631672e-05
0 -0.999999996926836 7.83985158114711e-05
0 -0.000154078194090368 -0.999999988129955
-0 0.000146748976715225 0.999999989232369
-0 -0.999999998317006 5.80171398656975e-05
0 -0.00016902043475554 -0.999999985716046
-0 -0.000162331981890292 -0.999999986824164
-0 -0.999999998192216 6.01295904566374e-05
-0 -0.99999999852473 5.43188797672798e-05
-0 0.000156389605669776 0.999999987771146
-0 -0.999999998403622 5.65044791990852e-05
