4640 3
0 1 2
3 4 5
6 7 8
9 10 11
0 12 1
13 14 15
16 17 18
19 20 21
22 23 24
25 26 27
28 29 30
31 32 33
34 35 36
37 38 39
40 41 42
43 44 45
24 46 22
47 48 49
50 51 52
53 54 55
56 57 58
59 60 61
47 50 48
40 62 41
39 63 37
30 46 28
64 65 66
31 6 32
67 68 69
48 50 52
70 71 72
32 6 73
74 75 76
77 3 5
55 54 78
14 79 15
80 81 82
83 65 64
84 85 40
86 14 13
87 88 89
90 91 92
93 26 25
40 85 62
94 9 11
95 35 96
97 98 99
100 101 102
61 103 59
104 29 105
68 106 69
5 4 107
108 109 110
111 112 113
114 20 19
110 109 53
73 115 32
116 117 118
119 120 121
122 123 124
125 43 126
127 128 129
130 131 132
133 71 70
124 123 134
82 81 126
88 119 121
87 119 88
58 135 56
136 44 43
92 91 58
99 98 137
17 138 18
139 140 141
31 7 6
36 35 142
143 10 9
142 35 95
144 145 146
147 54 53
148 79 14
149 150 151
152 153 154
80 82 155
156 143 157
158 119 87
159 75 74
160 150 149
16 161 17
162 163 164
70 165 166
167 168 47
58 57 169
44 170 45
171 172 173
146 174 144
175 101 100
176 2329 2336
179 180 181
182 173 183
184 90 92
185 145 186
187 188 2320
189 190 127
141 191 2321
49 48 192
193 194 195
196 197 198
87 199 158
200 201 202
111 203 112
204 205 206
52 207 208
209 210 211
212 210 213
214 215 216
211 217 218
89 88 219
75 220 76
221 200 202
70 166 180
30 29 104
194 222 195
18 138 223
224 108 110
225 226 227
43 228 126
146 229 230
45 170 163
231 2329 176
232 6 8
33 32 233
234 2338 236
2320 188 237
201 238 61
127 190 239
78 54 240
143 9 157
186 145 144
130 99 137
18 241 16
242 197 196
243 217 211
168 244 47
118 117 245
41 128 127
2 246 0
247 112 248
213 210 209
249 250 251
252 43 125
214 131 215
215 131 130
253 246 254
255 256 257
258 18 223
113 112 247
259 193 260
106 261 262
2322 2338 234
171 120 172
45 228 43
264 265 266
267 180 268
142 95 269
105 270 104
180 166 181
61 60 201
271 272 273
273 272 128
206 205 248
274 275 276
277 31 33
211 278 209
255 2323 256
208 207 280
281 68 67
195 282 283
284 2324 286
277 287 31
96 288 289
283 282 290
291 229 146
286 2324 292
249 251 293
132 99 130
294 123 122
260 193 295
111 113 296
173 172 183
297 35 34
166 165 298
233 32 299
300 258 223
176 87 89
113 247 301
62 302 41
176 303 87
304 305 306
307 52 208
308 60 59
101 309 102
233 299 310
133 70 267
136 43 252
116 311 117
275 312 276
313 68 281
314 315 316
231 176 89
126 228 82
124 94 317
318 319 320
47 244 1
321 290 322
125 126 323
324 325 326
327 267 268
163 170 164
21 328 19
329 85 330
140 191 141
267 70 180
331 121 332
214 333 131
301 334 258
335 336 337
321 252 338
52 339 207
268 180 179
340 83 341
251 316 342
94 11 317
219 88 331
343 137 344
95 345 346
347 290 321
181 79 148
341 168 167
216 215 348
349 80 155
0 246 253
316 315 342
350 351 352
353 152 154
352 354 350
355 226 225
356 357 358
124 317 259
321 136 252
152 359 153
122 124 259
121 313 332
332 313 281
265 360 266
361 233 310
149 362 363
305 364 306
365 362 149
319 366 63
83 168 341
243 211 367
227 368 225
369 19 370
110 53 55
371 318 320
248 205 247
167 47 49
347 321 338
99 372 97
192 48 307
357 373 358
374 2329 231
310 108 224
375 343 344
32 115 299
376 195 283
231 89 377
242 196 287
252 125 378
379 345 95
68 261 106
380 347 381
382 288 297
383 325 324
299 115 384
62 85 329
121 385 313
295 193 376
250 316 251
334 18 258
336 57 56
2336 2321 303
331 88 121
59 103 306
67 69 386
347 338 387
120 385 121
388 389 214
181 148 390
30 104 391
392 33 233
393 140 139
299 384 108
394 113 301
307 208 395
125 323 66
396 243 367
364 397 306
301 258 398
399 251 342
137 133 344
192 307 400
401 143 156
402 365 403
404 405 352
320 325 383
319 63 320
406 75 159
266 65 340
274 277 33
325 39 326
342 305 407
208 280 408
371 320 383
409 163 162
2 410 411
412 39 413
414 101 175
415 173 182
376 193 195
221 333 389
325 63 39
333 416 131
122 259 260
283 290 380
394 301 398
417 249 293
301 247 334
343 130 137
266 340 418
225 419 420
421 310 224
422 111 296
399 342 407
292 2324 423
92 58 169
300 223 424
425 426 200
427 243 396
428 149 151
369 370 429
430 431 432
304 306 433
434 330 435
436 437 438
294 122 439
107 440 273
340 341 441
148 14 442
428 365 149
431 405 432
302 128 41
2326 2329 374
443 444 427
69 123 386
445 237 446
374 231 447
444 243 427
337 336 56
124 134 94
329 107 302
448 221 389
42 23 40
42 127 239
331 332 204
266 360 65
84 40 449
375 344 327
402 450 365
219 331 206
252 378 338
451 434 435
388 214 216
179 181 390
452 30 391
249 57 336
453 454 455
307 48 52
259 194 193
264 266 456
28 46 24
11 457 458
247 205 334
341 167 459
2321 191 303
451 419 434
347 387 381
460 142 269
348 343 375
114 19 461
462 185 463
457 464 458
380 290 347
465 236 466
344 267 327
453 455 467
211 210 367
293 251 399
468 254 469
184 470 90
296 113 394
348 215 343
389 333 214
471 318 371
398 258 300
449 23 22
421 361 310
176 2336 303
280 242 276
407 305 304
299 108 310
443 472 444
269 95 346
2325 473 474
330 475 329
53 476 147
448 389 477
478 148 442
479 104 480
96 481 288
89 219 377
62 329 302
295 376 482
483 288 382
484 20 114
332 281 485
167 49 486
386 123 294
1 12 50
461 19 369
448 200 221
11 10 457
487 237 445
438 437 488
291 146 489
281 67 490
387 265 264
287 196 491
492 2335 402
435 330 494
495 110 55
107 273 302
477 389 388
390 148 478
391 104 479
496 497 106
172 120 119
498 241 205
2326 285 2329
376 283 499
122 260 439
500 254 468
125 66 378
42 41 127
501 232 8
250 502 316
326 39 412
231 377 447
491 7 287
361 392 233
492 402 403
503 114 461
504 61 505
404 352 506
2320 237 2327
289 288 508
509 510 284
457 10 170
403 365 428
432 405 404
511 426 425
488 77 512
129 189 127
513 100 253
514 55 78
515 516 517
518 185 462
61 238 505
74 232 519
520 521 522
488 437 77
114 523 484
478 442 524
479 480 525
526 225 420
527 448 477
420 419 451
253 254 528
225 368 419
529 367 530
283 380 531
370 470 429
117 311 318
307 395 400
249 336 250
74 73 232
112 532 248
533 489 534
266 418 456
340 65 83
380 381 271
535 3 536
321 322 136
153 379 289
537 534 518
106 497 69
47 1 50
5 538 77
67 386 539
100 540 253
385 541 261
105 443 427
82 228 542
276 242 277
543 118 245
536 3 437
128 272 129
544 2335 492
466 236 545
546 153 289
314 547 548
308 291 489
146 145 489
448 425 200
392 274 33
8 491 549
11 458 317
550 82 542
205 241 334
534 185 518
545 516 515
273 128 302
329 5 107
340 441 418
171 541 385
551 427 396
552 416 333
2328 2335 544
553 383 324
123 497 134
358 554 555
556 371 383
93 25 430
107 4 440
331 204 206
72 165 70
2329 2330 2336
142 558 36
534 145 185
151 150 422
515 517 13
341 459 441
430 25 431
157 9 559
402 2331 450
133 267 344
2332 2328 544
561 562 563
564 565 566
567 511 568
208 408 395
569 570 562
277 242 287
28 239 472
306 103 433
386 294 571
166 79 181
502 572 573
274 276 277
292 423 574
343 215 130
257 575 576
49 192 577
567 238 511
578 579 580
287 7 31
167 486 459
25 581 431
582 224 110
400 583 584
376 499 482
434 585 538
509 284 286
543 245 586
545 236 516
530 210 212
338 265 387
503 523 114
529 396 367
24 42 239
316 587 314
588 589 590
537 533 534
591 257 576
342 315 305
592 581 25
158 199 140
332 485 204
525 569 593
594 425 527
524 453 595
596 355 526
514 495 55
457 170 44
597 471 371
306 397 59
505 238 567
436 536 437
598 491 599
323 64 66
551 105 427
329 475 5
429 470 184
533 308 489
590 521 520
464 222 458
600 212 601
276 312 280
67 539 490
495 582 110
464 44 136
294 439 602
2326 374 603
281 490 485
443 28 472
604 346 605
192 400 584
169 57 417
2 244 410
517 474 13
260 295 522
308 59 291
283 531 499
380 271 531
63 366 37
606 314 548
357 559 607
494 85 84
387 264 608
553 556 383
317 194 259
538 475 434
609 530 212
500 468 349
487 445 353
483 382 406
162 164 401
218 278 211
610 421 224
611 484 612
183 158 140
170 10 164
86 454 14
21 529 530
104 270 480
562 523 563
613 518 462
227 350 614
438 488 615
172 158 183
182 183 393
488 512 616
22 46 452
140 199 191
264 456 617
578 580 618
219 206 619
185 186 463
611 551 396
386 571 539
620 269 346
504 103 61
501 8 549
2326 603 2333
473 455 86
480 569 525
442 453 524
527 425 448
526 355 225
621 622 623
49 577 486
508 288 483
28 24 239
588 624 589
294 602 571
322 464 136
260 522 439
556 597 371
2327 237 487
513 253 528
139 141 507
159 74 519
156 157 356
625 335 337
149 363 160
295 482 520
374 447 626
387 608 381
552 537 518
529 611 396
408 625 627
584 583 621
405 628 352
175 100 513
565 351 350
629 460 269
466 545 630
611 612 551
491 196 599
528 254 500
589 521 590
519 232 501
600 609 212
418 631 456
591 255 257
515 13 15
537 202 533
632 633 634
616 614 615
609 21 530
546 289 508
550 542 409
441 218 418
635 188 187
218 631 418
474 86 13
19 328 370
131 416 132
21 20 529
493 455 473
456 636 617
610 230 548
545 515 637
582 610 224
373 554 358
219 619 377
264 617 608
597 97 471
638 78 240
488 616 615
608 272 381
639 240 460
578 576 626
74 76 73
381 272 271
637 298 630
460 558 142
640 514 78
616 227 614
154 153 546
611 20 484
617 129 608
438 588 590
468 80 349
346 345 605
610 548 421
625 275 335
618 591 576
613 552 518
516 2334 517
551 270 105
155 82 550
100 102 540
445 152 353
586 613 462
621 600 601
641 326 412
295 520 522
436 590 520
482 436 520
586 132 613
157 357 356
543 586 462
529 20 611
212 213 601
531 535 499
236 2338 516
198 309 101
204 498 205
230 229 606
438 615 588
352 351 506
471 117 318
465 324 326
515 15 637
192 584 577
541 554 373
495 144 582
115 642 384
640 543 463
221 643 333
466 553 324
374 626 603
378 265 338
230 606 548
604 620 346
457 44 464
90 470 623
2334 279 517
73 6 232
367 210 530
502 587 316
486 209 459
622 90 623
635 644 188
422 150 111
540 0 253
556 72 597
39 38 413
447 578 626
645 646 632
466 630 553
618 160 591
132 647 99
337 648 627
379 96 289
555 649 415
569 650 570
202 643 221
612 270 551
382 297 651
639 116 638
559 496 607
652 653 152
436 438 590
417 57 249
598 599 414
545 637 630
361 573 392
273 440 271
543 462 463
370 654 470
638 640 78
578 618 576
640 463 514
465 466 324
292 574 641
603 263 2333
303 199 87
625 337 627
444 217 243
424 26 93
197 309 198
620 629 269
639 638 240
655 605 653
655 509 656
40 23 449
584 621 601
164 143 401
584 601 577
521 657 522
2335 2331 402
280 312 408
625 312 275
34 36 147
621 623 600
445 446 652
382 75 406
465 234 236
633 17 658
230 174 146
656 604 605
262 541 373
629 639 460
313 261 68
549 491 598
641 465 326
621 583 622
286 292 412
470 654 623
652 655 653
129 272 608
357 607 373
83 410 168
458 194 317
655 656 605
632 27 633
467 455 493
442 454 453
337 56 648
207 197 280
408 627 395
512 368 616
298 659 166
292 641 412
206 248 619
602 634 571
522 657 439
563 523 503
542 163 409
490 16 485
588 660 624
580 661 618
604 37 620
607 262 373
564 351 565
645 632 634
298 662 630
614 660 615
445 652 152
54 558 240
509 286 413
456 631 636
602 645 634
126 81 323
229 397 364
469 2 411
468 469 663
548 547 421
615 660 588
34 664 651
489 145 534
439 657 602
183 140 393
593 665 666
595 667 668
669 670 594
671 672 596
421 547 361
607 496 106
286 412 413
64 410 83
447 579 578
509 413 656
377 579 447
616 368 227
335 673 336
255 362 2323
474 473 86
482 536 436
606 315 314
668 667 560
666 665 561
566 672 671
568 670 669
382 651 75
514 186 495
649 173 415
553 662 556
97 372 471
27 138 633
36 54 147
559 674 496
653 359 152
619 579 377
630 662 553
350 354 614
562 570 523
463 186 514
571 658 539
474 279 2325
468 663 80
333 643 552
499 536 482
157 559 357
599 101 414
322 222 464
76 115 73
361 547 573
633 658 634
452 46 30
443 29 28
34 147 664
297 34 651
618 661 160
223 26 424
419 585 434
623 654 600
102 51 540
379 95 96
542 45 163
556 662 72
495 186 144
576 575 626
172 119 158
284 557 2324
2323 362 450
469 411 663
607 106 262
573 587 502
600 654 609
261 541 262
411 410 64
400 675 583
535 536 499
602 657 645
2322 234 574
610 174 230
640 118 543
437 3 77
368 585 419
111 150 661
572 676 573
648 675 627
2336 2337 2321
579 532 580
441 278 218
617 189 129
510 644 284
574 234 641
320 63 325
496 674 134
334 241 18
164 10 143
69 497 123
577 213 486
486 213 209
65 360 66
661 150 160
641 234 465
290 282 322
649 171 173
638 118 640
655 510 509
116 118 638
24 23 42
77 538 512
271 440 531
663 81 80
201 677 202
537 643 202
626 575 603
601 213 577
603 575 263
144 174 582
160 363 591
636 189 617
395 675 400
239 190 472
656 38 604
604 38 37
634 658 571
79 659 15
274 676 275
652 510 655
472 678 444
523 570 484
532 203 580
446 510 652
209 278 459
586 647 132
599 198 101
27 592 25
458 222 194
517 279 474
112 203 532
315 364 305
413 38 656
533 677 308
134 674 94
330 85 494
582 174 610
27 26 138
627 675 395
471 372 117
597 71 97
137 98 133
76 642 115
248 532 619
542 228 45
66 360 378
8 7 491
469 246 2
459 278 441
619 532 579
36 558 54
17 161 658
15 659 637
434 475 330
2324 557 177
117 372 245
539 161 490
639 679 116
431 680 405
132 416 613
350 226 565
490 161 16
605 345 653
166 659 79
663 681 81
664 220 651
632 592 27
366 679 629
200 426 201
484 570 612
218 217 631
512 585 368
612 650 270
392 676 274
16 498 485
658 161 539
606 364 315
288 481 297
569 665 593
594 670 425
453 667 595
596 672 355
531 440 535
633 138 17
433 103 504
336 673 250
318 311 319
591 363 255
257 682 575
648 683 675
14 454 442
521 684 657
485 498 204
620 366 629
675 683 583
72 71 597
657 684 645
654 328 609
314 587 547
455 454 86
207 309 197
135 91 683
450 362 365
516 2338 2334
222 282 195
105 29 443
270 650 480
628 354 352
661 203 111
476 642 664
645 684 646
229 364 606
684 685 646
153 359 379
547 587 573
384 109 108
467 667 453
562 665 569
355 672 565
425 670 511
275 572 335
217 678 631
64 681 411
323 681 64
237 188 446
256 682 257
635 557 284
201 426 238
589 685 684
552 643 537
51 339 52
59 397 291
50 12 51
408 312 625
238 426 511
506 351 564
308 677 60
9 674 559
370 328 654
138 26 223
631 678 636
573 676 392
56 135 648
646 592 632
227 226 350
250 673 502
609 328 21
560 667 467
561 665 562
565 672 566
511 670 568
664 642 220
599 196 198
637 659 298
5 475 538
683 91 622
94 674 9
480 650 569
37 366 620
240 558 460
171 385 120
589 684 521
384 642 476
319 679 366
245 647 586
624 685 589
81 681 323
298 165 662
291 397 229
99 647 372
444 678 217
678 190 636
254 246 469
51 12 540
472 190 678
649 541 171
613 416 552
662 165 72
202 677 533
565 226 355
629 679 639
372 647 245
322 282 222
378 360 265
622 91 90
660 628 624
379 359 345
575 682 263
147 476 664
235 682 256
583 683 622
540 12 0
651 220 75
16 241 498
535 4 3
280 197 242
263 682 235
188 644 446
220 642 76
102 339 51
580 203 661
614 354 660
275 676 572
680 685 624
624 628 680
1 244 2
679 311 116
411 681 663
636 190 189
446 644 510
284 644 635
649 554 541
555 554 649
71 98 97
581 685 680
502 673 572
660 354 628
440 4 535
570 650 612
680 628 405
53 109 476
363 362 255
648 135 683
410 244 168
538 585 512
646 581 592
345 359 653
191 199 303
313 385 261
58 91 135
309 339 102
35 481 96
297 481 35
60 677 201
134 497 496
646 685 581
178 557 635
133 98 71
431 581 680
572 673 335
207 339 309
319 311 679
476 109 384
686 2340 688
689 690 691
2340 686 2339
689 691 693
694 695 696
695 694 697
698 699 700
701 702 703
702 701 704
699 698 705
697 694 2339
686 697 2339
706 707 708
699 709 710
711 712 713
714 715 716
715 714 717
718 719 708
720 721 722
719 718 723
724 706 708
712 711 725
726 727 2360
729 730 731
730 729 732
733 734 735
736 737 738
739 700 740
727 726 710
741 742 743
726 699 710
725 744 745
746 747 748
721 720 749
734 733 750
751 752 753
349 754 743
755 756 757
700 739 758
738 737 709
719 724 708
691 759 693
760 761 762
2340 763 688
752 751 764
709 699 705
765 766 767
768 769 767
770 2341 2344
720 722 730
742 741 773
693 759 774
714 775 756
2341 770 755
776 741 743
754 776 743
777 715 717
747 746 778
779 780 778
755 770 756
698 700 758
711 713 781
782 783 784
780 779 785
786 787 788
762 725 745
737 736 789
763 790 688
756 775 757
775 714 716
761 712 762
791 760 762
788 787 792
783 782 788
787 793 792
794 795 757
782 786 788
358 555 796
797 798 799
700 800 740
801 802 2342
803 804 805
806 696 807
696 806 808
769 809 767
783 2343 784
712 725 762
735 734 810
715 777 811
2342 770 2344
812 813 2345
2383 726 2360
815 741 776
809 765 767
748 747 731
816 817 818
528 742 819
820 821 822
823 817 824
825 826 2346
828 829 2351
822 821 2347
815 818 741
800 2348 740
777 831 832
804 803 774
2342 802 770
719 723 833
817 816 824
834 2361 704
836 734 750
771 2349 772
793 2352 792
815 816 818
837 2350 839
813 782 2345
823 824 840
826 825 841
775 794 757
782 784 2345
828 2351 2355
744 725 843
829 771 2351
513 528 819
844 820 822
845 846 847
792 2352 827
755 848 830
818 849 741
838 850 2353
851 751 852
2341 755 830
853 828 2355
854 855 856
857 849 818
858 823 840
859 860 861
817 862 857
356 859 861
820 863 821
528 500 742
801 2350 837
864 865 855
854 856 866
846 867 847
839 831 777
851 868 751
869 870 871
872 873 703
874 840 875
876 2394 727
878 879 701
795 880 848
401 156 881
2354 850 838
862 883 857
884 885 886
887 888 889
890 853 2355
891 892 893
882 894 2356
795 848 757
830 848 842
817 857 818
850 2357 2353
895 896 851
893 826 841
766 765 897
895 851 852
846 864 855
898 872 723
899 895 852
871 870 866
802 837 714
900 695 697
848 880 842
840 824 875
2356 739 2358
901 902 903
904 905 906
907 738 908
892 909 893
880 890 842
888 910 889
885 687 886
911 871 912
851 913 868
902 914 903
915 916 849
917 918 919
891 893 841
858 920 823
823 862 817
921 759 691
922 896 895
2359 2383 2360
801 837 802
924 925 894
883 915 857
919 858 840
813 786 782
2361 2388 704
927 928 929
930 931 932
933 919 874
910 2362 2363
911 935 871
2356 894 739
936 937 925
938 900 697
156 356 861
922 939 896
409 162 940
941 794 775
924 894 882
825 942 841
874 919 840
943 937 936
917 919 933
936 925 924
942 944 841
943 936 945
888 2362 910
885 2364 687
946 947 948
175 2361 834
902 901 949
829 2349 771
935 869 871
950 929 951
901 952 949
915 953 916
915 849 857
954 955 766
869 956 870
828 957 829
958 959 960
909 961 943
943 962 937
963 838 2343
928 964 718
906 905 965
718 966 723
967 958 960
968 969 917
936 970 945
971 929 950
870 956 690
972 948 968
973 974 720
927 964 928
975 867 846
976 874 939
851 896 913
966 898 723
847 959 977
846 845 864
978 979 903
2365 981 982
898 873 872
983 984 737
985 986 946
883 2368 915
925 937 698
988 867 975
709 737 989
2376 358 796
853 797 799
917 933 932
939 874 875
944 891 841
988 990 867
991 992 729
919 918 858
934 935 911
904 993 905
892 994 909
823 920 862
995 895 899
996 997 998
968 917 932
981 999 982
761 991 1000
1001 998 985
1002 921 691
867 960 847
690 1002 691
968 948 969
990 967 960
971 927 929
946 986 947
946 948 972
761 992 991
947 904 906
712 1000 713
1003 939 922
909 943 945
964 966 718
917 969 918
713 1000 780
867 990 960
985 998 986
914 931 930
986 998 1004
689 975 854
909 994 961
845 847 977
760 992 761
759 1005 804
1006 1007 1008
996 998 1001
733 1009 950
829 957 2367
962 907 908
1011 979 978
1012 1013 735
791 1014 760
761 1000 712
931 968 932
992 1015 729
1009 971 950
793 2366 2352
943 961 962
860 694 696
979 1016 901
1017 1018 2369
1020 990 988
1000 991 747
956 1002 690
1015 1021 729
958 1022 959
945 970 826
907 736 738
946 972 949
1023 1012 804
1024 791 1008
829 2367 2349
921 1005 759
1025 1007 1006
1026 733 735
1027 992 760
1028 1016 979
915 2368 953
922 895 995
1023 1013 1012
1024 1014 791
873 878 703
1029 1030 1031
1026 1009 733
1027 1015 992
1032 967 990
1005 1023 804
1007 1024 1008
780 1000 747
1022 2365 982
1018 1033 1034
1013 1026 735
1014 1027 760
930 932 1035
868 816 815
1036 986 1004
1030 779 1031
972 968 931
1037 1038 996
900 1039 695
1017 1040 1018
996 1038 997
988 975 689
868 913 816
936 924 970
996 1001 1041
699 800 700
909 945 893
947 1036 904
1001 985 952
891 1042 892
854 975 855
944 1043 891
1001 1044 1041
2373 1017 2369
933 874 976
1044 1046 1047
2369 1018 2370
948 947 906
1032 990 1020
923 844 2371
175 513 2361
985 946 949
892 1049 994
1050 1038 1037
998 997 1004
904 2372 993
1028 979 1011
961 994 1052
2373 2365 1022
1016 952 901
952 985 949
1050 1045 1038
1011 978 1053
1037 1041 1029
959 1022 982
1017 1022 958
2373 1022 1017
1054 961 1052
1055 2374 1057
695 1039 1058
891 1043 1042
1004 997 1048
1059 1060 1061
972 902 949
1038 1045 1019
2377 1060 1059
1037 996 1041
806 881 808
1049 1042 779
997 1019 1048
1044 952 1016
858 1062 920
1063 2375 980
892 1042 1049
979 901 903
862 1064 883
938 697 686
944 2375 1063
994 1049 746
356 358 2376
890 797 853
1017 958 1040
937 962 908
1040 958 967
1065 1032 1066
1001 952 1044
976 939 1003
1065 967 1032
1040 967 1065
1063 980 1050
2354 838 963
947 986 1036
1050 980 1045
736 721 749
1044 1016 1046
944 1063 1043
1067 1068 836
942 2375 944
1041 1047 1029
1029 1047 1030
1069 1037 1029
1046 1028 711
997 1038 1019
2366 999 981
721 1054 722
1063 1050 1069
1046 1016 1028
962 1054 907
1067 1070 1071
1065 1066 1072
902 931 914
793 999 2366
904 1036 2372
1044 1047 1041
1050 1037 1069
1043 1063 1069
1069 1029 1031
2377 1051 1060
1033 1071 1034
1060 1067 1061
836 1068 734
1067 1071 1068
1060 1051 1070
855 865 856
962 961 1054
787 1073 793
913 896 875
907 721 736
779 1042 1031
793 1073 999
1060 1070 1067
969 948 906
1074 1075 1076
1011 1053 744
813 1077 786
812 1078 813
907 1054 721
786 1079 787
896 939 875
994 746 1052
881 156 861
959 982 977
1032 1020 803
1073 1079 845
1068 1071 1072
922 995 1058
1076 1080 1081
804 1012 805
698 937 908
945 826 893
787 1079 1073
1043 1069 1031
1004 1048 1082
815 776 764
883 2378 2368
995 899 806
2379 2370 1034
960 959 847
1084 724 719
722 1054 1052
1042 1043 1031
812 1010 1078
972 931 902
1085 1080 765
920 1062 1086
963 2343 783
786 1077 1079
813 1078 1077
724 1055 706
970 924 1087
706 1088 1089
1070 2379 1034
1067 836 1061
2380 1056 1086
1066 1032 803
1084 2374 1055
1084 1055 724
1040 1065 1033
828 1090 957
858 918 1062
1081 1080 1085
1064 920 1086
2382 1091 702
1076 1075 1080
862 920 1064
1077 1078 865
1085 765 809
1079 1077 864
938 686 1092
1003 922 1058
1071 1033 1072
1075 900 938
751 868 764
1074 900 1075
999 1073 977
982 999 977
883 1064 2378
1074 1039 900
1093 1003 1039
918 969 965
1083 2374 1084
878 701 703
2367 957 2381
1095 783 788
824 913 875
2378 1064 1056
1077 865 864
975 846 855
1053 978 1096
2382 987 1091
1018 1040 1033
1093 1039 1074
1092 686 688
924 882 1087
912 871 866
1070 1051 2379
1062 918 965
932 933 1035
860 2385 694
1056 1064 1086
1073 845 977
1098 1099 715
155 550 752
1072 1066 1100
780 747 778
976 1003 1093
2383 2348 800
2354 963 2384
1095 788 792
826 970 2346
690 689 1101
987 1083 1102
726 800 699
1036 1004 1082
845 1079 864
2370 1018 1034
969 906 965
2372 1036 1082
816 913 824
734 1068 1100
1084 719 1102
1071 1070 1034
1083 1084 1102
1033 1065 1072
933 976 1035
963 783 1095
963 1095 2384
765 1080 1103
1039 1003 1058
965 905 1104
1075 938 1103
694 2385 2339
2380 1104 2386
978 903 1106
2383 800 726
555 415 1107
798 1108 1109
1080 1075 1103
1110 1076 1111
976 1093 1035
2377 1059 1105
1068 1072 1100
938 1092 1103
1091 987 1102
1104 905 2386
2389 2387 728
1053 1096 1113
832 831 1114
1062 965 1104
835 513 819
814 844 822
414 175 834
930 1035 1110
1074 1076 1110
415 884 1107
1108 887 1109
1088 1059 1089
2380 1086 1104
706 1055 1088
1086 1062 1104
162 401 1115
859 2385 860
970 1087 2346
853 1090 828
738 709 705
730 722 748
1095 792 827
865 1078 1116
930 1110 1111
1010 1094 1116
2376 796 1097
916 953 926
951 929 707
1035 1093 1110
856 865 1116
2384 1095 827
853 799 1090
957 1090 1117
905 993 2386
1046 711 781
759 804 774
1055 1057 1088
1093 1074 1110
1030 1047 781
848 755 757
1078 1010 1116
1105 1059 1088
950 951 750
940 162 1115
1076 1081 1111
751 753 1118
914 930 1111
1059 1061 1089
978 1106 1096
770 802 756
737 984 989
802 714 756
1057 1105 1088
819 742 773
876 727 989
839 777 717
863 1119 832
401 881 1115
2381 957 1117
768 1025 769
903 914 1106
741 849 773
1111 1081 1106
1047 1046 781
914 1111 1106
698 908 705
1053 1113 1120
722 1052 748
714 837 717
868 815 764
725 711 843
2382 702 2388
929 928 707
720 974 749
1121 2389 2390
877 1121 2390
598 414 1123
879 598 1123
955 768 767
1081 1085 1096
764 776 754
988 689 693
796 886 1124
1091 1102 833
720 730 732
1106 1081 1096
1096 1085 1113
736 749 789
1100 1066 805
866 870 1101
1085 809 1113
723 872 833
881 861 808
954 766 1125
733 950 750
991 729 731
744 1053 1120
925 698 758
854 866 1101
752 764 754
1097 796 1124
832 1119 811
1094 912 1126
1099 941 716
550 409 753
984 876 989
739 894 758
799 889 1127
866 856 1126
500 349 743
973 720 732
734 1100 810
752 550 753
715 1099 716
2391 911 2392
703 702 1129
729 1021 732
1052 746 748
821 863 832
912 866 1126
696 695 807
941 775 716
409 940 753
1025 1006 769
983 737 789
1090 799 1127
908 738 705
1102 719 833
1049 779 778
1011 744 843
695 1058 807
349 155 754
819 773 1130
711 1028 843
1089 1131 1132
995 806 807
1089 1061 1131
860 696 808
1117 910 1128
777 832 811
1006 1008 1133
688 790 1125
912 1094 2392
791 762 745
799 798 1109
796 555 1107
766 955 767
1008 791 745
707 928 708
765 1103 897
974 1134 749
1020 988 693
1091 833 1129
779 1030 785
1092 688 1125
849 916 773
881 806 1135
1066 803 805
837 839 717
821 832 1114
1098 715 811
1120 1006 1133
739 740 2393
1125 766 897
773 916 1130
730 748 731
701 834 704
1030 781 785
790 954 1125
1116 1094 1126
747 991 731
1113 809 1136
155 752 754
833 872 1129
2358 739 2393
750 951 1131
894 925 758
889 910 1127
809 769 1136
886 687 1124
749 1134 789
781 713 785
1020 693 774
989 727 710
1131 951 1132
889 799 1109
886 796 1107
870 690 1101
1100 805 810
713 780 785
689 854 1101
702 1091 1129
742 500 743
1061 836 1131
884 886 1107
887 889 1109
1021 973 732
727 2394 1122
872 703 1129
701 879 1123
836 750 1131
940 1137 1118
928 718 708
2360 727 1122
834 701 1123
911 912 2392
910 1117 1127
687 692 1124
1120 1113 1136
1012 735 810
745 744 1133
2347 821 1114
835 819 1130
1119 1098 811
746 1049 778
692 1097 1124
2381 1117 1128
852 751 1118
1112 2360 1122
414 834 1123
1137 852 1118
899 852 1137
1058 995 807
2388 702 704
1092 1125 897
861 860 808
709 989 710
1134 983 789
806 899 1135
706 1089 1132
1028 1011 843
951 707 1132
916 926 1130
803 1020 774
926 835 1130
1117 1090 1127
1103 1092 897
707 706 1132
940 1115 1137
744 1120 1133
1006 1120 1136
805 1012 810
856 1116 1126
769 1006 1136
1137 1115 1135
1115 881 1135
753 940 1118
899 1137 1135
1008 745 1133
2395 1139 1140
1141 1142 1143
1139 2395 1144
1141 1143 1145
1146 1147 1148
1147 1146 1149
1150 1151 2396
1153 1154 1155
1154 1153 1156
1151 1150 1157
1149 1146 2397
1138 1149 2397
1158 1159 1160
1151 1161 1162
1163 2398 1165
1166 1167 1168
1167 1166 1169
1170 1171 1160
1172 1173 1174
1171 1170 1175
1176 1158 1160
2398 1163 2399
1178 1179 1180
1181 1182 1183
1182 1181 1184
1185 1186 1187
1188 2400 1190
1191 1152 1192
1179 1178 1162
1193 1194 1195
1178 1151 1162
1177 1196 1197
2403 2444 1200
1173 1172 1201
1186 1185 1202
1203 1204 1205
1206 1207 1195
1208 1209 1210
1152 1191 1211
2401 1189 1161
1171 1176 1160
1143 1212 1145
1213 1214 1215
1139 984 1140
1204 1203 1216
1161 1151 1157
1217 1218 1219
973 1220 1219
1221 2402 1223
1172 1174 1182
1194 1193 2465
1145 1212 1225
1166 1226 1209
2402 1221 1208
1227 1193 1195
1207 1227 1195
1228 1167 1169
2444 2403 2404
2405 1231 1229
1208 1221 1209
2406 1152 1211
2409 1233 1234
1163 1165 1235
2407 1230 1236
1237 1238 2410
1215 1177 1197
2400 1188 1240
984 983 1140
1209 1226 1210
1214 1164 1215
1226 1166 1168
1241 1213 1215
2410 1238 2408
1233 2409 1239
1238 1243 2408
483 406 1210
1232 1237 2410
501 549 1244
1245 1246 2464
2396 1248 2411
1249 1250 1234
1251 1252 1253
1254 2412 1255
2412 1254 2413
1220 1257 1219
1233 1249 1234
1164 1177 1215
1187 1186 1258
1167 1228 1259
1234 1221 1223
1260 1261 2417
1262 1178 1180
1263 1193 1227
1200 2444 1183
1257 1217 1219
1264 1265 1266
1267 1194 2422
2327 1269 2414
1271 1265 2415
1273 1274 1275
1276 1277 2420
2414 1269 1192
1263 1266 1193
1248 2416 2411
1228 1279 1280
1252 1251 1225
1234 1250 1221
1171 1175 2467
1265 1264 2415
1282 1186 1202
1283 1284 1156
1222 1260 2417
1243 2418 2408
1263 1264 1266
1285 1286 1287
1261 1232 2417
2419 1272 1288
1274 1273 2429
1226 483 1210
2409 1234 1223
1276 2420 2428
2421 2399 1291
1277 1222 2420
1292 1267 2422
139 507 1270
1293 1294 1295
1242 1273 1275
1208 1296 1278
1266 1297 1193
1286 1298 1287
1299 1203 1300
2402 1208 1278
1301 1276 2428
1302 1303 1304
2423 1297 1266
1306 2419 1288
2424 1308 1309
1265 2425 2423
2426 2424 1309
1267 1312 1194
2327 487 1269
1249 1286 1285
1313 1314 1303
1302 1304 1315
1294 1316 1295
1287 1279 1228
1299 1317 1203
966 1318 1319
2427 2362 1155
1321 1288 2449
888 887 1153
885 884 1179
1323 1324 1325
406 159 1296
1326 1298 1286
1310 2450 1305
879 878 1328
2394 876 1329
519 1301 2428
1330 1331 1332
1326 1333 1298
406 1296 1210
1278 1296 1290
1265 2423 1266
1298 1279 1287
1334 1335 1299
1332 1274 2429
1218 1217 1336
1334 1299 1300
1294 1313 1303
935 1320 1175
1337 1334 1300
1319 1318 1315
1250 1285 1166
1338 1147 1149
1296 159 1290
1288 1272 2449
1298 1191 1279
1339 1340 1341
1342 1343 1344
1345 1190 2447
1331 1347 1332
159 519 1290
878 1348 1328
876 1139 1329
1349 1319 1350
1299 1351 1317
1340 1352 1341
1353 1354 2433
1355 1356 1357
1330 1332 2429
1306 1358 2419
1271 2425 1265
971 1212 1143
2430 1335 1334
393 1262 1180
1249 1285 1250
1360 1361 1333
2450 1353 1305
1357 1306 1288
1261 1237 1232
1284 1362 1156
1002 1363 1364
1365 1366 1367
1368 1357 1321
1348 873 1349
1349 898 1319
1298 1333 1191
1369 2436 1361
1371 1338 1149
1324 2426 1309
1359 1372 2431
1373 1374 1375
508 483 1226
1360 1333 1326
2418 1376 1289
1321 1357 1288
2432 2436 1369
1355 1357 1368
1369 1361 1360
1376 1378 1289
2432 1369 1379
876 984 1139
878 873 1348
1380 1381 1382
1383 1284 1283
1340 1339 1384
1277 1260 1222
898 966 1319
1339 1385 1384
1353 1386 1354
1353 2433 1305
966 964 1318
1134 974 1218
1276 1387 1277
1388 1389 1390
1347 2434 2432
1377 1392 2435
1393 1286 1249
1363 956 1170
1344 1343 1394
1170 869 1175
1395 1388 1390
1396 1397 1355
1369 1398 1379
1318 964 1142
1399 1382 1396
1002 956 1363
768 955 1172
1400 1316 1294
1401 1321 1372
1299 1335 1351
869 935 1175
1295 1389 1402
1294 1293 1313
1403 1404 1341
1405 1406 1407
790 763 2400
935 934 1320
1408 1409 1380
2450 1410 1353
1361 2436 2406
1411 1316 1400
1161 1189 1412
1413 1364 1414
1415 1416 1181
1301 501 1244
1307 1245 2464
1355 1368 1367
1372 1321 2449
1378 2437 1289
1411 1417 1316
1357 1356 1306
873 898 1349
1342 1418 1343
1185 1005 1413
1331 2441 1347
2419 1358 2438
2442 1334 1337
1421 1422 1423
1214 1415 2439
1396 1355 1367
1406 1425 1407
1426 1423 1408
927 971 1143
1316 1390 1295
1142 927 1143
1214 1416 1415
1396 1382 1397
1417 1395 1390
921 1002 1364
1380 1409 1381
1213 1416 1214
1380 1382 1399
1381 1342 1344
1164 2439 2440
1427 1372 1359
921 1364 1413
1347 2432 1379
956 869 1170
1355 1397 1356
1165 1424 2407
1316 1417 1390
1408 1423 1409
1352 1366 1365
1409 1423 1428
1141 1400 1302
1347 2441 2434
1293 1295 1402
1429 1015 1430
1421 1423 1426
1277 1387 1431
1026 1432 1252
1392 1345 2447
1433 1404 1403
1214 2439 1164
1366 1396 1367
1416 1007 1181
1024 1416 1213
1023 1185 1187
1243 1376 2418
1377 1391 1392
2455 1146 1148
1404 1434 1339
1435 1436 1437
1438 1417 1411
2439 1415 2444
964 927 1142
1007 1025 1181
1388 1439 1389
1379 1398 1274
1345 1188 1190
1212 1009 1252
1380 1399 1384
1027 1241 1430
1277 1431 1260
1241 1014 1213
1432 1013 1187
1021 1015 1429
971 1009 1212
1440 1434 1404
1353 1410 1386
2430 1334 2442
1027 1014 1241
1026 1013 1432
2362 888 1155
1005 921 1413
1441 1442 1443
1024 1007 1416
1023 1005 1185
1444 1395 1417
1015 1027 1430
2443 2439 2444
1009 1026 1252
1439 1405 1407
1436 1445 1446
1365 1367 1447
1014 1024 1213
1013 1023 1187
1317 1264 1263
1448 1409 1428
1442 1230 1443
1399 1396 1366
1449 1450 1421
1338 1451 1147
1435 1452 1436
1421 1450 1422
1411 1400 1141
1317 1351 1264
1369 1360 1398
1421 1426 1453
1151 1248 2396
1347 1379 1332
1381 1448 1342
1426 1408 1385
1330 1454 1331
1302 1400 1303
1378 1455 2437
1426 1456 1453
1457 1435 1437
1368 1321 1401
1456 1458 1459
1437 1436 1460
1382 1381 1344
1444 1417 1438
1383 1292 1284
393 139 1262
1408 1380 1384
1331 1461 2441
1462 1450 1449
1423 1422 1428
1342 1463 1418
1440 1404 1433
1391 1419 1464
1457 1405 1439
1434 1385 1339
1385 1408 1384
1462 1457 1450
1433 1403 2448
1449 1453 1441
1389 1439 1407
1435 1439 1388
1457 1439 1435
1466 1391 1464
1467 1468 1469
1147 1451 1470
2437 1455 2445
1428 1422 1460
1471 1472 1473
1399 1340 1384
1450 1457 1437
1418 1472 1471
1449 1421 1453
1254 1325 2413
1461 1454 2405
1422 1437 1460
1456 1385 1434
1306 1474 1358
1475 1406 1405
1331 1454 1461
1404 1339 1341
1310 2446 2450
1371 1149 1138
1378 1406 1475
2441 1461 1198
519 501 1301
1311 1245 1307
1435 1388 1452
2435 1392 2447
1452 1388 1395
1477 1444 1478
1426 1385 1456
1401 1372 1427
1477 1395 1444
1452 1395 1477
1475 1405 1462
1326 1286 1393
1381 1409 1448
1462 1405 1457
1188 1173 1201
1456 1434 1458
1378 1475 1455
1479 1480 1282
1376 1406 1378
1453 1459 1441
1441 1459 1442
1481 1449 1441
1458 1440 1163
1422 1450 1437
1376 1425 1406
1173 1466 1174
1475 1462 1481
1458 1434 1440
1392 1466 1345
1479 1482 1483
1477 1478 1484
1340 1366 1352
1243 1425 1376
1342 1448 1463
1456 1459 1453
1462 1449 1481
1455 1475 1481
1481 1441 1443
1418 1463 1472
1445 1483 1446
1472 1479 1473
1252 1432 1253
1282 1480 1186
1479 1483 1480
1472 1463 1482
1303 1314 1304
1392 1391 1466
1238 1485 1243
1351 1335 1322
1345 1173 1188
1230 2445 1443
1243 1485 1425
1472 1482 1479
1397 1382 1344
1486 1487 1488
1433 2448 2421
1261 1489 1237
1260 1490 1261
1345 1466 1173
1237 1491 1238
2431 1372 2449
1419 2403 1464
1325 1324 1309
1389 1407 1402
1444 1438 1251
1485 1491 1293
1480 1483 1484
1359 1420 1470
1488 2453 1493
1150 1370 1346
1379 1274 1332
1238 1491 1485
1455 1481 1443
1428 1460 1494
1263 1227 1216
2450 2451 1410
2442 1337 1254
1494 1460 1446
1390 1389 1295
1496 1176 1171
1174 1466 1464
2445 1455 1443
1260 1431 1490
1399 1366 1340
2452 1492 1217
1358 1474 1498
1393 1249 1233
1237 1489 1491
1261 1490 1489
1176 1467 1158
1398 1360 1499
1158 1500 1501
1482 1494 1446
1479 1282 1473
1469 1468 1498
1478 1444 1251
1496 1468 1467
1496 1467 1176
1452 1477 1445
1276 1502 1387
1306 1356 1474
1493 2453 1497
1476 1358 1498
1386 1503 1154
1488 1487 2453
2438 1358 1476
1489 1490 1314
2452 1217 1257
1491 1489 1313
2454 2395 1504
1427 1359 1470
1483 1445 1484
1487 1338 1371
1203 1317 1216
1486 1338 1487
1425 1485 1402
1407 1425 1402
1327 1476 1495
1486 1451 1338
1505 1427 1451
1356 1397 1394
1495 1468 1496
888 1153 1155
1431 1387 1506
1507 1233 1239
2415 1351 1322
1495 1476 1468
1489 1314 1313
1400 1294 1303
2448 1403 2460
1386 1410 1503
1436 1452 1445
1505 1451 1486
1504 2395 1140
1360 1326 1499
1350 1319 1315
1482 1463 1494
1474 1356 1394
1367 1368 1447
2455 2458 1146
1468 1476 1498
1485 1293 1402
1510 1511 1204
154 546 1167
1484 1478 1512
1401 1427 1505
1262 2416 1248
1326 1393 1499
1507 1239 1242
1231 1199 1229
1274 1398 1275
1142 1141 1513
2456 1495 2457
1178 1248 1151
1448 1428 1494
1293 1491 1313
1460 1436 1446
1397 1344 1394
1463 1448 1494
1264 1351 2415
1186 1480 1512
1496 1171 2457
1483 1482 1446
1495 1496 2457
1445 1477 1484
1368 1401 1447
1393 1233 1507
1393 1507 1499
1217 1492 1515
1451 1427 1470
1394 1343 1516
1487 1371 2459
1146 2458 2397
1469 1516 1517
1403 1341 1518
1262 1248 1178
549 598 1519
1246 1121 2471
2453 1487 2459
1521 1488 1522
1401 1505 1447
1418 1471 1517
1480 1484 1512
2454 1504 1515
1503 1410 1514
1516 1343 1517
182 393 1180
2448 2460 2461
1280 1279 1524
1474 1394 1516
1284 1292 1268
1262 139 2416
1525 1383 1283
1365 1447 1521
1486 1488 1521
598 879 1519
1121 877 2471
1500 1471 1501
1469 1498 1516
1158 1467 1500
1498 1474 1516
1374 1323 1526
1307 2462 2463
1398 1499 1275
1301 1502 1276
2401 1161 1157
1182 1174 1200
1507 1242 1275
1314 1490 1527
1365 1521 1522
1431 1506 1527
1307 2464 2462
1354 1386 1362
1447 1505 1521
1304 1314 1527
1499 1507 1275
1414 1364 1159
1301 1244 1502
1387 1502 1528
1343 1418 1517
1458 1163 1235
1467 1469 1500
1505 1486 1521
1212 1252 1225
1442 1459 1235
1296 1208 1210
1490 1431 1527
1517 1471 1500
1375 1374 1526
1488 1493 1522
1413 1414 1202
1203 1205 1529
1352 1365 1522
1471 1473 1501
1403 1518 2460
1221 1250 1209
1189 2364 1412
1250 1166 1209
1469 1517 1500
2422 1194 2465
885 1179 1412
1287 1228 1169
487 353 1280
1323 1325 1526
1506 1387 1528
973 1021 1220
1341 1352 1518
1193 1297 2465
1522 1493 1518
1459 1458 1235
1352 1522 1518
1150 1346 1157
1465 1523 1530
1174 1464 1200
1166 1285 1169
1317 1263 1216
2399 1163 1291
1386 1154 1362
1364 1363 1159
1172 955 1201
415 182 1531
884 415 1531
1108 1525 1532
887 1108 1532
974 973 1219
1493 1497 2460
1216 1227 1207
1411 1141 1145
1247 1329 1533
2466 2457 2467
1172 1182 1184
1518 1493 2460
1508 2452 1523
1188 1201 1240
1512 1478 1253
1315 1318 1513
2452 1257 1523
1185 1413 1202
1175 1320 2467
1325 1309 2413
1134 1218 1534
1415 1181 1183
1196 1465 1530
1361 2406 1211
1302 1315 1513
1204 1216 1207
1509 1247 1533
1280 353 1259
1506 1350 1535
1511 1373 1205
546 508 1168
2364 885 1412
1191 1333 1211
1244 1328 1536
1315 1304 1535
1312 1206 1195
768 1172 1184
1186 1512 1258
1204 1511 1205
1167 546 1168
1348 1349 1537
1155 1154 1538
1181 1025 1184
1464 2403 1200
1269 487 1280
1350 1315 1535
1148 1147 2468
1373 1375 1205
508 1226 1168
1021 1429 1220
790 2400 1240
1502 1244 1536
1346 2401 1157
2457 1171 2467
1461 2405 1229
1433 2421 1291
1147 1470 2468
1206 1510 1207
1268 1224 1539
1163 1440 1291
1501 1540 1541
2442 1254 1255
1501 1473 1540
2455 1148 1256
1528 1348 1537
1228 1280 1259
1429 1430 1542
1140 983 1534
1350 1506 1537
1241 1215 1197
2464 1246 2471
1244 549 1519
1218 974 1219
1159 1363 1160
1430 1241 1197
1217 1515 1336
955 954 1201
1438 1411 1145
1503 1281 1538
1230 1442 1236
1504 1140 1534
2433 1354 1224
1325 1254 1543
1478 1251 1253
1285 1287 1169
1269 1280 1524
154 1167 1259
1530 1429 1542
1191 1192 1524
1534 1218 1336
1224 1354 1539
1182 1200 1183
1153 1283 1156
1442 1235 1236
983 1134 1534
1527 1506 1535
2444 1415 1183
1523 1257 1544
1510 1204 1207
2467 1320 2469
1279 1191 1524
1202 1414 1540
1333 1361 1211
1328 1348 1536
1257 1220 1544
1329 1139 1533
1201 954 1240
1235 1165 1236
1438 1145 1225
1412 1179 1162
1540 1414 1541
2470 2464 2471
1328 1244 1519
1318 1142 1513
1512 1253 1258
1165 2407 1236
1141 1302 1513
1154 1503 1538
1194 1312 1195
1473 1282 1540
879 1328 1519
2394 1329 1520
1025 768 1184
1179 884 1531
2427 1155 1538
1153 887 1532
1282 1202 1540
1375 1545 1529
1363 1170 1160
1180 1179 1531
1283 1153 1532
1349 1350 1537
1348 1528 1536
1139 1144 1533
1530 1523 1544
1432 1187 1258
1197 1196 1542
1192 1269 1524
1284 1268 1539
353 154 1259
1198 1461 1229
1144 1509 1533
1506 1528 1537
1300 1203 1529
182 1180 1531
1525 1283 1532
1545 1300 1529
1337 1300 1545
1470 1420 2468
1362 1154 1156
1504 1534 1336
1309 1308 2413
1161 1412 1162
954 790 1240
1254 1337 1543
1158 1501 1541
1440 1433 1291
1414 1159 1541
1354 1362 1539
1251 1438 1225
1362 1284 1539
1528 1502 1536
1515 1504 1336
1159 1158 1541
1375 1526 1545
1196 1530 1542
1429 1530 1544
1253 1432 1258
1304 1527 1535
1220 1429 1544
1545 1526 1543
1526 1325 1543
1205 1375 1529
1337 1545 1543
1430 1197 1542
2489 1547 1548
1549 1550 1551
1552 1553 1554
1555 1556 1557
1558 1559 1560
1561 1562 1563
1564 1565 1566
1567 1568 1569
1570 2473 1572
2474 1574 2472
1576 1577 1578
1579 1580 1581
1582 1583 1584
1585 1586 1587
1588 1589 1590
1591 1592 1593
1551 2515 1549
1595 1596 1597
2473 1598 1572
1599 1600 1601
1602 1592 1591
1603 2474 1604
151 1600 1599
1566 1565 184
1557 1556 1605
1591 1606 1602
1607 1608 1609
1569 1610 1567
1611 1612 1613
1595 1614 1596
1615 1553 1552
1616 1617 293
1618 1576 1578
1613 1619 1611
1620 1621 1622
2489 1623 1547
1624 1625 1626
1627 1628 1629
1629 1579 1627
1616 1630 1631
1593 1632 1591
1562 1633 1563
1609 1634 1607
1560 1559 1635
1636 1637 1638
1584 1639 1582
1589 1640 1590
1641 1642 1643
1644 1637 1636
1645 1646 1647
1648 1649 1576
1650 1651 1652
1620 1622 1653
1617 1654 293
1655 1656 1657
1658 1659 1660
1660 1661 1658
1662 1580 1579
1663 1577 1576
1605 1556 1664
1665 1570 1572
1575 1666 1573
1667 1642 1641
1668 1669 1670
1587 1671 1640
1593 1592 1672
1292 1673 1674
1664 1556 1675
1648 1576 1618
1676 1677 1673
1678 1679 1680
1662 1656 1655
1648 1666 1575
1624 1626 1681
1605 1682 1557
1573 1666 2475
1683 1684 1555
1685 1686 1687
1688 1646 1645
1640 1671 1689
1690 1691 1510
2501 1693 2480
1324 1695 2510
1696 1697 1098
1597 1698 1595
880 1699 1700
1701 1702 1703
794 1704 1705
1582 1639 2476
1707 1708 1709
1678 1710 1679
1631 1617 1616
1574 1711 2472
1676 1650 1677
1712 1713 1557
1587 1640 1585
1604 2476 1603
1652 1628 1650
1714 1715 2478
2476 2516 1582
1718 1615 1719
1687 1720 1685
2504 1686 2477
1723 1724 1725
1605 1664 1726
1727 1728 1729
1704 1730 1731
1557 1682 1712
2494 1714 2478
1733 1698 1597
1626 1625 1734
1670 1713 1668
1687 1735 1736
1571 1737 2479
1738 1739 1740
1741 1742 1743
1744 1745 1746
1747 1570 1665
1674 1748 1749
1750 1751 1752
1673 1677 1674
1753 1559 1754
1700 1699 1755
1756 1757 1598
1758 1739 1738
1759 1698 1760
1761 1708 1707
1554 1762 1552
1715 1763 1609
1764 1661 1660
1718 1553 1615
2489 1548 1765
1766 1767 1768
1769 1770 1771
1772 1702 1701
1744 1746 404
2477 1686 1685
1773 1689 1723
1696 1774 1697
1635 1559 1753
1775 1641 1776
1744 1661 1764
1738 1777 1729
1616 1778 1630
1751 1779 1752
1704 1731 1705
1588 1590 1780
1672 1592 1781
1782 1783 1566
1684 1556 1555
1784 1785 1786
1787 1788 1775
1789 1790 1791
1775 1792 1641
1683 1793 1684
1744 1764 1745
1624 1681 1794
1656 1795 1629
1688 1645 1796
1797 1735 1687
1609 1608 1715
1798 1615 1799
1638 1637 1800
1766 1656 1767
1703 1801 1802
1622 1621 1803
1804 1742 1741
1805 1806 1688
1807 1808 1809
1810 1811 1812
1771 1770 1813
1814 1815 1811
1816 1779 1751
1817 1806 1818
1767 1656 1629
1575 1649 1648
1647 1819 1820
1821 1559 1558
1701 1549 1822
1823 1646 1824
1772 1701 1636
1825 1817 1818
1810 1826 424
92 1782 1566
2501 1827 1824
1729 1728 407
1730 1828 1731
2476 1639 1603
1829 1830 1831
394 1832 1771
1788 1833 1775
1834 1668 1835
1836 1821 1558
1587 1586 1837
1627 1748 1674
1657 1656 1766
2480 2481 2501
1839 1811 1810
1701 1822 1636
93 1839 1810
1840 1841 797
797 1841 1842
1760 1698 1733
1738 1740 1777
1843 1608 1607
1772 1636 1638
1676 1589 1650
1844 1845 1846
1723 1784 1724
1581 1748 1579
2480 1693 1817
1847 1664 1675
1598 1757 1572
1794 1681 1848
1836 1849 1821
1718 1850 1553
1851 1852 1561
1689 1671 1723
1853 1854 1855
1842 1841 1856
1809 1857 1807
1633 1642 1563
1858 1652 1859
1615 1552 1799
1802 1860 1703
1798 1799 1861
1862 1863 1864
1865 1866 1782
1847 1680 1867
1724 1784 1786
1590 1640 1689
1773 1723 1725
1868 1664 1847
1719 1615 1798
1846 1869 1870
1871 1707 1760
1645 1872 1873
2482 2473 1570
1874 1689 1773
1576 1649 1875
1876 1785 1784
1824 1693 2501
404 1746 432
1877 1790 1878
1593 1830 1879
1762 1880 1803
1881 1643 2483
1883 1751 1750
1695 2484 2510
1119 1696 1098
1206 1690 1510
1847 1678 1680
1589 1651 1650
1690 1885 1691
2489 2479 1623
2479 1737 1623
1665 1572 1886
1887 1611 1888
1854 1889 1610
1780 1590 1874
1890 1602 1891
890 1840 797
1652 1651 1859
1886 1761 1892
1893 1724 1834
1561 1774 1562
1868 1847 1867
1894 1702 1895
1896 1772 1638
1680 1679 1851
1725 1724 1893
1643 1642 1571
1897 1853 1855
2485 2480 2486
1900 1659 1658
1901 1902 1614
1874 1590 1689
1776 1641 1881
1903 1904 1839
1680 1851 1905
1906 1653 1794
1907 1605 1726
1882 1570 1747
1908 1909 1630
1675 1556 1684
1630 1778 1908
1910 1819 1823
2486 1817 1825
1549 2515 1822
1911 1872 1645
1912 1868 1913
1914 1863 1862
1802 1801 1915
1768 1767 1858
1916 1668 1712
1665 1886 1917
1607 1634 1599
2482 1570 1882
1383 1673 1292
1767 1629 1652
1868 1867 1918
1681 1626 1883
1745 1845 1844
1574 1919 1920
2495 1922 1718
1883 1750 1923
1879 1632 1593
1747 1665 1924
1865 1782 169
300 1826 1925
1855 1863 1914
1585 1640 1589
2480 1817 2486
1818 1806 1805
1925 1832 398
1851 1561 1926
1866 1783 1782
1822 2487 1644
1859 1588 1928
1929 1758 504
461 1887 1888
1831 1830 1593
563 1891 1930
1323 1695 1324
1857 1830 1931
1831 1932 1829
503 1891 563
795 1699 880
1834 1669 1668
1850 1933 1553
1764 1934 1745
1858 1859 1935
1893 1834 1835
1728 1778 1616
1854 1610 1855
1895 1702 1772
2488 2479 2489
941 1704 794
1903 1839 430
1707 1936 1760
1897 1855 1914
1732 1850 1922
1697 1774 1852
1845 1869 1846
1937 1938 1939
1701 1703 1549
399 1728 1616
1835 1668 1916
1898 1637 1694
1738 1729 304
1623 1633 1547
1906 1620 1653
1726 1664 1912
1677 1628 1627
1881 1641 1643
1940 1638 1800
1879 1830 1857
417 1865 169
300 1925 398
1583 1869 1584
1602 1606 1930
1920 1711 1574
1941 1942 1943
1653 1624 1794
1943 1944 1945
1588 1651 1589
1743 1946 1741
1947 1584 1934
1646 1948 1824
93 1810 424
92 1566 184
1949 1749 1581
1906 1794 1950
1931 1830 1829
1863 1569 1864
399 1616 293
394 1771 296
1929 1951 1758
1907 1682 1605
1633 1737 1642
1952 1681 1883
433 1738 304
432 1903 430
429 1937 369
151 1599 428
1953 1954 1714
1863 1610 1569
1844 1846 1904
1750 1752 1955
1851 1679 1852
433 1758 1738
1937 1887 369
1956 1569 1957
2490 1732 1922
1959 1894 1895
1871 1760 1733
1760 1960 1759
1680 1905 1867
1861 1906 1950
1961 1663 1962
2491 1882 1963
1768 1858 1964
1891 1602 1930
1916 1712 1965
1966 1944 1943
2495 1718 1719
1967 1879 1968
2492 2493 1970
1952 1883 1923
1971 1586 1585
1626 1751 1883
1675 1684 1678
1942 1972 1943
1787 1775 1973
1974 1802 1915
2475 1975 1706
1858 1767 1652
1761 1707 1892
1976 1754 1977
1803 1621 1762
1903 1844 1904
1912 1664 1868
1868 1918 1913
1934 1845 1745
1805 1688 1796
1978 1721 1979
432 1746 1903
1922 1850 1718
1790 1980 1791
1861 1799 1906
1776 1881 1981
424 1826 300
169 1782 92
1800 1637 1898
1896 1895 1772
1882 1747 1982
398 1832 394
430 1839 93
1959 1759 1894
1983 1853 1897
1984 1907 1985
1584 1845 1934
1647 1986 1819
1724 1786 1834
1796 1645 1873
1987 1802 1974
1797 1687 1988
1989 1860 1802
2490 1922 2497
1991 1750 1955
1822 1644 1636
1992 1947 1934
1993 1580 1662
304 1729 407
1856 1841 1994
1940 1896 1638
1958 1714 2494
1312 1749 1949
407 1728 399
1245 1550 1989
1780 1874 1995
1374 1819 1910
1918 1788 1787
1683 1996 1997
1874 1773 1998
1950 1794 1848
1665 1917 1924
1901 1614 1595
1848 1681 1952
1611 1890 1888
505 1945 1929
506 1661 1744
863 1548 1999
2000 2001 2002
2497 1922 2495
1923 1750 1991
1888 1891 503
1762 1621 1552
1937 1939 1887
1773 1725 2003
2004 1603 1947
1851 1926 1905
1674 1749 1267
2005 1898 1899
1907 1726 2006
2007 1577 1808
2008 2009 2010
505 1929 504
506 1744 404
461 1888 503
403 1609 492
1712 1984 1965
1551 1550 1311
1886 1892 1917
1820 1819 1373
504 1758 433
369 1887 461
1765 1548 820
1799 1552 1620
1609 1763 492
1525 1586 1971
1939 1938 2011
2012 1954 1953
2013 1721 1978
2014 2486 1825
1725 1893 2015
1859 1928 1935
422 1600 151
1548 1547 1999
1832 1902 1771
1991 1955 2016
2517 1920 2018
2019 1591 2020
2496 2490 2497
1561 1563 1926
2000 2002 2022
844 2503 1765
2023 1988 2498
1726 1912 2025
1764 1992 1934
1847 1675 1678
1775 1776 1973
1691 1911 1820
2026 2498 2499
1588 1780 1928
1912 1913 2027
1687 1686 1988
1603 1639 1947
1989 1987 1246
2028 1742 1804
2029 1933 1850
1966 1972 1752
1596 1614 1925
567 1945 505
564 1661 506
1843 1797 1988
1858 1935 1964
1977 1754 2030
1864 1569 1956
1511 1691 1820
1958 1953 1714
1729 1777 1727
1810 2031 1826
2032 1815 1814
2033 1683 2034
2030 2009 2008
1099 1697 2035
2491 1963 2500
2024 1721 2013
798 1842 1837
1752 1779 1966
1941 1945 567
1658 1661 564
1951 1944 2036
1927 2501 2502
2503 2512 1765
1702 1801 1703
2008 2010 2038
1547 1633 1562
1781 2039 1619
1731 1997 1705
2040 1897 1914
1842 1856 1837
2041 1914 1862
1893 1835 2042
1992 2004 1947
1993 1662 1655
1668 1713 1712
1601 2043 1599
2498 1686 2504
2044 2045 2046
568 1941 567
566 1658 564
563 1930 561
544 2012 2332
1882 1982 1963
2387 1790 1789
1599 1634 428
2047 1800 1898
2004 2474 1603
544 1763 2012
1890 2039 1602
1747 1924 2048
1824 1948 1693
1766 1768 2049
1907 2006 1985
1878 1790 2389
1837 1586 1108
1906 1799 1620
2028 1804 2050
1812 2031 1810
1746 1745 1844
1552 1621 1620
2030 1754 2009
1709 1936 1707
1967 1632 1879
1989 1802 1987
1892 1707 1871
1599 2043 1607
1657 1766 2051
1867 1788 1918
1677 1627 1674
492 1763 544
1697 2052 2035
296 1813 422
2026 2023 2498
1121 1987 1878
2018 1900 2053
2016 1942 2054
2505 2506 2021
2056 1606 2019
1904 1811 1839
1619 2039 1890
1712 1682 1984
2014 2507 2486
1874 1998 1995
2057 1983 1897
2023 1843 1988
1969 1649 1575
2472 1711 2508
1562 1774 1696
1987 1974 1878
2052 1710 1730
1572 1757 1886
1903 1746 1844
2058 1975 2475
1835 1916 2059
1611 1619 1890
1890 1891 1888
1879 1857 1968
2005 2047 1898
2060 1873 2061
1725 2015 2003
1999 1562 1696
1945 1944 1929
2062 1558 2063
2064 1940 1800
1764 1660 1992
1892 1871 2065
1894 2066 1702
2067 2058 2068
1773 2003 1998
1644 1838 1637
2010 2036 2038
2058 2475 2069
1610 1889 1567
1843 1607 1797
1984 1985 2070
1726 2025 2006
1912 2027 2025
1747 2048 1982
1768 1964 2071
2033 1996 1683
1962 1576 1875
1650 1628 1677
1918 1787 2072
1941 1943 1945
1525 1971 1383
1893 2042 2015
1776 1981 2073
1684 1828 1678
1671 2074 1723
1960 2066 1894
863 1999 1119
1312 1949 1206
1374 1910 1323
794 1705 795
1983 1741 1853
1245 1989 1246
1866 2075 1783
1916 1965 2076
1904 1814 1811
2077 2044 2046
2041 2040 1914
2078 1759 1959
1683 1555 2034
1852 2052 1697
1734 2079 1626
1871 1733 2080
2081 2013 1978
1929 1944 1951
1827 2484 2082
1741 1946 1853
403 1634 1609
293 1654 417
2083 1796 1873
1787 1973 2084
1558 1560 2063
1771 1813 296
2085 1829 2086
1702 2066 1801
1721 1722 1979
1267 1749 1312
1920 1900 2018
1955 1942 2016
2509 1953 1958
2019 1606 1591
2087 2088 2089
1811 1815 1812
2004 1574 2474
2000 2022 2090
1373 1819 1374
1997 1793 1683
1591 1632 2020
1292 1674 1267
844 1765 820
880 1700 890
1324 2510 2426
2022 1831 1672
2091 2000 2092
1835 2059 2042
1984 2070 1965
1768 2071 2049
1806 1948 1688
1918 2072 1913
2040 2057 1897
2029 2511 2013
2093 1908 2094
820 1548 863
1311 1550 1245
2095 1959 1895
2047 2064 1800
1766 2049 2051
184 1565 429
2058 2069 2068
2096 1805 1796
1629 1628 1652
1553 1933 1554
1783 2097 1566
2517 1711 1920
1977 2030 2098
1776 2073 1973
1672 1781 2090
1901 1595 2078
2026 2478 2023
923 2503 844
1511 1820 1373
1099 2035 941
2067 2099 2058
2008 2038 1816
1809 1808 1961
797 1842 798
1780 1995 2100
1924 2032 2048
2036 1966 2038
2036 1849 1951
1731 1793 1997
1554 2101 1762
1787 2084 2072
2085 1931 1829
2102 1825 1818
2103 1818 1805
2072 2104 1913
2077 1601 2105
2106 2078 1959
2062 1836 1558
2064 1736 2046
2030 2008 2107
2022 1672 2090
2057 1803 1983
1831 1593 1672
2108 1669 1786
1913 2104 2027
1963 1582 2500
1916 2076 2059
2109 2014 1825
2085 1807 1931
1510 1691 1511
1985 2091 2070
2084 2110 2072
2064 2046 1940
1892 2065 1917
2027 2111 2112
1873 1872 2061
1547 1562 1999
2081 2029 2013
2107 1734 2098
1999 1696 1119
1949 1690 1206
2092 1613 2113
1098 1697 1099
1992 1919 2004
2050 2081 1978
2069 1618 2068
2091 2113 2070
2050 1554 2081
1563 1642 1667
1736 1735 2077
1896 2095 1895
2028 2050 1978
1871 2080 2065
2111 2114 2086
2027 2112 2025
2115 2116 1631
1660 1919 1992
2000 2090 2092
2069 1648 1618
2117 1864 1956
2118 1993 2119
2009 1821 2010
2077 2105 2044
2120 1960 1936
2114 2007 2085
2121 2011 2087
2084 2067 2110
2005 1685 2047
2001 2122 2002
1905 1788 1867
1754 1559 2009
2389 1790 2387
1709 1980 1877
2093 2063 2071
2109 2028 1979
1935 2123 1964
2060 2083 1873
2067 2068 2124
1732 2125 1850
798 1837 1108
1826 1596 1925
1821 1849 2010
2067 2124 2110
2008 1816 2107
1976 1862 1864
2512 2489 1765
1870 2126 1846
1700 1840 890
2114 2085 2086
2068 1578 2124
2087 1564 2088
1977 2041 1862
1716 2125 1732
1121 1878 2389
1964 2093 2071
2093 2123 1908
1965 2127 2076
2111 2086 2112
1736 1720 1687
2106 1769 1901
2094 2062 2063
1736 2077 2046
1759 1960 1894
2040 2128 2057
1789 1791 2037
1908 1778 1727
1911 1647 1820
1949 1581 2129
2103 1743 2102
1939 1612 1611
2129 2130 1690
2048 1870 1982
1977 2098 2041
1808 1577 1663
2091 2092 2113
2131 1812 2132
2028 1978 1979
2102 2109 1825
2109 1979 2014
2006 2001 1985
2083 2096 1796
1735 2043 1601
1993 1655 1957
2118 2061 2130
2103 2102 1818
1108 1586 1525
1655 1657 1956
1856 1587 1837
1657 2051 2117
2080 2132 2065
1947 1639 1584
2030 2107 2098
1976 1977 1862
1910 1695 1323
1700 1755 2133
1910 1823 2082
1563 1667 1926
1771 1902 1769
2049 1635 2051
2004 1919 1574
1705 1699 795
2077 1735 1601
2073 2099 1973
2096 2103 1805
2119 2060 2061
2121 2087 2089
1780 2100 1928
2033 2034 1670
1886 1757 1761
1908 1727 2094
1693 1948 1806
1246 1987 1121
1976 1753 1754
1973 2099 2084
1679 1710 2052
2093 2094 2063
1755 2033 2108
2091 2001 2000
2110 2104 2072
1614 1902 1832
2129 2118 2130
2106 1901 2078
2070 2127 1965
2117 1976 1864
1887 1939 1611
1631 1630 2134
2118 2119 2061
1817 1693 1806
2036 1944 1966
2076 2089 2059
1727 1778 1728
1566 2097 1564
1555 1557 2034
2080 2131 2132
2060 1567 2083
1955 1972 1942
2115 2134 2100
1663 1576 1962
2035 1704 941
2015 2135 2003
2085 2007 1807
1569 1568 1957
1655 1956 1957
1657 2117 1956
2076 2121 2089
1877 1980 1790
1998 2136 1995
1699 1996 1755
1993 1957 2119
1971 1673 1383
2095 2106 1959
1949 2129 1690
1618 1578 2068
1985 2001 2091
1924 2137 2032
1613 2138 1619
1971 1585 1676
2133 1876 1840
2120 2066 1960
1846 1814 1904
2084 2099 2067
2007 1808 1807
1708 1980 1709
1865 2139 1866
2053 2140 671
2054 2141 669
668 2513 2514
666 2143 2056
1995 2115 2100
2027 2104 2111
1988 1686 2498
1964 2123 2093
2088 2144 2089
1974 1877 1878
1734 2145 2098
2116 1617 1631
1813 1600 422
2046 2045 1940
2113 2127 2070
2076 2127 2121
2146 1770 1769
669 2141 568
671 2140 566
561 2143 666
560 2513 668
1974 1915 2147
2014 1722 2507
2041 2145 2040
1849 1739 1951
2033 1670 2108
2115 1631 2134
1982 1583 1963
2137 1815 2032
2059 2144 2042
2115 2136 2116
1595 1698 2078
1751 2079 1816
1936 1960 1760
1755 2108 2133
2475 1666 2069
1700 2133 1840
1733 1597 2080
2130 1885 1690
2069 1666 1648
1850 2125 2029
1859 1651 1588
1940 2045 1896
1979 1722 2014
1679 2052 1852
1705 1997 1699
1822 2515 2487
1852 1774 1561
2098 2145 2041
2082 2484 1695
2022 1932 1831
2034 1713 1670
1703 1860 1549
1803 1880 1983
1910 2082 1695
1823 1824 2082
2025 2122 2006
1911 1645 1647
1917 2137 1924
1963 1583 1582
2035 1730 1704
2005 2477 1685
1870 1583 1982
2037 1756 1546
2040 2145 2128
1829 2148 2086
2062 1740 1836
2118 1580 1993
2112 2122 2025
2064 1720 1736
1943 1972 1966
1971 1676 1673
2044 1770 2146
1833 1792 1775
2063 1560 2071
2109 1742 2028
1662 1795 1656
1866 2149 2075
2106 2146 1769
1995 2136 2115
1896 2045 2095
2132 2137 2065
1813 1770 2105
2065 2137 1917
2003 2150 1998
2147 1709 1877
1557 1713 2034
2071 1560 2049
1585 1589 1676
1550 1860 1989
1635 1753 2051
2132 1815 2137
1836 1739 1849
2105 1600 1813
2094 1777 2062
1926 1833 1905
2042 2151 2015
1670 1669 2108
1928 2152 1935
2044 2146 2045
1984 1682 1907
2006 2122 2001
1935 2152 2123
1581 1580 2129
2051 1753 2117
1715 2153 2478
1925 1614 1832
1743 1742 2102
2102 1742 2109
2080 1597 2131
1889 2154 2096
2128 1622 2057
1855 1610 1863
1637 1838 1694
2049 1560 1635
2511 2125 1716
1915 2120 2147
2113 2155 2127
1951 1739 1758
1856 1671 1587
2129 1580 2118
2111 2156 2114
2060 1568 1567
2089 2144 2059
2117 1753 1976
1685 1720 2047
2119 1568 2060
1579 1748 1627
1626 2079 1751
1786 1785 2108
2057 1622 1803
1828 1793 1731
2127 2155 2121
1641 1792 1667
1727 1777 2094
1974 2147 1877
2134 2152 2100
1781 2138 2090
1968 1857 1809
1777 1740 2062
1905 1833 1788
1957 1568 2119
2050 2101 1554
2100 2152 1928
1667 1833 1926
1601 1600 2105
2023 2153 1843
1816 2079 2107
1613 2155 2113
2087 1938 1564
2135 2150 2003
2047 1720 2064
2110 2156 2104
1998 2150 2136
2010 1849 2036
2015 2151 2135
2116 2139 1617
1807 1857 1931
1966 1779 2038
1938 1565 1564
2121 2155 2011
2104 2156 2111
2144 2151 2042
417 1654 1865
429 1565 1937
1619 2138 1781
1983 1880 1741
1582 2516 2500
1856 2074 1671
1866 2139 2157
1653 2158 1624
2103 2154 1743
2124 2156 2110
1927 2484 1827
2095 2146 2106
1597 1596 2131
1554 1933 2081
2061 1872 2130
1714 1954 1715
2092 2138 1613
1961 1808 1663
1741 1880 1804
2159 1708 1761
1551 1884 2515
2020 1632 1967
1997 1996 1699
1642 1737 1571
1900 2140 2053
1942 2141 2054
2055 2142 1953
2056 2143 1606
1564 2097 2088
1812 1815 2132
2114 2160 2007
428 1634 403
1819 1986 1823
1994 2074 1856
1584 1869 1845
2045 2146 2095
2139 1654 1617
2156 2160 2114
2032 2126 2048
2112 2148 2122
2073 1975 2099
1761 1757 2159
2099 1975 2058
1630 1909 2134
1853 1946 1854
1829 1932 2148
2508 1711 2517
1592 2039 1781
2107 2079 1734
2083 1889 2096
1870 1869 1583
1752 1972 1955
1769 1902 1901
1784 1994 1876
2124 2160 2156
2147 1936 1709
1828 1710 1678
1691 1885 1911
1791 1708 2159
2009 1559 1821
1927 1827 2501
1941 2141 1942
1658 2140 1900
1606 2143 1930
1953 2142 2012
1715 1954 1763
2122 2148 2002
2011 1938 2087
2152 1909 2123
1919 1659 1920
1596 2031 2131
2029 2125 2511
2120 1936 2147
1814 2126 2032
1854 2154 1889
1684 1793 1828
1607 2043 1797
1578 2160 2124
1749 1748 1581
2073 1717 1975
2035 2052 1730
1875 1649 1969
2108 1785 2133
1602 2039 1592
1843 2153 1608
1763 1954 2012
1824 1827 2082
1623 1737 1633
1762 2101 1880
568 2141 1941
566 2140 1658
1930 2143 561
2012 2142 2332
1937 1565 1938
1624 2158 1625
1797 2043 1735
2134 1909 2152
1791 2159 2037
2105 1770 2044
1975 1717 1706
2048 2126 1870
2002 1932 2022
1791 1980 1708
1915 2066 2120
2037 2159 1756
1920 1659 1900
2086 2148 2112
1786 1669 1834
2123 1909 1908
1880 2101 1804
1755 1996 2033
1549 1860 1550
1826 2031 1596
1734 1625 2145
2081 1933 2029
2136 2157 2116
2088 2161 2144
1660 1659 1919
2478 2153 2023
1804 2101 2050
2131 2031 1812
2078 1698 1759
1567 1889 2083
2150 2157 2136
1981 1717 2073
1801 2066 1915
2096 2154 2103
2145 1625 2128
1876 1841 1840
1911 1885 1872
1740 1739 1836
1625 2158 2128
2090 2138 2092
1846 2126 1814
1579 1795 1662
2144 2161 2151
1692 1838 1644
2154 1946 1743
2148 1932 2002
2038 1779 1816
1629 1795 1579
2160 1577 2007
1865 1654 2139
2157 2149 1866
1723 2074 1784
1730 1710 1828
2011 1612 1939
2161 2097 1783
2151 2075 2135
2133 1785 1876
1688 1948 1646
1667 1792 1833
2075 2149 2135
1578 1577 2160
2128 2158 1622
2088 2097 2161
1613 1612 2155
2155 1612 2011
1622 2158 1653
2159 1757 1756
1783 2075 2161
1872 1885 2130
2161 2075 2151
2135 2149 2150
1994 1841 1876
2150 2149 2157
2157 2139 2116
1646 1986 1647
1608 2153 1715
1823 1986 1646
1594 2484 1927
1784 2074 1994
1854 1946 2154
2162 2163 2164
2163 2165 2164
2166 2165 2167
2168 2169 2170
2170 2169 2171
2523 2518 2520
2167 2165 2175
2519 2523 2520
2177 2178 2179
2519 2532 2181
2520 2532 2519
2182 2521 2172
2184 2522 2186
2184 2187 2522
2188 2178 2177
2523 2183 2531
2164 2190 2162
2191 2192 2177
2175 2165 2163
2177 2193 2191
2179 2178 2194
2186 2195 2184
2170 2524 2196
2166 2167 2525
2526 2198 2199
2182 2199 2200
2199 2198 2200
2201 2182 2200
2202 2521 2182
2203 2184 2204
2205 2204 2206
2203 2204 2205
2206 2204 2207
2208 2198 2209
2209 2198 2526
2210 2198 2208
2211 2170 2171
2211 2171 2212
2211 2212 2213
2213 2212 2214
2212 2171 2215
2216 2212 2215
2529 2164 2527
1809 2539 1968
2019 2188 2056
2053 2189 2018
596 2174 671
22 2175 449
1967 2220 2020
420 2536 526
435 2222 451
1970 2223 2492
666 2191 593
391 2525 452
1962 2537 1961
84 2162 494
525 2168 479
2528 2197 2224
2225 2164 2529
2528 2224 2225
2218 2211 2213
2528 2225 2529
2194 2203 2205
2179 2194 2205
2208 2209 2217
2217 2218 2213
2216 2215 2179
2216 2179 2205
2208 2217 2213
2216 2205 2206
2214 2212 2216
2208 2213 2214
2214 2216 2206
2210 2208 2214
2210 2214 2206
2210 2206 2207
2200 2198 2210
2200 2210 2207
2204 2184 2226
2207 2204 2226
2201 2200 2207
2201 2207 2226
2201 2226 2227
2202 2182 2201
2202 2201 2227
2211 2524 2170
2215 2177 2179
2182 2172 2199
2202 2227 2223
2218 2524 2211
2228 2190 2222
2229 2230 2222
2223 2530 2492
1969 2231 1875
2190 2229 2222
2184 2195 2226
2199 2176 2526
2531 2518 2523
2196 2232 2170
2197 2181 2224
2222 2230 2233
2195 2530 2227
2171 2193 2215
2170 2232 2168
2199 2172 2176
2177 2192 2188
2226 2195 2227
2527 2165 2166
2225 2190 2164
2220 2234 2194
2227 2530 2223
2194 2178 2220
2181 2532 2221
2533 2202 2223
2169 2193 2171
2194 2234 2203
2533 2521 2202
2519 2181 2197
2017 2235 2534
452 2167 22
1809 2185 2539
1970 2533 2223
2174 2173 671
494 2228 435
671 2173 2053
451 2535 420
479 2232 391
420 2535 2536
2222 2233 451
2175 2163 449
1961 2185 1809
2536 2180 526
2188 2192 2056
2053 2173 2189
2056 2192 666
2537 2185 1961
435 2228 2222
2162 2228 494
22 2167 2175
596 2180 2174
449 2163 84
2525 2167 452
84 2163 2162
666 2192 2191
526 2180 596
391 2232 2196
2168 2232 479
2195 2538 2530
1875 2236 1962
2164 2165 2527
2191 2237 593
525 2237 2168
2219 2187 2234
2234 2187 2203
1967 2238 2220
2539 2540 1968
2019 2239 2188
2220 2239 2020
2189 2541 2018
2181 2230 2224
1962 2236 2537
593 2237 525
2224 2229 2225
1968 2540 1967
2191 2193 2169
2020 2239 2019
2203 2187 2184
2215 2193 2177
2231 2236 1875
2169 2237 2191
2168 2237 2169
2018 2541 2517
2186 2538 2195
2220 2238 2234
2183 2240 2531
2188 2239 2178
2178 2239 2220
2234 2238 2219
2522 2187 2219
2235 2240 2183
2224 2230 2229
2221 2230 2181
2017 2240 2235
2162 2190 2228
2225 2229 2190
2233 2230 2221
2241 2242 2545
2242 2244 2545
2245 2244 2246
2247 2248 2249
2249 2248 2250
2251 2561 2253
2246 2244 2254
2255 2251 2253
2256 2257 2258
2542 2259 2260
2253 2543 2255
2261 2544 2251
2263 2264 2265
2263 2266 2264
2267 2257 2256
2251 2544 2558
2545 2557 2241
2270 2271 2256
2254 2244 2242
2256 2272 2270
2258 2257 2273
2265 2274 2263
2249 2546 2275
2245 2246 2547
2276 2277 2278
2261 2548 2279
2278 2277 2549
2280 2261 2279
2281 2544 2261
2282 2263 2550
2284 2283 2285
2551 2283 2284
2285 2283 2555
2287 2277 2288
2288 2277 2276
2289 2277 2287
2290 2249 2250
2290 2250 2291
2290 2291 2292
2292 2291 2293
2291 2250 2294
2295 2291 2294
2296 2243 2556
348 2298 216
527 2267 594
595 2268 524
2505 2253 2552
669 2270 2054
1848 2254 1950
388 2299 477
1990 2300 2553
1719 2554 2495
390 2302 179
327 2265 375
1923 2547 1952
1861 2241 1798
2016 2247 1991
2288 2276 2303
2304 2243 2296
2288 2303 2304
2273 2551 2284
2288 2304 2296
2556 2290 2292
2287 2288 2296
2296 2556 2292
2258 2273 2284
2295 2294 2258
2287 2296 2292
2295 2258 2284
2295 2284 2285
2287 2292 2293
2293 2291 2295
2293 2295 2285
2289 2287 2293
2289 2293 2285
2289 2285 2555
2549 2277 2289
2549 2289 2555
2550 2263 2305
2280 2279 2286
2286 2550 2305
2280 2286 2305
2280 2305 2306
2281 2261 2280
2281 2280 2306
2290 2546 2249
2294 2256 2258
2261 2251 2548
2281 2306 2302
2556 2546 2290
2307 2557 2554
2308 2309 2301
2302 2310 179
179 2310 268
2269 2308 2301
2263 2274 2305
2278 2542 2276
2558 2561 2251
2275 2311 2249
2276 2260 2303
2301 2309 2312
2274 2310 2306
2250 2272 2294
2249 2311 2247
2548 2251 2255
2256 2271 2267
2305 2274 2306
2297 2244 2245
2304 2269 2243
2299 2559 2273
2306 2310 2302
2273 2257 2299
2260 2259 2300
2560 2281 2302
2248 2272 2250
2273 2559 2551
2560 2544 2281
2542 2260 2276
478 2314 390
1952 2246 1848
348 2264 2298
390 2560 2302
1798 2307 1719
1921 2312 1990
2267 2271 594
1990 2312 2300
2301 2312 1921
2254 2242 1950
2253 2561 2552
594 2271 669
375 2264 348
2505 2543 2253
2300 2259 2553
668 2252 595
2265 2264 375
595 2252 2268
2021 2543 2505
1719 2307 2554
2241 2307 1798
1848 2246 2254
1991 2311 1923
669 2271 2270
1950 2242 1861
2547 2246 1952
1861 2242 2241
1923 2311 2275
2247 2311 1991
2274 2315 2310
268 2315 327
2545 2244 2297
2270 2316 2054
2016 2316 2247
2298 2266 2313
2313 2266 2282
388 2317 2299
2298 2562 216
527 2318 2267
2299 2318 477
2268 2319 524
2260 2309 2303
327 2315 2265
2054 2316 2016
2303 2308 2304
216 2562 388
2270 2272 2248
477 2318 527
2282 2266 2263
2294 2272 2256
2310 2315 268
2248 2316 2270
2247 2316 2248
524 2319 478
2265 2315 2274
2299 2317 2559
2262 2319 2268
2267 2318 2257
2257 2318 2299
2313 2562 2298
2264 2266 2298
2314 2319 2262
2303 2309 2308
2300 2309 2260
478 2319 2314
2241 2557 2307
2304 2308 2269
2312 2309 2300
