2563 2
-2.47882203766372 3.21928423531143
-2.83275987700072 3.42337961550223
-2.91935195865411 3.12246128265924
-6.11391805108852 -0.358862267291391
-6.13403468144272 0.133142213538817
-6.82112291477969 -0.16160223818136
-0.166394639557706 3.49128676570179
-0.541371453279686 3.56333586926398
-0.443894344412864 3.29119515324156
-2.55253576842758 0.0610887226256251
-2.75511597935647 0.475210934093741
-2.97344885274612 0.196024995181144
-2.45372222487947 3.51995351474421
4.30819045133407 -2.01061382288579
5.22341182417578 -1.92816049359822
4.6707506890163 -1.37272292033431
-1.64989636798536 -2.5298518783373
-2.25084250528558 -2.75337889009891
-1.72163179590234 -3.13691335999026
-5.18905866770305 7.01427247063575
-5.7454722014924 6.47847942020326
-5.11615362685257 6.26881814147361
-8.54031586457349 3.17910634860252
-7.89177076386815 2.47597924374147
-7.57215233612472 3.13324351087785
-3.72674010711967 -3.66826919761617
-2.78011061199695 -3.78665353576838
-3.16851294512297 -3.21595186694408
-7.30537705889045 3.7953111568029
-7.41509167365413 4.41119392593276
-8.0737543378206 4.38091868676183
-0.333772466648412 3.84108281073053
0.178485630296926 3.80301105468654
-0.128091135124538 4.27153917596132
1.10565709120903 2.5804252930231
1.16980331088263 2.16205312523039
1.51530947462197 2.57990337979176
2.22523101631289 1.04507903977213
1.97469495297978 0.7240322756274
2.31355161071192 0.538346528341142
-7.79967709363603 1.78348723411951
-7.0132380487993 1.7372367766806
-7.27136285226054 2.45759315325679
-3.36515403019216 1.482045995629
-3.25586459543918 0.997151684791816
-2.98270557172316 1.24563309347506
-8.04512472250367 3.7692077143448
-3.12562627015732 3.78758133493454
-2.73077824339904 4.23511107033794
-3.26983603308118 4.37541709354152
-2.62673601789075 3.79431710151703
-2.22653589874154 3.75587822845694
-2.22018222829563 4.16718338063592
1.54502602786065 3.32100581700061
1.81881947100909 2.8935228535892
2.04054457768954 3.47011814223055
-1.52799388911407 6.44103428450824
-1.27138792651395 7.01272032957486
-1.98817630620181 6.99195660982999
3.14346220345065 6.41471266040969
3.84264038633828 6.2399436517131
3.88783113398449 6.85404247880295
-7.39209865087329 1.19225004090862
2.625405417577 0.949292503316802
-3.47865238388097 2.68506106668893
-4.04421406333021 2.73403737086948
-3.75176343345005 2.34068408179969
-2.04350249784696 -1.51025668910661
-1.71934984509526 -1.16565284671738
-2.24527250295495 -1.1287836449728
5.28644797267015 0.434461748693205
4.78398288088581 1.10433824396435
4.5389581260667 0.615889287620911
0.194226208009186 3.39998390131979
0.199382550014204 3.0311156978404
0.447256423461891 2.75206736654837
0.46632071647656 3.12024410668828
-6.55731950797453 -0.834192983892086
2.35377309595685 3.02737849256406
5.35055309184118 -1.08601629199225
-2.66111158422633 2.13594359901655
-3.00343721358582 2.17970601612353
-2.75459811995249 1.8060321351488
-3.77992050796838 3.09627269015578
-8.457677577245 1.49356401397474
-7.95871903436187 0.8939083723939
4.65858671367494 -2.61469632303469
0.0575186941661341 -0.813015757279496
-0.251792639256237 -1.24000618949139
0.278505468708489 -1.27917678854978
-3.06010862263327 6.99088854133176
-2.518939126106 6.77951061741577
-2.52838147231809 7.65469015273523
-3.28925406237021 -4.31694777925269
-2.80905510075654 -0.178344753402615
1.32256340266347 1.68920673270959
0.980652180500548 1.84941615968079
4.44468918276837 1.68187946977024
4.92304920223306 1.61343388738862
4.71109941631882 2.22080893389564
-1.91852869816183 3.25436332698528
-1.54166338143468 3.39590733731793
-1.91507106915544 3.56482036753556
3.14672915126024 7.04150637990294
-7.9887596804752 5.1249693996229
-7.11265963350454 4.90825956238006
-1.9433730348243 -0.781703299567639
-6.55065234819571 0.551703653858166
1.13800227085204 3.89501012681031
1.26042285203722 3.57387831023279
1.66875529896978 3.87427386292341
0.838646820354669 -3.68616920834536
0.306036053027708 -3.14563500445853
0.0967118026163846 -3.76823366056494
-5.93313485855702 7.14854734474371
0.526553587924751 3.47449376922345
2.902896551427 2.18711971216023
3.45680392306781 2.0692627967801
3.17857738745796 2.58371380028208
-0.409387125631101 -0.870321411494785
-0.776817976042016 -0.847140107325242
-0.756978255900096 -1.19155403211199
-3.29098645296698 -0.903066944320304
-2.74527132792149 -0.937766606716809
-3.03112921119093 -0.52034749777201
-3.57506948320268 1.93719816168426
-3.17331652655731 1.87650113732045
-6.54842079932081 2.38119435184433
-6.35403038572636 1.59186650159271
-5.94294142313675 2.05727403827852
5.32018600684821 2.60295168046568
5.38726174254974 3.38196350872908
4.68835301774504 3.0452773837534
5.34004746631982 1.22480741302157
-2.6359291238887 -0.545961962086013
-2.04798310598546 6.46885316942018
-3.67220121758371 1.15132149170373
5.32677865252283 1.90905450120519
-2.50609170130721 -3.25931407211692
0 0
-0.116641823649614 -0.230949942956895
0.227584620816121 -0.00214497315295697
1.5688065998967 2.14905975109109
-2.43427993664215 0.368013480859872
2.48787543647332 4.47337521597788
2.99570227294595 4.70610955509648
2.53032081639589 5.19169087655364
1.34854590046983 2.92539865358428
6.04190795495847 -1.50458463037316
2.41044016060238 -3.74099827096212
1.52799101673813 -3.8331629948356
2.02203423125256 -4.45071825480975
0.697577539212844 1.00776074552283
0.698820055959998 1.35724863571259
0.422179591906139 1.21157014326792
-2.42297123850221 1.88820281124707
-2.1421375066606 0.33859229329162
-2.21797675447338 0.0600626212763927
-0.242672510695228 -0.53413361917647
0.144055424909481 2.71389249965236
1.8587280248997 -3.28351443608439
-2.14340747984819 -2.29351137381981
-2.36360688614134 0.96934162916692
-2.68836822911467 1.10465933567628
-2.56111992464009 0.707754713343105
4.78878999855102 0.139167744960498
5.29363239704251 -0.315521994694362
-3.6220288419013 3.97408520255384
-3.50422293593219 3.47061945030686
-1.76777965685469 7.62882411867019
-2.87719583143251 0.843643309861302
-1.00714303165523 -0.583428094506641
-0.607407983871368 -0.555229564427785
-0.84341156140188 -0.283477729081739
2.10196068723834 4.84195825016009
-1.63748752996516 3.06450870010225
0.553185437886824 -0.884564975519456
1.06457481711112 -0.796107460245797
0.741494509731266 -0.494751612985011
6.79936699676122 -0.345839324209368
5.96333913901126 0.0704644034891185
6.07747555403397 -0.714981601341915
-0.688627599835266 -0.0407546995291945
-0.473836920119113 -0.282476057547717
-3.28810488531432 7.68376935574769
3.35153067810854 4.11631198251659
2.79711129150118 4.01977655628485
0.507632522801401 -0.216192150058542
0.592589552870707 0.0894399811652762
-6.03950477769425 2.61688828365919
-6.2833198487496 3.09757348339122
0.170987205241598 -0.281403172522326
-2.92701015261193 4.76453090657307
-4.01463223152328 -0.31271720033362
-3.66780550306134 0.00770436441103395
-4.15692848453842 0.159641963991166
-1.07725023590764 3.76793749452234
-1.37005657722723 3.99007728899952
-1.36310699158935 3.69391726887404
0.0477302213878572 -0.526405689447625
5.15830968459061 5.70325548016068
4.46079670137154 6.14184354158782
4.54555448828868 5.36786892805924
0.806199425397286 -3.15177567325156
-0.816127643054648 -2.07875232011437
-0.678735689872849 -2.64360919911162
-0.309795843898173 -2.12800017701755
-1.73461535667643 4.13384824566668
-1.88010814403753 4.53307521939852
-4.32897701537494 4.60621238401665
-4.67649764123099 5.10232795298949
-5.04256558126329 4.52644635420182
-4.25911358973967 5.55456077165712
-3.9621109258021 5.00301886480376
6.07578428897306 3.76586929642228
5.98455004471577 2.98012286908005
6.80672617429139 3.35712132818285
-5.54338622461302 4.04523950877925
-4.99338307401455 3.91126960249131
-0.00592647896051157 -1.69578992036288
0.678474413121472 2.9545295317933
5.27599752085348 5.02342668266073
-3.80183727196787 0.426061965076154
-2.11168280244421 -3.80815152194952
1.40877283297887 4.35805654297054
-7.87052341846543 -2.24761851501062
-7.36776140678078 -2.91476286785828
-7.05785001117521 -2.45057163855316
-3.00072655114905 1.57434419000771
2.178185283493 5.86455601400363
1.90232565879759 5.34746838413153
0.796184630613991 -1.29778972181644
-0.0934003956415433 3.22481419823475
0.369891788600207 4.29474230183134
2.5946359237917 -0.858643081059523
2.83561411817001 -1.37727088519383
3.11330675610393 -0.930880144522238
0.412277196536796 0.351281818004849
4.62579510296233 6.86384640755914
-6.91740287119715 3.06934060465607
2.14418791134939 2.57634947433627
-1.2865971384029 -2.79614511795176
-0.996859043382444 4.09199450787242
-5.70362638004068 4.61129293344466
-3.1584020158672 3.40629135367711
3.74388122324359 2.5680935612126
-2.58694187256937 2.9846568472599
-0.342072829738612 -3.17263218211922
-0.0584095291548704 -2.63961367961267
-0.600531685704438 6.95578763856046
-0.193653086762265 6.38585522101922
0.139011215427447 6.94804554299821
-3.85132246901498 1.59197600464666
-2.23177730718807 3.06481706143625
-2.41383879155166 2.73153753954397
2.78219334585355 -2.67928529326371
3.0115920687878 -2.02867325672559
2.47469083238568 -2.20206794677187
-1.36703028649245 -3.76711652422002
-3.51047542306743 -0.427067144294227
-3.8100144207913 -0.799460437951525
-1.43795621027288 -0.907721261504655
-1.62317193828247 -0.619410892310666
2.35503918431655 -1.30528174036879
-5.01981263838081 2.34198713869721
-4.49833344409436 2.17421717164408
-4.599110497014 2.70932839648137
5.93221790274344 0.803814514620368
6.65242483090504 0.375128547521188
1.75389621266451 1.74680457855839
-7.36137176694464 5.59078148677468
-5.52192109464939 0.944789543219184
-5.74409288785284 1.48987219395701
-6.13736801116791 1.03360053733005
-0.417076247337032 4.69414442242127
-0.688581790607291 5.11662898041367
-0.873220336557031 4.58193131285898
-0.604428567363258 4.23072869190559
-4.59871663025597 4.15444764452957
3.35556485705358 -2.58648838328636
-1.37580092343987 4.42767020727527
-1.5426892667744 -1.55235279332632
-4.18222845696944 0.565852281571769
-4.69434596149438 0.370482059224918
1.19972810257646 -0.0510185844260105
1.36506432221969 -0.450729282098929
1.63232644034505 -0.0438727888848137
-0.768372399601599 3.80181155899318
0.676407315918901 2.03227760359257
0.706011658248553 1.68692912224825
-4.44887132407194 0.880058298718733
2.81405097855825 5.82038143030557
1.85438706748824 -0.441628304877926
-0.246625591369295 7.58790715001115
-3.0677045481131 -1.37285180834221
-4.33322071735724 -0.70290868390218
0.511277122899176 -4.42788306708437
0.879882203462382 2.3281394242764
4.6088730766511 -0.344080450759089
0.668235225311158 3.89824340347079
-1.76889593328833 -4.37143098390842
-0.638561725933672 -3.77099779529612
-6.7762505351639 1.07171070911912
0.348845119649112 -0.521991502996507
2.02309746827153 7.54900616399145
1.60614296055217 6.94614455150623
2.40046074243375 6.87867371439016
-2.39057222682799 4.66111413288254
3.46007767149458 5.74254785382395
-1.65844306519297 3.76252501005724
0.87648752694615 4.33238191904563
2.97175950659145 1.81576238745012
-1.15343035114607 4.90075835411001
-1.24891996193509 -1.21275263465108
0.951466006792561 5.83564347907357
1.21066173068034 6.36810658661233
0.506682695067117 6.24342134911094
-3.22575579521017 -0.0884359492062854
3.29372116890093 1.53552397509518
2.78640747391263 1.39004253899841
3.06144665611658 1.04073856834443
-4.14411312561395 1.22417198310126
-3.94945177506107 0.819061656608635
-3.3422197378183 2.26012486128801
3.10437363377138 0.0833605314371837
2.82831997434337 0.518652595290234
2.57196127774337 0.016184255130207
6.57577818077264 1.12794495111623
-4.65356393099326 6.61345542179833
-7.30234702165536 0.480188769273736
-7.99001057889088 0.183040139901686
-0.524799532450903 -1.6628525540666
-1.02973649487933 -1.61220231779271
5.31109146236442 4.16977246660907
-1.001054865046 -3.21893403186441
-0.770629278114235 5.71694476432287
-0.858668666296797 6.31699310019145
-1.31245847669621 5.86811052142426
-4.32391123851308 1.68649117291159
-1.95303041109331 3.87568095179847
-4.29797834545222 3.19211256723662
-3.95935488018653 3.589089018532
0.874395768183828 6.96267038093889
5.95279089101994 2.25247271219511
5.93001257494399 1.54210659682843
1.19461476587693 1.24941574741226
1.57771739763053 1.3462143266219
-4.63834552991971 1.29239148620271
6.65557867986002 2.64109747391548
-2.36522059726374 2.18787285481993
-6.69906928599803 -3.1053733357771
-6.6719801217052 -3.73288968917176
-5.97269385749118 -3.56440388053176
0.363471505216562 0.905400129183916
-6.02475510455476 -3.02040036631441
-7.90121495687734 -2.99211779794435
-2 -8.88178419700125e-16
-1.957556630697 -0.169906364472745
-1.64793574524378 -0.0163480376127205
0.938620574282963 1.21887917800639
-4.19713711865093 2.37976018079988
0.564723504379989 4.76176453869175
2.99398407145677 -3.21366284121052
2.44574534252471 -3.172665587492
1.88051056534357 6.37597686276107
3.13566425409631 -3.80187365171259
2.38099883136593 1.39939062185402
-5.30541195404384 5.15356415856555
-7.359684185513 -1.74519958199834
-4.8027310047028 7.74867019382076
-4.42437586678854 7.16264876382354
3.61349835567894 1.08810766873203
4.09773618290925 2.10307859392475
-1.65032098460142 -0.316565330944237
1.32200508029413 -1.29562533425219
6.57586084458662 1.89028046142501
-4.5474785285312 -0.188726603323822
0.511244422833558 -1.71533557292603
-4.01940686483771 2.02409108201307
1.00122351628142 1.51763256151831
-4.96212162810359 0.864465002116516
-5.1749398130087 1.39396613729278
0.565459863592771 2.37868473166603
3.3553850650985 0.57668118515035
0.912741099575895 3.57668575477791
-1.1170595249715 -0.880186440939364
-2.55338056168468 -1.44463165193402
-4.83548701945059 1.8049619227573
7 4
6.02661478347782 4.56945027958053
7 -1
-9 5
0.0598627079473038 4.70558631558819
-0.358828288254342 -0.0247532313137088
-0.247745636877978 -4.41239882498286
-2.04272034828733 5.03677967673459
-5.9637771816711 5.26496989189899
2.54003690832281 6.30509241120134
-1.00806970650673 -4.39367660026314
0.512366503882509 7.57230029075798
-2.56365158699446 5.17492523227138
-2.26765311003621 0.654600264349907
3.88159555306663 -3.82836413391886
3.51418054168344 -4.46634039929654
-5.55638492559823 -4.21840040839553
-5.16891639809433 -3.68119369506744
0.270127021440409 2.42146704329459
1.26924554435735 7.55946442405669
-1.54787693398415 4.93086597190414
-2.42201912926991 1.28255800356297
-3.36515866434179 3.08017620894062
-3.09325774956417 2.79960677416985
2.09301683791697 -0.0158015118422358
1.83967337696248 0.34368597357333
-1.31080050307373 3.09549234379772
-1.0047986436004 -0.0436581173058374
4.8448583082814 3.64637825469059
-1.00699365283044 7.60639999214941
-4.83798460660531 3.30762597418199
-8.06419118735356 -1.40180924958805
-8.74171077760112 -1.75991118554105
1.09957132036266 4.80740506016871
1.26822962073235 -4.44045511182537
1.59496196217386 -0.86455746136809
-2.5295074753071 -4.34582018506258
5.75672783396536 6.22834347374684
4.97795225078457 6.39791119000427
-6.3897332088315 4.74733309159412
2.77167225426068 -4.45927515331249
-4.04653854957289 7.71530051910793
-4.04774116493433 -4.285692193972
-4.45582745479437 -3.68120815480512
-4.80405550735955 -4.25256983952992
2.77258693731701 7.54032114987782
-8.01501446116701 -0.613766018211236
-8.72215968299874 -0.152203581311075
-5.22643956371099 -1.06204301665558
-5.87221554142581 -0.92370875286167
-5.60702979152015 -1.5226412139372
-3.58931013601064 -1.2968217216804
-5.8244438667615 0.505334400329838
-4.48348762076861 3.71550801783188
5.91305965307102 -2.34469657075684
-6.81372535898669 4.21768462283498
-6.1480561163905 4.1112167251391
0.560365364271253 0.623280701323352
0.74142598978936 0.345135234877528
1.04005119958209 -1.73417917412592
5.88537582015232 5.40289701813854
-8.45479539696661 2.33401741686207
3.57131531759534 -3.1715775994336
-9 -1
-8.71280639756181 4.03519710494096
5.74894042820364 -3.15949684910148
5.29713102233294 -2.60937332388721
4.98941370696696 -3.19148542108356
-5.21165455750849 2.90333319708293
-3.1301219421509 0.58349614246354
-3.38036522054277 0.3228037788053
-4.13379937653471 4.10856348118178
1.94456931429793 2.15002983077995
-5.55514235129139 7.78308139320069
3.70875947379981 3.58799356294733
3.11954276157412 3.53523566455304
-3.53141894076097 0.708005224890399
2.84782215308832 -0.405855259826988
3.39827443772482 -0.405805546644741
5.31329532624752 -3.78915327207681
-2.56252989238691 2.48616955300828
-2.74970117206964 2.76657273383421
-3.71987890041809 7.07704247680351
3.87171755614549 1.59088264863538
-6.54469863275676 3.62532697596103
4.27176309635231 -3.20269945840706
3.94905470600864 -2.61296480847291
-7.4644042793626 -0.118834167757661
1.16775295187031 3.24295699134124
6.64951638359233 4.95523183462339
6.65062922421665 -1.94074847776173
-8.75420102405114 5.64359193924109
-7.99755055091398 5.94901559157051
0.919304326170192 2.09224828478076
-4.88139524818134 -0.620882870927172
0.364774915577875 2.12008125643277
-6.44211970577355 6.59761663501666
-1.32010062927615 -1.99993416938769
-3.7896073607157 4.49588696432318
0.267500113577334 0.602131602392493
-6.26714170342161 -1.40627085894033
3.1938059564067 5.24825289896809
-1.8250678575729 -1.94778724156493
-0.815220682329806 3.40662609467372
4.24478677325756 -4.47261893654571
4.61214570760827 -3.81134257074437
-8.54676216384753 0.664668148027878
2.26566865601271 3.95114821208624
-2.2793171216745 -0.495307697642483
-2.41804034109233 -0.790706419459389
-1.09724511725169 -2.41456178551056
-5.09364118631265 -0.0953297361746207
-2.27015356864339 2.47802946347123
-0.358263920143839 3.05586885545404
0.0842665563443553 5.79925895810714
-6.30001221168211 7.81757749947236
3.51507580858932 7.53309189627852
4.24559231602677 7.52659404974466
-6.30138899895017 -4.1841934775718
0.14280319195878 0.30278809044361
0.422637670557285 1.81492394721681
1.43784174098696 0.329624281774159
1.07400999555175 0.366148056723453
5.30694618372005 6.94502647228439
-6.93466366166682 -1.29717596223443
-2 3
2.57333122487907 3.50557795221047
3.99541474588856 -1.44260176245825
3.37766434523689 -1.45755107450989
3.651297681836 -2.01757654167723
3.97269249174483 4.13630522151905
1.77635683940025e-15 3
-4.65612964806533 -1.15688979470533
-4.42509072927367 -1.67467300244486
-4.11528292558445 -1.23230163434299
-6.67436640379884 7.25306793985712
6.42768266440703 -2.78508503349919
-8.55451267175962 6.35971302200602
-8.54882375949476 -2.52016416898427
6.42744209658731 5.80859188596669
-2.14603532232941 2.75271191444312
-5.53886765815409 5.78093220558347
-4.88446762207416 5.65506651735562
-5.29564467147146 0.434635844803782
0.483573260203917 -2.65594962025903
3.83632640173619 5.23682090050757
3.58672391751978 4.69362116697183
-5.65173386603553 0.0165767534869774
-5.42877435131669 -0.51657383796928
4.2281977391748 4.71124547615334
-7.17328599382216 -0.707955080985063
-2.33442019460764 -1.89251883082427
-2.19219459472463 3.39525795726986
-1.35063573308754 -0.528691248778486
-2.70618725125688 1.436061690325
3.44198084186265 3.06956403097158
4.95465004528135 -4.47789484113182
3.69347461438647 -0.911038651182667
0.441935319739388 1.51336823336309
0.768174048580877 5.24456486982701
1.32311066539142 5.3327507085413
-0.68450976307895 3.08795074380011
-2.44225533251704 1.58749144214151
-6.65217877975759 5.41075399389218
4.60799385058501 4.16089196811268
3.66791513292599 0.10272639021209
-1.4177292015439 -0.246744719954016
-1.32033099284498 -0.0343221081375436
3.9346177290512 0.609959512406421
1.05115117479959 -0.418171741010591
1.82402061172002 2.47372441060806
-2.23936700906049 -0.229285527740163
5.63095838551659 -4.48200914761391
-7.73430873412526 7.8817736075186
-7.39764375475392 7.24140979648361
-7.03020175440215 7.85093281473016
-7.03160516833011 -4.15106281826156
-7.35502581648996 -3.48446286112638
-7.73517112389117 -4.120519190607
4.95544478072808 7.52112547380955
5.63172643474445 7.51674081133415
-7.85660916735945 6.69267477653671
-7.07386340123607 6.68259469185983
-2.84430200500579 -1.84210844448727
-0.27916046868298 5.51712288746888
0.229503400446743 5.24960304735331
2.09756163560655 -0.855505542086865
2.09371675449553 -1.75936449445222
1.86333290625065 -2.22379470667972
-3.44796391644279 4.88100036728763
1.29548922976049 -2.21819600122104
0.746877595425432 -2.1663967798281
1.00511771275105 -2.69527741092322
-4.2427981013523 -3.17472769788056
1.94445243331672 4.39921649350296
-2.72941869346738 5.71298842371737
-3.09852232784752 5.30576653778369
-7.51844715435659 -1.1564605209171
4.02698654265436 3.06243466699206
0.535665696503098 5.67565732786654
-5.33395352027835 -2.11357127239091
-4.74004554426278 -2.18088645628024
-4.98500829522836 -1.62189981413988
2.16989959606649 -2.72837293143585
-3.73873486418802 -3.13304450737112
-8.43156833545862 7.12161642895639
6.29408622440741 6.657436089361
6.29387001234938 -3.63094273534584
-8.42713616242343 -3.30180888242521
4.19724212905732 1.12098533502644
-0.997453454633106 3.10136374471167
-1.17970900826474 3.37722374746012
-3.8703510228 5.99027577221441
-3.65502467641919 5.42612770804011
-3.36427942473071 -1.77893763666379
1.83834286804993 -1.29558548733205
1.79865703685422 1.02946376072681
1.41289090657703 0.991742598917775
1.5610352561029 5.8588022458996
-1.93885238925765 -0.453260017614116
-5.37400480156103 1.92517617407466
-4.48476387060684 6.10467293919301
1.64091289563215 4.85811964876958
-6.21281338842708 5.92581973113222
-6.87623870705088 6.07686847481622
4.33418745327363 3.58982828118054
-6.37348225570015 -2.51833076450182
-5.98460177513893 -2.03199990351693
-6.66479636433385 -1.94124142246281
-5.5718634220651 2.47330062887723
1.56859416712275 -2.73212010317948
0.226077820763389 -2.14626890838923
1.98566523069997 1.39529562378459
-3.27863861803473 5.86382009457536
-2.88837407769624 6.30669577232799
-3.47013448533517 6.44858379058265
-5.05562083259629 -2.68396178639102
-1.18981546061612 5.32181261526021
1.57315451761795 -1.75069649647559
-1.69425526316142 5.43310255985652
-5.41432856783221 -3.10867115917548
2.17749303712989 1.77361006691641
3.99129295960454 -0.374858540198592
-5.3929605867123 3.46028910410362
-3.43458076256575 -2.72779801546116
-2.8483753939593 -2.76579435693234
-3.13299569504711 -2.27671823043791
0.845793062102421 -0.155801394594519
-5.76474958264478 3.02743296947662
4.31234864071552 -0.877056479166111
2.62886328414868 2.60648068321086
2.39528762722394 2.18322007988904
2.87224850564843 3.06072487748771
2.34103116317641 -0.420607626415785
0.76882108719183 3.22043863832637
4.79453436918376 4.69417405301922
0.900121699844299 0.109125076400364
-3.68032069735127 -2.21709883129992
-4.02597095575313 -2.66529653775362
4.23156996518297 2.60137510312605
-1.86435488482873 5.96553112546124
-1.17486844830647 -0.30632448775968
-7.43832597329148 6.19386966592161
0.767902335013244 2.66450716157214
0.886341078732804 0.671913845480476
1.03431526114785 0.962992997202739
-4.10383380445297 6.55836117886548
1.2416187797859 0.666878329624563
1.62214963827227 0.67786382021225
-3.88917488464763 -1.72908471769227
-2.59926823593794 -2.30786331871014
4.83902774264237 -0.817869138692392
-5.69478578178013 -2.57624148230404
1.25711906239747 -3.25016185222042
4.25352236714406 0.124531062426162
-2.87614304703437 2.47201245189682
0.964513565343777 2.92571502148405
-7.93429691659084 7.34088800136
-8.38740104527374 7.90841096818398
5.82072147161173 -3.8824964464306
6.24872874431631 -4.48528638275309
6.24943106189861 7.51264718161064
5.82368854189872 6.92906529084392
-8.38790866012618 -4.09434052674403
-7.94178049803402 -3.5719093872909
-0.379192406489274 5.93461570457095
-2.52162210301697 -0.251302515120468
-2.20861103722645 5.57787606527356
-0.221123351131604 5.08071528030681
4.07399395833213 5.74515725787349
-5.94323321494871 3.56518024819639
2.57297052582486 1.81119484678275
-4.80646664302955 -3.18194747897236
-3.15786917860722 2.50242533541678
2.51654227828664 -1.76771953817441
-2.37967319903334 6.09726985692634
-4.20122415201775 -2.17782464313609
-4.5368026322154 -2.67191953012365
-0.925778919664709 -0.357754448025887
-1.30347550790272 0.782252840215696
-0.859445144104007 -0.707343676552614
-1.6271260588564 -1.85565665185599
-1.29422802916284 -1.94443451296449
-1.29930316613868 -1.64728892696827
-1.63115238673068 0.775235511205016
-1.57237033812027 -1.50911050031901
-1.2857354171377 -0.0289331028648629
-1.05830658427614 0.306198192794521
-1.38081159202853 0.286087595217605
-0.982341167475338 -0.0278117186249724
4.03200944073207 0.166752274110576
4.28717083092303 -0.136289250213499
4.36797827613597 0.235152824945748
-1.32008060171359 2.56095112702946
-1.60732518753516 2.31963519443073
-1.28352339832003 2.24422953412577
-1.60619084475435 2.58561854884668
3.99501588109798 -0.155326159845974
-1.85540291623155 0.884277745581176
-1.54773498774184 0.787512238997483
-1.51484296785529 1.10402535929341
4.10434882458046 -0.423725334446683
4.38170709645762 -0.506215436996079
1.46123264326914 0.191875855977921
1.6464215707515 -0.119691736067857
1.81958683863578 0.149340930249135
-1.89069191974087 13.4258956959562
-2.14190515085048 13.7179021885671
-2.20148007959147 13.431646796088
-1.84765945156311 13.7235972005183
-1.27155112002195 1.27400973098302
-1.60120885531696 1.44229671168588
2.95428660077816 -0.706407545881332
3.24362120741501 -0.457951255231414
2.94297085154481 -0.341550605421755
-1.27871527298697 1.59892468158674
-1.80078975635321 1.20596796652913
1.31819885208359 -0.147278663889689
4.54282872940718 -0.293460665919208
4.56985880562344 -0.705602791204129
-1.49870890113789 -9.1871813495006
2.349067754752 -0.694011774159521
2.65438789400774 -0.527210565393966
2.42411318089709 -0.391727714531811
2.64299024558672 -0.787172274547248
-1.28670905721486 -0.0140851701774871
-1.60093765803994 -0.198837208067265
-1.27562311517614 -0.337973691001428
3.54993439435681 -0.555198573431619
3.88035205040028 -0.705121462098237
3.8046168999982 -0.353417313160419
4.46491014816083 0.578061152743002
4.66342951199633 0.327381237881855
-1.72200860660032 2.34471768390728
-1.94869202015769 2.56316900340736
-2.06092707097239 2.31186759931337
0.991355346862077 -0.18331254526845
1.18865478096994 -0.443908545242386
2.61333711383478 0.0950325402918729
2.33424447409957 -0.100208272560201
2.64571855909975 -0.215544074449954
3.29373274181183 -0.75666861795478
-1.55702118637107 0.148543571339737
-1.84397585753643 1.51228796125554
-2.15073664062627 1.71225633502633
-2.15440922111923 1.42885692701579
-2.15380803907023 1.97460042524509
-1.71733247384393 12.7418728611396
-1.79194131806971 13.0886605691203
-2.02605085503922 12.8483132851135
4.19130861254582 0.438608340495665
-1.28652823514916 -1.33620442136219
1.65807086915392 -0.708746745532914
1.81776584438202 -0.420857999255458
1.48675866362771 -0.420170671704164
-1.05912049157845 -0.993030360037626
-1.86860056812506 1.83166709865485
-0.116603608586872 -0.409745033693071
-0.260345649420683 -0.721006428998477
0.0439699661332241 -0.720719850649499
0.219386111742576 -0.995260966867878
0.377672120685339 -0.728256052283723
-1.48672488909032 12.9489997258038
-2.61681023212007 12.5799809073999
-2.81887297206159 12.8133107308575
-1.68053836419352 2.67993095941048
-1.53644348474547 -1.24900196850046
-2.11157485886433 13.1433252101553
-1.88526877533133 2.09796485496234
-1.94221829532154 13.9744443428212
2.37911726081753 0.213306356212198
2.24447092145949 0.485147189176026
2.12726411092705 0.155101300494343
1.6985154801714 0.44273079446814
-3.02108715334676 -2.94800870802572
-3.35551932599888 -3.01258202543329
-3.14585900945384 -3.25024550210942
1.96659402008259 0.375962182937144
-2.89919674885087 -2.64677126700832
-3.10910571897542 -2.40874666379243
-3.23085566676065 -2.71037839279063
3.59342234710047 -0.816519518800788
-0.739847201045147 -0.9930742534328
1.34252207755786 -0.710558435054837
-3.43674795831021 -2.47042806521283
-3.31321018978371 -2.16598442194976
-2.36244607430879 12.9696465953391
-2.2674761083718 12.6543646560247
-1.52158605237413 0.271048764268234
-1.64822956130405 11.9831971323149
-1.31997734159235 11.9665849417437
-1.52167272988346 12.2708197682387
4.58557230554902 0.0253822958140987
-1.3110205581468 13.4726492187345
-1.55237043511357 13.2780409037346
-1.68000685176202 -1.03874097165107
-1.33178080942281 -0.998310394121332
-1.56797787220141 -0.749900029040825
-1.60280734145313 0.568188921069967
-1.2987387228674 0.522257871189233
-1.65769687361052 0.319512787722387
0.235741341376531 -0.464211630520332
-1.49374345066533 -0.492375028392137
-2.19703675234615 14.0091650946553
-2.48705389161042 -3.11861945515611
-2.69182898134178 -2.8840980291506
-1.80831281175055 15.1651446367539
-1.62611227707456 2.01502964088124
-1.33099589221432 1.90046151458985
-1.09006689627962 2.10327249090282
-1.38198139312222 2.21501830245042
-1.87020079049695 2.84509735734152
-2.14430271657797 14.7520677248218
-1.95213420026987 14.5785881656802
-1.85574070023426 14.8541092343711
-0.793332697861708 1.99342766848432
-1.03434013055502 1.78917483720386
3.22462180958484 1.36344282856388
3.28292449793973 1.04125532031812
-3.75621941249079 -2.52610473920105
-2.07490662470457 12.4283106021946
-2.28234056650872 12.6519623457543
-1.64042072121151 12.4092643865233
-1.72043905666736 14.197504620182
-2.03665072942137 14.2748006330677
-1.5394694459004 1.79459882368405
-1.48824137671487 2.82054460157972
-1.79903720989854 3.16676536650135
-1.8587695050173 0.0503022826983507
-1.60453478339899 13.5953617153185
-3.7888925312281 -3.36752882377779
-1.65770125175696 13.9042916687018
-0.736837320493912 1.67730878223947
2.97945686209282 1.15872888523245
-1.84594534978137 12.2038484758827
1.16223194660766 0.0806567419027669
-2 15
-2.660414488196 -2.04872839216902
-2.32882036538981 -1.99550679602976
-2.54171807141483 -1.75021206909618
-1.93968932479505 12.5319953625635
-1.42402141004409 2.52768605642956
-4.09884212027843 -3.417874279265
-1.5175376571384 1.3919372560885
-1.75004257856247 1.19925359258693
-1.86770847258774 12.2159423812841
-1.79626913372345 -2.17337842261085
-2.12277185703596 -2.23448170360665
-1.93646164772739 -2.46984058929856
-1.14131043294226 2.4187953480139
-0.496664320790056 1.88226410627682
-1.78443224043966 -0.132142827221367
-1.57212460660191 0.0645488202616784
-1.84520605976542 0.185736118843821
-0.848586049699934 2.31007306747798
-2.26956497455866 14.4782470187189
-2.45276854061773 -2.28916382976881
-2.24612172345188 -2.52996611935528
-1.60317633719323 -2.43321082793754
-2.21440490771988 -1.69461885847933
-1.5719911706063 1.70290694757465
-1.00660080469256 -2.41992359344561
-1.28620771612368 -2.26228953956172
-1.29725381706648 -2.58009749940784
-1.26462605025749 1.9199991588246
-0.99354123397233 2.08032569002078
-0.680435654860762 1.36135927972425
-0.977767873908773 1.47440935737985
4.40789588999356 -1.00589689429086
-0.995523435301026 -9.25347637304141
-0.994190890681638 2.40837176150607
-0.995750004371442 2.74690806831084
-2.14118269118618 12.3389659487202
-1.9231849077847 0.52415983196893
4.12147192736463 1.01452642265777
-0.903455729924727 2.62479647307256
-1.005642125234 0.292496466349793
-1.00659781391891 0.619869536865997
-1.26836389720873 0.458033714809341
-1.00572505681863 12.2932790690445
-1.00679595996335 12.6205158960407
-1.27297395537407 12.4576303598119
-2 12
2.73577242973533 0.950561575329245
2.79302318124293 0.626695191599259
3.03685798020693 0.835210968013912
4.16717046403014 0.708794417618334
-1.45539557924854 1.07748128772137
-1.21755968572412 1.27498191293264
-0.39374992524516 -0.50124135989821
-0.993493420298077 1.75630289730854
-1.67885037195257 0.884548416862351
-0.742552303850192 0.193709007691326
0.806204055307354 0.779120167314685
0.507995692021058 0.895920603192988
0.563785203555584 0.572899444392101
0.578828222729617 2.07391100892769
0.280696140404653 2.18544938834722
0.337827341759838 1.86386134233186
3.5049576133838 -0.243057390033193
3.74692022643167 -0.0306578836332326
3.09286863660359 0.513162452672074
-1.33032451367427 12.7819854120931
-1.29824780718624 -2.88794626026975
-1.56329311457455 -2.75627781245451
-1.27611668426327 1.58722419890812
0.266508518762397 0.689482104758721
-1.19648018703363 2.73118194839102
-1.45776827845834 2.83985257566047
-0.143798769189494 1.45007634051648
-0.200276965160796 1.76939004340988
-0.440352615573087 1.56444889159991
-0.552474841872346 2.19959082523483
-1.00383088720033 -1.45954240145777
-1.15596784035812 0.95868015510113
-1.63665136291303 15.0646674567557
3.87749104984342 0.812730048886099
3.92563830934429 0.503009947608324
-1.51856186786811 3.14071720924396
-0.995493090272943 0.790035883620689
-1.26681560876911 0.950789108383352
-1.27838049606279 0.629123535229037
-0.0309469342769713 0.806928983617446
0.210097660604074 1.01292058464558
-0.0869730038490978 1.12984749714911
-0.3835807026467 1.24613454567331
-1.00718548026395 -3.05854768591879
-1.00707916259771 -2.7392093351616
3.634924195423 0.607103418136066
3.68980769313655 0.288758261635681
-0.685136805660138 -0.1334758231588
-0.919103498149441 1.15887569628804
-2.12003874105217 1.14361116726465
-2.42079069231125 13.2828519191386
2.92180072440324 1.48227018354006
3.39209636103751 0.400021259659414
2.67859106248885 1.27438285047311
3.33727291991771 0.720549893089277
0.692856839304015 1.42801664842175
0.635900530725585 1.75091622671447
0.394423889836754 1.54214024072907
0.749889925779961 1.104644035459
-1.28107508499145 0.307481165266228
-1.55160301687323 0.469204533058348
1.04895749631414 0.988756765725707
-1.2495461497656 3.04461311899777
-0.42051118272066 -0.99356001811808
-0.100785648934201 -0.9943400726741
-1.00586454305802 -2.10022813638585
-1.95631060050814 12.7147784042255
-2.63496121444239 -1.20787552028964
-2.75106306426856 -1.50784929309755
-2.42448177458818 -1.45121418685542
3.14920486573907 0.190423196986018
3.44799908607887 0.0789894541294782
-3.67322372022454 -3.06887034339059
-0.994580675114842 1.11183353709652
0.040266513259188 1.97527056844866
-0.993886442288467 1.43381781578287
-2.30814552148071 -1.15143343288457
0.153474448045658 1.33495869991676
0.0968334282656376 1.65574073597043
3.58153043187972 0.924971907701113
-0.996565865953663 0.46833848994814
0.451323733699163 1.22007433308335
2.78952784424763 -1.00471332062154
3.11133972917347 -1.00560065523981
-2.00319615635949 -1.93715368286371
-0.622213390801851 1.04334298472893
-2.86877653160291 -1.80709577261262
0.617687041991136 0.251444567572373
0.860928068198713 0.455097474583769
2.32154791437321 1.71391056139446
-3.4016235978209 -1.62145793118746
-3.07713960294147 -1.56454321494257
3.75589821471257 -1.00666740072942
4.07982511117493 -1.00654565077314
0.992011553720776 1.31328126810922
0.93521468838331 1.6371496571714
-2.06008548885786 1.95882313738401
-1.89425025187616 -1.63552942274634
4.24130551122951 -0.738075618451569
-2.09660640565881 -1.39533529507399
2.13731931265755 -0.421498667273977
1.98528066025682 -0.71364292170579
0.522366898932627 2.39650659640907
2.85141230143211 0.303318404788169
-1.38531769487917 0.773346891789713
1.53474686478515 1.40844124832073
1.47781182216208 1.7334166680629
1.23466292765684 1.52303687076507
-3.19387510573932 -1.86445403639919
1.98226656901977 -0.136732082538723
1.29145970176196 1.19849803296254
-1.00492228842929 -1.78007874690479
-0.859206825940736 0.840522685011762
1.177634450802 1.84716382765335
-1.00267547700671 -1.13868222607077
0.719659772734183 -0.686015978971885
0.860843003371855 -0.99752755633017
1.03995764445828 -0.721694490007559
-0.997722508762493 0.146708048648275
-2.16111709211043 -3.05633341609718
0.907220920805125 0.141536908529136
-1.27372238979102 -0.647531920329944
-1.00019718263949 -0.496282037244809
1.50319901149842 -1.00002335554784
2.14614602219063 -1.00250540543241
1.10558080302923 0.663374737286784
-2.84546475252489 -0.964427180048429
-2.73037211914715 -0.663817897214929
1.72099732377329 1.94394605815873
-1.790631416882 -1.33106931274066
2.4677797737322 -1.00367546852788
-2.9606774599247 -1.26467054811423
-1.00144792398661 -0.817578540045032
1.1819307018255 -0.998765826491081
0.53997676272916 -0.996347499720605
-0.998940123557099 -0.174836782292137
1.82461076132886 -1.00127670952041
1.15217668382998 0.350354447360153
1.89179365558755 0.969316843586468
1.94320743591186 0.647160269151682
2.19049913351751 0.847689951833428
-1.98111336173107 -1.09466846110426
-2.40608238361391 -0.607235580405795
-2.61789025479222 -0.363880861745133
-0.326515806007135 0.9262632547281
0.878028405307796 1.960582387177
1.8351645523302 1.29369517456378
1.77805674812374 1.61865624980272
-0.800034352957915 0.518917006153847
-2.51957690923919 -0.907660134922202
1.59166346500997 1.08389319374217
2.49238994974533 0.740645486103166
2.43553544968995 1.06490126658621
1.34866659828484 0.873671037886484
2.02139774921274 1.82896601542155
1.40436500560702 0.549845869030291
1.64739167922671 0.760367835253679
1.42045076361326 2.05756657042749
2.56247702915963 0.418690164878233
2.07838718371206 1.50390632324536
-2.71609734561345 0.178995480114232
2.90533609383124 -0.0174277052709343
0.67509208301494 -0.0794441546244637
3.20530530319713 -0.132352741877647
-2.06651691123202 1.12683336509988
-0.367166640885255 2.72402322503159
-2.38599083337715 1.07158569438737
-1.09266365299229 0.653278029435797
-2.28185488474037 0.53403021561542
-2.39242617105748 0.235806515095598
-2.0780747853638 0.285208809666417
-0.256403535322818 2.08769103419185
2.37852947370638 1.38906125328422
-0.607817490619315 2.51602420157707
-2.1934640045149 -0.851018755504731
-1.87228192218134 -0.798104092144161
-2.1810482141815 -0.00712602518206042
-1.96846994544465 -0.250219684959111
2.13548056846117 1.17921822065076
-2.50573676093836 -0.06390417856305
-2.29349623347522 -0.307211919446181
-2.08164094811602 -0.551125095456728
-2.98668028879532 -2.10629358710763
-0.50537534481181 0.401118595421496
-0.446967741165065 0.0764320938480826
-0.209452276990354 0.283970748807257
-2.57226045690805 -2.58555309229067
-2.36691898069334 -2.82289225190295
-2.77892659651214 -2.34647387896238
-0.15062556663316 -0.0401782625191857
0.0898445355441284 0.170024270180647
1.12068879455276 2.17079380228005
-2.16694313130673 1.66383044544557
-1.95645078443157 1.42416793454075
0.146953490263189 -0.15572559513452
-0.31216053011008 2.40584003651892
3.82554895895155 1.12703627564772
-2.17422204512491 0.829773541518524
-1.98563076177505 0.580212290174817
-1.7605405696906 12.4940113280564
-1.75635480817665 2.0150251122561
-0.634021148786979 -0.452540433267142
-0.56370646724866 0.723893476590228
-1.82265435286469 -2.96540189774306
-3.55726753755239 -2.77151486703383
0.380719226949898 0.0477850899066881
-1.76051988225475 0.495391692054092
-2.42202478201539 13.8884724690814
-2.4410353043818 13.5878225366188
-1.75605495344799 -0.492964358288184
-1.52186460806868 -2.10375890787186
-1.84809114885415 1.71196644340926
-0.390057919089728 -0.248991260943468
-0.0160549222308157 2.2950439384965
-2.49476304242373 0.773661252082206
0.323144582073321 0.373541227659832
-1.25678609875887 0.212533156775066
-1.00465792364331 11.9569340379175
-1.25674967816327 12.2132307344165
-0.269049298703011 0.605799982351672
0.0283296654387916 0.488443797385338
5.09459622880614 -0.689902606668879
0.449955894192895 -0.258506183131466
-1.75366502189869 14.4413721005533
-2.04630285245439 0.837875088856623
-2.05913833658972 -2.75528301587952
-1.63680073233077 12.7686972735657
-1.95006591320641 1.31562072690822
-2.36425172306118 14.1882231079668
0.718747407409051 -0.365479991276519
-0.997117532671995 -8.89909366753686
4.85058754681583 -0.771548087066076
-1.23809856645135 2.83694032347535
-1.50956349342187 0.567063676777484
-0.559656868724124 -0.734350047646844
-1.81510652460751 -2.68407156986107
-1.51248582599119 12.5636344093241
-1.54722903380308 13.004555619365
-1.48794352240299 2.07923551253354
-1.66124472447042 2.952117531038
-1.79356677569815 0.3470750787988
-1.73497530204345 0.631743265426735
0.94525179018384 -0.480316342522916
3.43334039172903 -1.00630585136385
-1.83209780369843 0.735059617466742
0.523420314272281 -0.504949813217208
-1.89721725635935 1.01964598805249
3.36822608589141 -2.941333772902
4.24032566498564 -1.29798762419698
3.87646034306718 -1.28798505115297
-0.378320906085001 0.865067364220566
-0.708763676869144 0.954946074193894
-0.703095415417424 0.656539772218589
4.24403665572797 -1.61981570350288
-0.431334373774509 0.517461106375542
3.04780331415467 -3.30041805766756
2.71771364093012 -3.06777769693651
2.74187274619725 -3.39104382583137
3.04445107178592 -2.99509260149833
0.188373400707769 0.978455403851282
-0.119519967943436 0.7286631384935
-0.642291956967267 0.263127528070569
-0.675846906464281 12.4703936383228
-0.382262464981551 12.701861712398
-0.712377579918786 12.7797311638337
-0.384204283208653 12.4406676376076
-0.140724893882756 1.01886867774639
-0.137845640995078 -1.87556148828973
-0.448439001689315 -1.7782345747465
-0.480354251762993 -2.09323712051266
-0.413915607034791 0.91352125724558
-0.497835351958256 0.641328596555891
2.80825300258281 -0.543390331493382
1.35912904255513 -1.88110384197917
2.84862819144578 -0.185316796008544
-0.108024980238275 1.64350886169889
0.142137556872219 1.36538077025595
0.202758356653097 1.65436973986215
-0.152522639463158 1.34398781340592
-0.725772944590897 -2.26158921394199
-0.391574815105467 -2.42975593650906
0.0551841243807011 -1.29623102873478
-0.233161007750495 -1.54804008580662
0.0656256929222229 -1.6642674072234
-0.717871259695579 -2.58390867900699
-0.190966531379246 -2.19570284277227
1.68736276534566 -1.85193815210494
-0.280816754353187 0.47874393156322
-0.701613350695628 0.460983358880085
-0.495167613396504 0.221462409400743
0.65821649980731 -1.30752815654718
0.353539537224887 -1.47605900432614
0.582936718506467 -1.61155818035765
0.365239906484825 -1.21430265678325
-0.712896970182888 -0.978271309220723
-0.398467929578837 -0.794128375400464
-0.724530511593006 -0.654633551379939
-0.53700212808663 -1.45074745697792
-0.700652469300426 1.13661187269372
-0.790565531795604 -1.65657382440012
-0.541045021051014 0.618471070315241
-0.344456238218902 0.364730791708045
-0.283492139820546 12.7070702122503
-0.0568231675487281 12.491100200167
0.0573160997671196 12.7587345886356
2.0144909015862 -1.81448428261277
1.81749683931241 -1.55517808109497
-2.39278259230497 0.101971561990501
-2.6719508929973 -0.0959650961534404
0.361488223152931 -1.78976193596136
-0.282194641314996 -1.24609736637589
-0.441383498067008 -1.14130547870973
-0.156205511919156 13.5549144088257
0.149946534090749 13.3712544839356
0.154619387310691 13.6541821798414
0.363363535911426 12.9056363492726
0.151986185813647 13.1077121497938
-0.277264896517661 2.30878282040186
-0.20493145404144 1.97259396915047
0.0296734053228055 2.21910890098821
-0.816480887237461 0.468637325116593
-0.715223016144991 0.344546790940476
1.3483041817481 -1.291566098971
1.18842761569412 -1.58023187284876
1.51930202601554 -1.57983910509
-0.133190346544963 13.2361266779532
3.12629423656037 -1.58435200858192
3.27168974581936 -1.27584450398238
2.9655902124895 -1.27680675405374
2.63046972548475 -1.26998652521574
-0.508770311411183 2.09788777036092
0.578847917355809 2.42733805622536
-0.807546044591832 2.2170258506467
0.35758901995387 12.3284005466849
-0.466192675248258 0.25676997247465
0.113967744126798 1.93461956691944
-0.117954541729697 12.9674165434175
-0.0590864493072374 1.09601545248645
-2.62615724204465 0.219140690507412
2.50911374756235 0.240413623367953
-2.8779340548035 0.159059473689946
0.988645227340959 1.95213589958295
-0.985750006272093 1.68068305723735
-0.746521197265318 1.89590264787275
2.55571212492563 -0.305269563250145
2.62065641134186 -0.0376265197610924
0.87412559303553 1.65156929799561
1.08702164063412 1.41187472000928
-1.28713169086147 1.79755739163847
-0.579307955102854 -1.18590416522927
1.66379333921671 -1.28923191020552
-1.5285644904349 1.58735251789788
1.29452816703728 1.1676532500146
-0.486655250261713 2.76214599975139
-0.35855622453546 -8.94463966480974
-0.684287781198527 -8.91244207385996
4.76114325979873 -1.51333396048005
0.0483819869362992 0.428207838225765
-0.688022850427771 1.57299742444858
-0.445402370650015 1.77539184976262
-0.322380967344432 0.045890010982194
-0.669538609317449 0.00595738316557967
-0.433200257250063 -0.24301525714649
-0.390803742090247 14.4731455410709
-0.693755208683062 14.5103306099441
2.71387272658643 -3.66644488790296
2.77250292640024 -1.53179944855456
-0.506336551653276 -0.502070169376128
0.19626481872129 1.07561904609087
0.458465844159063 2.127336602015
0.664419031839579 1.89074687636478
-0.152536142179116 0.211266818377905
-0.377264534245128 13.0396192704182
-0.672003028066195 13.1441730077788
-0.914661074692232 12.9318731477806
-0.62343610763269 12.827094325306
0.142637142199138 12.3032820289534
0.185706735230843 12.1379031153732
-0.0521938051742388 0.47497801704323
-0.151991348083476 0.175750044189847
-1.21051327073873 13.0354845835446
1.24706128960677 -3.03199255405447
-1.77561660470393 1.38315244243835
-1.71934231756251 1.06103484843381
-1.47497339957772 1.26861097066444
0.0515654903568931 2.58587234943978
0.254599089625479 2.35915546282777
-0.35100055634954 2.62774836751463
-0.282871143178369 0.857990724197744
0.0341619411946967 0.79532599079468
-0.45267383989793 13.2211499940233
-0.139060803197321 -1.04356444738275
-0.506710589747381 12.2160919095724
-0.154575101961227 12.2218476165249
-0.395173281357357 1.46144622483838
-0.633604947128276 1.25808568313737
-0.343831737777127 1.15317684224591
1.3518515999611 -2.7352980094594
1.82561336465968 0.978072335192712
-0.145729793901462 2.82590550711588
2.92114612141451 -0.842792869775263
4.44089209850063e-16 12
0.645917771441585 1.05414369456739
0.3170570873489 1.00256759600973
0.531083196566827 0.755714359985158
-0.0550398494378263 2.5202314540765
-0.584283399226847 12.5083704311559
-0.585435700905494 0.946662424417037
-0.482012805751852 13.6606153699488
-0.248407868913996 13.861378586071
-0.145773054617763 2.80344480790515
-0.212327542081106 1.18358457087105
0.110520371716732 1.24336232544385
-0.0757056536689743 1.48084620374643
0.612811462897194 12.8661427869346
1.14120493055503 -2.49372996665644
-0.14563376717366 -9.19656992408878
-0.41414185251127 14.9582533436509
-0.146856597875951 14.8424182128068
0.716868812137513 13.1577417550161
0 -9
0.267118799599913 12.60260274287
0.436902490457846 1.29630446467048
0.229601568524263 1.53918593653382
-0.404681225891169 1.44578519833392
0.205966693980854 0.701453901292376
-0.429381147455166 13.3520898205064
-0.717360728207773 1.27467950287331
-0.707181244647944 1.59500892514818
-0.731685104599926 -2.90132610665467
1.6665148154349 -2.68094766324487
-1.02237872105398 13.5608817509514
0.269361378676219 14.4209113201922
0.144377671443056 14.713921457792
-0.0721597952818973 14.5266844017317
-0.881249050028945 1.05206315756506
0.398496487841654 -2.89433994008817
-0.732245337489208 2.57461305645008
4.57322613896928 -1.26340879623704
-2.26657132198698 0.962546757319618
-2.21103124244001 0.638049939740178
-1.96640735813848 0.850466201740834
-0.838019509217457 0.743548456551464
-0.541979341559398 13.9699730029985
-0.781138636600263 13.7664988216931
3.40544424832771 -1.49266633735803
-0.317529589865826 14.1678469845365
2.82422528358095 -2.75200669438152
2.22660359623433 -1.1965182706446
2.11292558529386 -1.494444589366
2.43449097309204 -1.44006769845733
0.934164692904483 -1.41790541698712
0.825485908343172 -1.71523347051962
1.14730526896741 -1.6598070295161
-0.493837079348104 -1.76690620604009
-0.0157882936968668 1.26419208215029
-1.91231384143827 0.52718200721306
-0.675832928113875 2.2414597593179
-0.706871172083228 1.90626506917009
-0.4454594199293 1.77168812642767
-0.724718431594053 13.4569892761528
2.32123078578439 -1.73720959676051
0.294744011101883 12.8143181491521
0.186921943750427 12.5546570576464
1.56808680620321 -2.14363455144183
1.24933842132487 -2.19819790084425
1.45871688595044 -2.43952217697376
0.822891951092145 -2.54730474707179
2.07807198927529 -3.15962411646973
-1.12679733333157 0.842032103999112
-1.08126781017928 0.529113292927535
-0.123824334407677 12.5001240774858
-0.731182624031708 -1.94026088691747
-0.720187022814427 -1.62005092589236
2.20776727837839 -2.03447051676095
1.99955017381582 -1.79201338925247
1.88688857667167 -2.0886775717926
1.77565915335762 -2.38476785527734
-1.37068795071899 0.629481381210615
0.307924409795475 1.31840383329255
3.14606055616521 -2.69688327775557
1.87364751263574 -2.92118409568807
0.422757896149674 13.814907701888
0.364828462873978 14.1200126813295
0.121372735600815 13.9344890263262
1.50245471783558 0.922240541596065
-0.385537505105543 -2.41668567759138
1.71361824800793 0.677946169316854
-1.66708493372278 0.739289808086023
1.5795420067842 -1.30697495974203
1.25708130641641 -1.36240779142832
1.46868369176595 -1.60487509146733
-0.35984562992813 11.9775996179454
1.90210013276833 -1.25141650167891
2.01503806636919 -0.952738597823637
-0.0259860115606569 12.7656684653419
-0.0624010463815291 2.30098321459159
0.628956867830138 0.212269550922084
0.742016696724518 0.5120394853564
0.417044379888447 0.456745769884021
-0.142093676069348 -2.2024232954171
-0.439148981242536 -2.0926551965461
-0.931576233106579 1.36471777974112
1.03934857418232 -1.95657609466084
0.303379194403049 0.157000567170983
1.67883250383224 -1.84689707148657
1.35881849084003 -1.90187394201794
-1.42173015171113 0.949275118039327
1.78996731252605 -1.54956735274298
-0.00566202866021589 0.945547183485856
1.9819747211174 -2.62493175082019
0.856157395343553 0.811039733541925
2.75436474703151 -1.38737390800072
2.54949076151344 -1.14306303705732
1.27802302067527 0.323079938407619
1.39017701524184 0.622486308427686
1.06671610167078 0.567208700631654
1.69120738344394 -1.00825669351089
1.36788445300565 -1.06371848334581
0.0783370950804088 13.0535822965655
-0.111935014581338 0.643387403937065
-0.733992963713542 0.781482804943128
-0.718038305403985 -1.2993453566428
-0.445747542984066 -1.46105966320826
0.869235566588371 -1.58064749649416
1.02137795598069 -1.28718936382186
0.0908851782039986 0.401979040388683
0.611197181395181 -1.4728475530348
0.154335634103344 -2.31342445306048
2.26685672556957 -3.39037889505721
1.59104429323921 -0.465136792576071
1.26651646785828 -0.520686900248988
1.47914077893281 -0.764741418474861
3.13438138301105 -0.0235604960962233
1.17965719017422 0.866685382631446
1.80318675683697 -0.709307785492369
2.18787010453775 -2.86364243100833
1.15545681535454 -0.820357439634447
2.28746089949289 -1.31262101568555
1.9666290692494 -1.27758751991179
0.139890074528365 2.06833438897375
-0.726889644458096 -0.345030392301925
2.86194324974307 -1.09781481486815
2.3396231317286 -0.89743148091716
0.841224673883062 -0.0321972475055688
0.72872920368711 -0.332446465891411
1.05381766637228 -0.276586509635278
-0.213412968617674 0.338473738523379
0.953542152649009 0.26770406734717
2.6519046882111 -0.851957876022277
2.02709618960745 -0.109975522629742
2.34919547042785 -0.0599522224352768
2.14618579732339 0.188058923259502
-0.0223932005151822 0.101179012148257
0.404983184336809 -0.387876590166967
0.61860600916474 -0.631971477680553
2.09322288458157 -2.32971521360116
1.0447348860696 -1.11938713992095
1.70301059603632 -0.165197322072428
1.37853215560309 -0.220956326990112
2.50445330710302 -2.806951964907
0.516194370498879 -0.0877278024692025
1.91511772489 -0.409580017617359
-2.51074474077936 0.749364473097619
1.92616492958713 0.433957415236362
2.1274535753862 -0.653437209451771
1.16600766696267 0.0233767267621733
2.4507493702519 -0.598993761392255
2.23828679495911 -0.3551696109023
0.942810800497838 -0.57667050377904
-2.44220782721162 0.426851048222403
1.49043363068574 0.0789081598264364
0.72140376047252 -1.17497491442128
0.101979545595754 -1.99083213758575
2.33095234538386 -1.91643821265354
-0.196346273329386 -1.87695802858172
0.0768038756357837 -2.118144237848
0.29069687322805 -2.35884061191178
0.398453294719697 -2.06471056095121
2.37749861497388 -3.09885139718895
0.288728660877203 -1.5278312183924
0.397376563771659 -1.23046295481611
0.0822897191519941 -1.27873282470685
0.930687277034357 -2.25230313357051
1.60224332809032 0.378510017930323
0.504178288212591 -2.60026670423748
0.190935914235502 -0.143322213199076
-0.129487653320919 -0.195411489938424
0.183724785850337 -0.987075505011758
-0.0306187609380114 -0.743575835110718
1.81472480518681 0.134548129404482
0.508640820318653 -0.931427121605638
0.294401445285949 -0.687521078799252
0.0809828196781845 -0.443017634280164
0.969808006199271 1.10990670349125
2.61658439143285 -2.51243128839551
2.9369299081291 -2.45599270079059
2.72919365511569 -2.21634867861776
0.551297666707196 1.59260772085108
0.345107938258525 1.83213338134957
0.759722940098718 1.35168384159743
3.15902237482118 -1.95015266014154
2.83947441503197 -1.91672777075036
0.83208005185465 -0.875911630146518
0.183696540453378 -2.65368775888609
-0.0319365740214248 -2.41365145628692
3.16243987220471 -1.86074530263074
0.611192576435473 -2.30597276839794
-1.17638190291512 1.15776871762707
0.18289216904696 -1.82248703435025
-0.00869891827625496 -1.5728512588249
-0.253703610252261 2.52727384261511
-0.230913597707739 13.0009897745885
3.64740266029157 -1.53971777474053
2.29791713741092 -2.56861459289306
-0.191407525781681 1.98055158659197
-1.22822663023491 1.47312916757769
2.62556093284505 -2.04124271523056
4.5251244544996 -1.7463827906221
0.422122711410466 13.2116272194133
0.441975815910439 13.5134627350992
-0.244291862452872 -0.500407941296704
-0.483690695590301 1.11460798703832
-0.139577517461221 13.3009225338604
3.400636884718 -1.74191691473353
0.718881416178954 -2.01102432475074
0.504846366000005 -1.767947767718
2.63517691919307 -1.68195878860493
-0.747862644347143 2.82876613832433
4.82839572379397 -1.25228567426738
2.41072647239432 -2.27418181144933
2.52376803549949 -1.97683334868561
2.55709295336681 -1.73707722889447
-0.25128738284574 0.608642097101716
-0.688845368669889 11.9602734720164
0.0489018391417849 14.2301340816639
0.042806953949716 1.76689615444138
-0.37486895220897 2.25146364029532
-0.0491538929545584 13.7556629361488
2.28791015165444 -1.63177623514946
-0.769779252275036 0.191578578494154
-0.760497955055505 12.2058553896124
4.45761635850749 -1.50039903879665
3.5734391124414 -1.26201884609004
-0.196985951204958 1.69716694683158
-0.496885754393199 2.46197744177623
-0.462180661162382 2.01354708045249
-0.504290474315015 12.9402240732053
0.07195723991712 12.3528121232562
-0.203073103365959 -1.33972728460772
-0.260553966013247 -1.62347524707125
2.06120391892624 -1.5181087148149
-0.163861648828805 14.3196725151679
2.48395604649499 -1.4923051683796
-0.1004852967674 14.0449270420149
-2.52346719456954 -8.81105457253903
-2.73037397967665 14.8611497082574
-2.41181502660881 14.8061801092467
0.116084642745849 -8.57461955750303
-0.102277562086708 -8.79080317148968
0.201313586582458 -8.97758779481516
5.24537712886313 14.5244803889643
5.36348587603834 15.3596950803945
4.66836314884149 15.0269161759546
-3.47534040015108 12.2208022780173
-3.84744287272157 12.4014892917575
-3.6798632953714 11.8490761774245
2.46279401932212 9.89018895002886
2.7886850846954 10.5367869531863
2.08164091460898 10.3058412136868
-3.25883162070571 14.2481110923848
-2.94878510021342 14.4674881599823
-3.42318715974472 14.6415257970758
-3.53782358655605 8.76047590458425
-3.86458845281401 8.24842239790533
-2.9363247713359 8.34000438122292
2.22551627672463 13.0455843272262
1.9594325327086 12.7361624170314
2.30406489031152 12.5418570916503
-3.51344685624312 -8.02014508158388
-3.34092779885352 15.5714575864669
-2.98384118312538 -8.06862740967941
-7.11153480498288 16.5995445736696
-7.55173691562902 -6.78317780568601
-7.98801656612446 16.3949002912406
-7.90474169835715 14.6321263091545
-7.46308448366897 13.8323843233732
-7.08763500972346 14.3087245765462
0.851587248394404 11.9776783508947
1.0692221178442 12.308805909437
0.741875186409374 12.3454308185633
-5.24072674003172 -7.59390336688236
-4.77466285242588 -7.14918401777389
-5.36871853540392 -6.812947572718
-0.574509719931631 11.4341208214029
-0.826898299060058 11.7150065420671
-1.05197248369498 11.4213262899207
-0.171198823081403 10.7285775894584
-0.31361034395445 11.1307397144312
-0.644500498190121 10.7737368213263
-7.92783934253225 9.87461350940448
-7.1784383682267 9.92102897215546
-7.52994014257667 10.7212054636416
0.411703355568319 15.2173389663962
-1.06701277325191 -5.9884190850158
-1.70715866395337 -5.58112992048961
-1.64822352876694 -6.14813179420408
-2.83324141244095 -8.48368944848074
2.39970508556655 -5.1209498249097
1.5068619819459 -5.04816704865588
1.86344462870163 -5.65367056715984
-7.08480252753647 9.17090752949141
-6.36066848133213 -7.41194607794006
-6.53187099638509 -8.13819948601455
-4.16661458506938 12.0830157879505
-7.89212226192261 9.05702822008578
3.14064719746964 -5.58701373044155
3.84019258294971 -5.76124713362833
3.88714199507469 -5.14522149047739
2.60654435722116 12.9477374386542
-5.49200889868037 9.15515708928434
-4.93991786669851 9.4436512972945
-5.31530531035276 9.84951250747982
-0.993664334883318 -5.44164018667445
5.96484228109654 14.9538238678774
0.196566240071147 8.38115441140478
-0.50677895221969 8.44827021740508
-7.27908875976565 14.8636509156968
-5.95401870899627 9.65157377986872
5.31915892412681 13.7319423196986
4.8211952719575 13.9345604299772
4.76805516429082 13.2718681393188
-2.86358066413093 15.1626423591257
5.37916891232395 12.3891536896641
4.78260099033439 12.2038249615607
5.30593650564253 11.6562831220721
0.491289970723716 11.8156496264916
0.448454491941728 11.4756406576959
0.811993241243399 11.5257165722325
0.37331311513735 9.03871616406606
-0.202937641905215 8.98212166527955
-8.24455174327096 10.6234229145589
-3.11327146126618 14.8701354957459
3.14596686732736 -4.96128182775076
2.32721837489377 10.7679205362966
0.674547789871992 -8.10498823654459
1.20961845864847 -8.17542840702603
0.891699354316525 -7.66309049500201
-5.77128280001967 -7.3163537103435
-0.795380246588488 11.1246090967557
-4.20152829773907 15.1640885196711
-3.56363705060173 15.1033773470247
-3.85923800319688 15.5489608132782
0.886563059406309 -8.49324362846772
1.31810727084889 13.7025755882907
1.16772234069055 14.1648770774835
0.980755904209283 13.8484393612041
-7.62189533691433 15.4556611505179
-8.20528703323175 15.57945788021
0.102218449011843 11.3387521376529
0.0803239758153675 11.0018782844317
0.53079738547273 11.1320424875051
5.35819373177397 13.0731667219469
-0.888674461698756 8.08114675025024
1.64102520073486 11.9756654899111
1.31505191024414 11.5218215684179
1.8478939056857 11.576200884609
-7.3860077082366 -4.91621792367321
-7.45895789751741 -5.6087289049132
-6.89777784852723 -5.51725323111889
-6.64957143744159 -4.85999632933991
1.22755673658832 11.9554486414611
-8.00886908055441 13.9280442954669
-4.30686117181069 12.6796342511588
-3.13616882503459 -7.62594263286444
-7.20761888022966 15.9533883498658
-3.85569328238352 14.7346281522795
-3.12731492237062 11.1421689773317
-2.73247384757254 11.3145626832182
-2.97799912789556 11.5584657941428
-1.31027995349722 11.135820392781
-6.81603524676161 10.5852198730565
-0.122045861764006 11.804742398145
0.224798341539607 11.9978816162021
-3.85691023815508 12.8070988985954
-0.230255007593284 11.5103145300333
0.168160902266664 11.6767658640623
-3.57073654644643 13.1495073555638
-3.36774872010891 13.5316583176333
-3.77583034625694 13.5590493559698
6.0349462583798 12.0049669114075
-4.03262664901254 11.6321162122598
-3.12369002948193 12.2861825361822
-3.45432063299351 12.6259834363306
2.48744704461148 -7.52805979037433
2.99414853826026 -7.29603278833718
2.52724029245614 -6.80527473875423
1.52653996275549 14.1336529436036
-1.14049020627578 10.7809083792733
0.697698823209055 13.0079811200144
0.698906461974439 13.3574027265879
1.10723084192476 -8.87820937643581
1.43719392787702 14.8618463032501
1.51999688076454 -8.58052350130313
0.424473291277678 14.6952779952348
-2.66853502399769 14.1520883806276
-2.74151272276362 13.7995209413975
-1.12920953834189 -6.51645723208556
-2.46036897891933 12.3328239965957
-2.21692692956454 12.0566055068185
0.209970459776977 -8.12839769344838
-0.136000938360652 -7.75592048458649
-0.168837802808359 -8.19759593529273
-2.66748528075006 13.096512951218
-2.57148306860748 12.738082366853
-5.85304846694794 16.1366364926626
-1.78687742608485 -7.58863785985996
-1.86215120108751 -8.0820195104698
-1.55373192790008 -7.95758436465139
-3.23757768819071 13.2506965793118
-8.27537379343811 -6.75985698012106
-3.69494356864824 11.2780879907694
-3.32894139493171 11.5317473643492
5.15733774414558 -6.29582019536177
4.45872997343836 -5.85827153904967
4.54290932416997 17.3675286239022
-5.43005436909501 15.8562923328577
6.07436081959526 15.7671458276787
6.8005848379584 15.359472382142
2.1018132115889 -7.16356912044058
3.34936904563382 16.1143887883797
2.79640189584719 16.0183079335293
-1.64853499868194 10.8775524354356
-2.17783978785101 10.8810123023019
-1.94121799508994 10.4910032609102
-4.66799878540802 12.3056310049567
1.27975618058953 8.75699382546571
0.868648123705992 8.21040149225536
1.67064501627087 8.20162858619734
-2.95969090612945 13.2059041000232
-2.89368870231675 12.8368269053756
5.27463580883591 17.0246763954585
-1.5840057469077 -6.66125570326179
4.56945351942785 11.6640583312698
2.16955374999167 -6.12190721191301
1.89782641080269 -6.65799054996303
-3.14886399381319 15.223702031018
2.41146103015844 8.27671894705404
2.98359693145865 8.85223122634151
2.44136872113152 8.88463377917294
3.42409889928309 14.0376853223383
3.16361087792525 14.5645120733422
2.90161135627535 14.186815847956
-5.90629201412446 -4.87746577631104
-5.45571782855672 -5.52708953575111
-5.13445574628263 -4.87969091541273
-3.67058921640931 -7.51545467123192
0.556499883400358 12.0984465219037
0.410464362064703 12.355960131587
6.04541209949157 10.4813119109139
5.29101409535027 10.7850967216897
5.34355879927208 10.071953885154
2.57515764785432 11.1916767593798
3.08667727873174 11.0895778391396
-2.498835916815 12.0189327217283
-2.45672034427837 -8.44236697773175
-2.46907304425137 -8.0697121599265
3.16413473661089 8.23332680906542
-0.802116726950716 -6.91375050464728
-1.3493118398553 -7.09460480539824
-2.19097678271129 -7.84269261798978
4.58124926988543 14.3610654014349
4.6248839196056 -5.13471106047759
-6.1933322297976 -5.51140803394934
-2.20087613381927 15.063494934096
1.5902556039094 11.1469341726248
1.04677664740873 11.138168256483
1.33075391658327 10.7355282549287
0.0972421512091035 -5.76359318047215
0.689328401427051 -5.71284166137135
0.139790598829307 -5.09970131409563
0.37567161582683 -7.701497911567
-1.43504295059977 10.4458311499293
-2.96875872559318 14.1221515684931
-4.58566083943461 14.7058699975017
-4.78060793090855 15.2681720347914
1.89689253852324 8.7763575956671
0.774727714656163 8.71712315726425
4.77789596493712 10.140410615333
-0.435423244516188 10.3520760186709
-6.46144624581496 10.0729450695189
-2.13799611874455 8.26453101968246
-2.45763547899279 8.82895573096243
-1.92372940870291 11.2017393728544
-2.24862681302017 11.5111741636276
-2.3891284407018 11.2577735656402
-4.95105909644051 14.2836665108908
-4.435601909323 14.1452885596033
-1.90571017846642 -8.7506474802723
-1.54321499584313 -8.65901534907954
-1.89246315529321 -8.43934472594849
-4.21333830548029 14.7844310517932
-3.10843599954475 12.6185249076786
5.97175727652968 12.7470130594386
1.05660442283848 11.7387798216619
1.75431404635089 13.7468961135818
2.80982039096759 -6.18362212439676
6.65601615378526 14.6418397020297
5.90864848226013 14.1999072574125
1.42480331814328 -7.64139211499805
-0.442431910643881 -7.97399572181151
-0.57934989984197 -8.35544448019708
4.42996878747488 13.6355445099464
3.74497723009187 14.5325048125057
1.9413760705903 14.1576148685805
1.66546973379733 14.5694167658068
-7.69698969676841 12.7190915108033
-7.90421419795672 13.3550440676506
-8.54277700316506 12.6658767923535
-2.8878434323378 -5.06945156395764
-3.40011057915842 -5.5889246477344
-2.79190225213232 -5.73391725557372
0.857082402951225 -5.0989205462233
-3.81107040502581 -6.07113753698456
-3.11110529875477 -6.15501687931017
4.59037499423197 10.6466659794483
1.84581396694669 14.9866486719413
2.1438991124659 14.5752745083067
0.682661208716344 14.0262356895547
0.70616448721232 13.6870385797255
3.02824923932895 9.99683119106353
0.490863161330763 -8.49817729235439
0.880304204667536 14.3215189662643
1.09650231932654 14.6532683239941
2.34744198268512 15.0362209387472
-2.12360767256965 -4.92559338844737
0.87710343272909 14.9093403387499
-3.21921451789984 12.9357874149633
-6.85233853414509 11.9951741134549
-7.50943275041317 11.5673355913232
-6.9426373165562 11.2786226289627
-0.643838944327687 -4.93918630494597
-4.10731839154817 14.4133851701789
-2.65162960360108 10.9778715281116
-2.95391616087962 10.6127536516562
2.75266495691729 9.4021416661957
-1.18738221755914 11.7006339284578
1.18333217140271 -8.51946575089854
-3.68709424988006 -4.94343928658208
-1.97429051792757 11.8253532622084
-1.75171735383616 11.6624820588724
-1.48646822695713 11.76782075751
3.45690501145773 -6.26003649998662
-4.74601026138946 -5.52881426727178
-5.09393649269781 -6.15924619345878
-4.41828163686182 -6.20839387153629
-4.07153787772122 13.1872766936351
6.65249064360084 12.3753259857683
3.32394896390782 9.44346460639671
5.3046884958422 16.1646582198826
-3.51811618402162 13.9267337338771
-3.0951042275019 13.8509304729799
3.27410544712862 13.4831605157955
2.76638307629604 13.3752931879912
3.03129657809269 13.0349019334162
-1.42241934687886 11.4581846134427
-8.06697113829345 12.0908490267652
0.814984320522611 10.7333278043934
0.32677992817378 10.6968678121984
-0.212523186740459 -8.5219752242169
6.57663689743717 13.890886450372
3.07749438228901 12.0894659619455
2.80488924575572 12.5183971771162
2.5552898420875 12.022949810754
-1.4359852883302 8.19589985006571
-1.76970385888807 8.85684956739234
-4.25457776798728 13.6428491234009
-4.56111271252555 13.250440538339
-4.85515911142066 -6.64047394676307
-4.38166950677983 -6.79187579122632
-1.89236897417731 -7.00740433512045
1.19485249863928 13.2497079018664
1.57807178363594 13.3464349556536
-0.934785653611766 10.3961141235317
-8.53696280425148 15.1792974697844
-1.96898427735298 11.5543644491062
-1.35115101059702 -8.30135219803611
-1.17760042638151 -8.62040980839792
-8.1851675230539 11.3278681452559
4.04354083933193 14.1287430242108
-4.40218620370453 15.6954803868492
-4.03688433153707 -7.90817543804976
6.09010161405555 11.255632325546
0.523137293810807 -9.04066914645979
0.938815608517032 13.2191155511516
-2.62422419262017 -7.69398187307957
-5.1913681524874 8.4006806250587
-5.918440334368 8.44980252206532
2.36898738749337 13.3926469929263
-6.26389112808296 9.03549625699083
-6.66397333560091 8.44374292932697
-2.26961906234988 -7.3753944679818
-2.44614728951423 10.5477270954411
-0.45148683077097 -7.27183225431899
0.0610636778233161 -7.28282055399703
0.571779846328069 -7.23794369736551
3.57658039557571 13.0832104832083
1.73937281948696 -8.08181875682366
2.04244411138608 -8.5148241279419
-7.9386511240654 -5.33728308167729
-0.449769731132777 -5.90245097358522
-0.290877743307329 -5.41297110028432
-4.41430914178994 -4.91091185089742
-4.06924887139905 -5.52804774907972
-3.95707537719972 13.996426832124
5.93458532893139 13.4870130180985
-4.46166257870564 11.7709484360325
0.946632323449859 9.2681088149869
0.487714274308803 9.4987823396517
0.565830463748873 14.3786308128344
1.00144950088868 13.5178499134419
-4.883734594639 12.8284012628888
-5.09301179473327 13.3436962647489
3.32501803945852 12.5789655852774
-0.774281896098527 -8.01306347617664
-3.47358359119198 10.6890714700328
-2.7741603717348 -7.2452168010903
-4.7621922660876 13.7539136507889
-7.19291205882681 -6.19589379994969
-7.96061472842953 -6.08244732401051
12 11
6.0264375446323 16.5712719126798
7 11
-3.29955988122183 -7.11117539347449
-1.39113721148982 -4.99062333397983
-3.68772937598807 14.3312826764558
0.705432931520909 15.1756534648848
0.0572875583875868 10.3265529524557
3.87707076568816 8.17486248043009
-7.3977177718711 8.51630680449356
-7.44314925940971 12.1990437002357
-6.45916975272124 11.6122353570157
4.83607408795691 15.6386216587913
-5.76671965769386 -6.15679171772816
0.55340604481469 10.317777694987
-1.31321964911648 -7.57365191911499
-4.47398361347487 8.30301224163832
-4.16690013987964 8.84057824456589
-4.89905703380386 8.959535066967
1.1019198332105 -7.19339632414657
5.31422761691971 8.2098228556316
5.74923776872842 8.84572970524831
4.98518256311842 8.85252241986752
4.25681735017937 8.85486978475464
4.61204227994697 8.19665947498531
2.94649854899124 13.7859208548641
-6.09031294257748 -6.74438463143198
1.3726494636887 14.449126225892
0.560427922003516 12.6236457101041
6.57618280830804 13.1284755428918
3.5613116383677 8.86296023798376
6.80137978279043 11.6546978122642
5.75625113095354 -5.77053922384517
4.97822917045943 -5.60107939000006
5.91445825755475 9.65543726479573
2.0866684153615 11.9926971312959
1.83801720436416 12.3452353739268
5.88517744783088 -6.595187676168
-0.269363258682505 -6.86728509128812
-0.948680280925546 -7.32777850786818
-8.45322120961973 13.493696144331
-8.45163717050249 14.3345967047512
-4.58694975227784 -7.7669001420768
1.06067148331307 10.2995342299646
-4.00967439331221 10.7617723431522
4.66065128304412 9.57572825605608
-9 11
-8.71838451090963 11.8544316214585
-8.71396903668932 16.0377224420259
-15 11
-0.46618016055875 11.7259067144548
5.3195487148136 9.44655279191849
-5.14876314453937 14.8335994212698
-0.985506003893492 -8.31868357626046
-5.86919375132159 15.5393635002456
2.82630758959364 11.6093126795575
3.36709613559698 11.608104503567
3.70624515904859 15.5862787474769
3.11778467333612 15.5332511432443
-1.62171631798373 -8.32456102996774
-4.95703404076895 15.8082952268065
-4.21375342108355 -7.36409138769787
3.82916641696458 13.5874535902256
-4.22920390006952 11.2601593788578
-4.77847259562382 11.3551354693654
0.916325224523692 14.0891950458279
-0.817925312355934 -8.64166559866799
3.1908225317719 -6.75499440654456
-0.462192063299531 -8.70190691509444
12.349331393782 10.0395421689791
6.6519675644134 10.0559688924518
-6.48438513476168 -6.15914937655809
1.43896147838732 12.3317530488235
-1.72741951498394 11.3983376329885
-0.707054544515341 9.95552710110723
-2.72911809399834 12.1938131054591
-2.7967649646557 12.5015938757884
-1.21080345563043 10.0028350564657
-2.56295696994852 14.4936917590744
-5.74013482043374 11.0382912715041
-5.33660456447494 11.4449379890398
-5.94366760299974 11.5603589281115
-1.71522726100728 10.0478679938424
-6.80069111916683 -6.7860114947493
2.26566541203509 -8.04555882241304
-4.99421730006684 11.8703949370851
-7.24457421524797 13.216812987055
3.95604688011919 10.5797802112193
3.34580368040649 10.5682855660826
3.60974610576669 10.0147227560605
-4.43949939238046 9.38229815973807
5.30638812695287 -5.05414543431997
3.96972238674496 16.1341808410538
2.57263413836725 15.5057473384776
-2.21745787238027 10.0958800323846
6.42726224686136 9.21333314539913
-14.3625084341981 -1.25479571261269
-8.5548768515056 -5.64245769926553
-8.54668030650608 9.48199787681548
-8.73211004546966 10.2450276873722
12.1909260917017 -1.57320407847857
-6.38303604239918 11.1483642223205
3.83313541373219 -6.76550937912313
3.58392982476195 16.6911217030248
-5.2073961951865 12.3909768313418
4.2251628563714 -7.29072507119431
-5.42564924795988 12.9171012606089
3.439865859998 15.0683465184456
4.60526045214786 16.1593727766771
3.65778264834995 11.1092900264647
-2.36272426443917 -5.44377078633949
-3.47186531272701 -6.56861140551805
-2.84793124867195 11.9080694471116
-3.23847464045514 11.8788458417186
-2.70219405169332 13.43764235
3.91055391250122 9.42582408582698
-2.19231512421178 -8.60399553089132
4.2499444312592 10.0449410696197
-6.63081704005236 9.55420733166138
3.88999438437306 12.6103749247698
3.63234847673885 12.1095762326893
-2.72517825650222 10.1515804601152
2.53342890577741 -5.6976079438235
0.971180894126387 -6.19481232003343
0.77137942911267 -6.76286643864608
1.32133373478779 -6.67372804365075
1.95384201965289 -7.60481127877386
-3.84048458087635 -6.98904166929842
1.83753010080758 10.7382669842272
4.02028397240689 15.0604253703428
2.09112733238507 11.1683496170706
-3.01807470598645 13.5000126634584
-8.4305481885296 -4.88063830856704
6.29485605255905 8.36836053219307
6.29340830762946 -5.34164744194623
-8.4264613688572 8.70050695153063
4.15888661053592 13.1199890773415
-6.31366211218886 15.1354298098814
-3.23970546176962 10.2029581242124
1.79912067014758 13.0298209687522
1.41325142900743 12.9920735979511
2.15672314205794 9.335710785518
1.8576620290648 9.83354223942813
1.64210971601772 -7.14673167895694
-2.41501344514144 -6.8659495305925
-0.616852629566595 -7.65563163627222
-6.0849028547815 14.5543527609166
-6.68945084486221 14.6871129785741
-6.94103623305434 15.3210135543864
-4.55250415534263 10.8401873384745
1.57800878957248 10.2936440940466
-5.29680005280153 13.8665992684444
-5.3237559456022 15.3863999235828
-1.61170414276033 11.1998566744398
-2.2330615553 9.26718541946575
-3.77591459210361 10.2624236222746
1.559757336278 -6.1301857604887
-0.615884607168201 -6.42019240507183
4.80918292405021 11.1640456558598
-2.04408806217967 -6.46380235403461
4.33090682089354 15.5881704415408
0.748027093400781 14.645863106115
1.98605032708549 13.3956542594654
-5.50417069946979 14.4100039132589
-7.00756693194025 12.6474401394139
-6.38705905074612 12.596190823535
-3.83032097279168 9.28742890785927
-3.25891541868567 9.28756507352016
-3.5293071500315 9.7534499529801
-6.13124064152756 10.5961566260323
-5.12380278728328 10.9180569302896
-5.47614097686105 10.4887619609864
1.30690472310915 9.8324024005562
1.57022108803453 9.33946336144224
0.252596417557411 -6.80601009769158
2.17590710265336 13.7680989819604
-2.96869286149629 8.85519881115176
3.95141479756233 11.6381396159728
-5.71033198428859 14.9598536551862
-0.201169376284999 9.92157594329967
4.2002449231321 14.6274492511267
2.62786693754573 14.605512041668
2.39390772890105 14.1823983667516
-5.64370285148776 13.4517149544047
1.20834960279709 -5.61927254550545
-0.0710745165646729 -6.35595737582679
4.27237540320538 11.1402839056537
-2.56025950775354 11.6381716871399
2.87026987283127 15.0604476171266
-5.85504723314486 13.9839289322123
-6.00529959837199 13.0247651066069
-5.77213092524842 12.5012854305497
-4.89137596249564 10.3757307906705
-6.61263768599812 13.1266532093847
-0.474661316491609 9.48790768525948
-0.776949998068404 9.07867758108865
2.32898428138733 11.5956761108273
1.24192267507373 12.6672572610284
1.6223346216293 12.6782580286633
-0.969712617606084 -7.67314903912119
-4.09659784590639 9.80530813567226
-5.5523507868541 11.9795383141597
0.784267699804116 9.85304697217041
-6.44360646133137 14.0772212731931
4.79245422316529 16.6923620313646
-4.01403966411622 -6.51131019925706
-4.32797179995408 10.3191175476076
4.46625912351998 12.6561049623917
0.886723312513386 12.6721754719005
1.03458575545933 12.9632750572131
-2.20713073878464 -5.93977827883325
-2.59000615801593 -6.31490076099199
-2.24790820503758 11.7740590904515
0.0573387944060913 9.46927186616833
-1.99353917646766 9.66672630357396
-0.988002049847845 9.552169669582
-2.9347468551553 -6.71379744387477
-5.83091304651813 10.1318295829242
-1.14053729130842 8.6673543521949
-7.94235946050026 -4.68053683099807
5.82003641342028 8.12057680796555
5.82303699950281 -5.06975242782245
-7.93385147826477 8.44353294894032
-3.00600089864779 9.73843825286248
4.20889449734043 12.1459931941146
0.453428575249914 -6.25235383109967
-1.16045304852576 -7.97598882529906
-6.14247167578498 12.0485562714051
-1.74991679216162 9.28516619629636
-1.48652642868342 9.62201840068257
-2.49759788732368 9.71283773988247
0.292643648869755 9.88431173921012
4.07060445122195 -6.25605864256916
2.56853804812561 13.8160194041337
-4.65942617537382 9.86161562885945
-6.21931796840315 13.5488874513928
-1.30549252525657 9.17373876158391
4.97241168237396 12.7388802684246
-2.18339590809487 -8.23777455100108
-6.82847184378404 13.6725612021895
-2.7453349434411 9.25655622120145
-9.09246797242757 1.22316826258106
-9.06538662379376 1.97092166447498
-9.79859126135525 1.68734286027484
-9.54853299555449 2.54519119640105
-9.93983951685984 3.24077290126172
-9.2140776399234 3.25523277339668
-9.18735900507206 6.34439038780182
-9.48240342599173 7.0467481282528
-9.99981241450508 6.34631250983217
-10.1850130838731 7.21103436534897
-14.4725260239583 8.52280174355604
-8.87615494346906 -4.46462138560481
-8.99546946550904 -3.74556677428192
-8.94126485491612 2.65069797505072
-14.3186631978618 7.73327028925042
-9.51527139842481 8.36667108619878
-9.59250439436674 9.21958367193548
-10.2376588924134 8.73383461647785
-9.08917014399386 -3.10911455848242
-10.937379044249 -0.287363087360312
-13.750610408174 8.9933885607388
-13.3850192591908 -0.431478795766527
-11.6761322086406 10.2607570920861
-9.08891562565682 13.2254522464549
-11.9652706338976 10.9729239563644
-11.000476268396 10.3901546318383
-9.00248552308645 8.96023139834891
-9.04209898518985 -5.08031126217458
-9.63625322393496 0.858709177894079
-9.03885856567828 7.61948765532275
-8.8738228422567 8.31101642953771
-9.64951638716834 7.70755684720043
-10.2336973470764 9.5316573240458
-12.4960161292974 10.4887899693071
-10.0122746107532 5.46848799179058
-11.3844554946971 0.325686869539734
-12.9945839414125 7.8072715426323
-13.6875342517124 8.17664029926787
-13.0345695859488 8.59542136738938
-13.0882865281202 9.37651261627788
-13.8444734476811 9.7714932339748
-10.9680257515582 9.79302203985005
-11.656341539233 9.40638929336861
-10.9285278364278 9.06245782656136
-11.6246279352353 8.63965382902255
-12.3507335572378 9.00227106377586
-12.2820245711415 7.44182662707457
-12.9761733680368 7.02081953646792
-12.3132542762914 8.22431175770594
-10.8263710172113 6.71002163287036
-10.8814429720479 7.49377171485313
-11.5574076667111 7.07632036914181
-11.5942797889903 7.85717682844561
-10.2370609236883 7.93812159928199
-10.9118712164447 8.27443706208452
-12.2549589809066 6.66456524920385
-11.5328327262906 6.3299951448395
-10.4742619024303 10.8458996376742
-9.51458560001827 10.0912398121731
-10.422782398571 -0.817423464433423
-9.51817121490079 -0.0126939849241168
-13.969268164394 10.5346197484802
-10.6817309527851 0.377485699038372
-10.2998223768603 1.04005185120518
-12.3960611908933 9.76115164991831
-13.1565252181662 10.1371915913327
-9.1168480352286 0.515475925124713
-10.0946330063188 0.40345694543321
-10.2409421099254 -0.170852155509764
-9.1739640522849 15.2451344413989
-9.39390835541571 5.76177589361854
-9.80773155017386 -0.6667986420562
-10.2844840294327 10.2086927284902
-14.1611354967045 -0.590159246268389
-8.94013958996507 14.6443992792525
-8.92258064321022 6.89951198096038
-9.79964887852453 10.7105730447518
-9.0529435321222 9.62177799889717
-13.7257703790932 -0.93399682348804
7.25485849436751 14.1423740880694
7.23429232585344 13.4765518777078
9.74338241969845 9.9635355313
7.76490272070162 12.9841384868416
8.19845128879532 12.3908477139763
7.38513060950191 12.3565265491448
7.01465760504115 9.29474538833302
7.26301038524795 8.51187065528128
7.7354374606008 9.33158691422437
7.88965425662139 8.35152313233158
9.9707327927648 -0.700185010330846
6.70445589891763 -4.06136132435681
10.848063785914 -1.1837673373613
7.09710099169462 12.8688770875084
10.8452757121708 -0.558110173089341
7.29345020806855 7.04233689259757
7.38276443697196 6.09451849127605
7.94936545965546 6.64730218581935
12.086397464419 8.54724971448178
11.5143256854236 8.73126708225435
9.41785747715821 -0.0522275260627509
7.3488923673512 -2.99606654958494
7.97313922913676 1.75192167911052
7.2544023220802 2.13990879671427
7.19553853682732 1.48045246096376
7.81833606217341 2.344562214102
6.83694299090617 6.37803788799695
6.86542756275677 -3.37005328907997
10.4702155990878 10.1587009287876
6.8542422136881 7.85445736790053
6.70543573960622 7.0891572396301
7.4099270691629 7.77840333870296
7.96475512129162 5.75422243269987
7.72596714022927 1.02623016575969
7.75613168517412 10.3526993633413
10.9746519955596 8.22113707259482
10.3765931588552 7.73471827886476
10.9956278813216 7.33522626135379
9.85144500027719 0.580757238184777
8.97264254275768 0.528984847322537
8.53179320756539 -0.127697799723842
8.47886280021701 2.38277201682424
9.21592106214959 5.92176739385648
8.56859892032865 6.2930869039354
9.17674504400468 6.77827595005272
9.38375388054283 1.17910171910367
9.74217621809088 8.13110244770364
10.3489644124501 8.61438784587375
9.77914801006597 7.25513260368029
8.45462329500557 8.93056973881346
8.50713477267747 8.04872305488219
9.09926746481083 8.52888245240349
9.14030564073348 7.65404585977539
7.93813545347709 7.53644757832989
8.54175133828416 7.17412976608734
9.70742316368067 8.99996916342234
8.63498410182902 13.0684858330423
7.30235973119723 2.80265130576856
7.35289358685921 5.10669481176575
11.9762678434522 9.31025456876156
11.2224314676648 10.3241306085535
7.64367316857882 -0.227479184539478
10.91389903709 9.00634439217839
10.3216399956708 9.41882019809857
8.53469859194785 1.12927204963874
8.11375055413236 0.46249233098764
7.26067704661232 14.7682578933489
10.8763660661595 9.66309256252731
11.3857003112388 9.51246729976328
7.34211879084289 0.363680419706799
7.23289751019377 10.0039551813403
11.8001593430903 10.0158340948068
7.99645420278043 2.97201679547249
7.24285111039948 -2.09176070062617
7.0982875000546 0.874766670811778
6.75515566393694 8.64552406428025
7.62506182334145 4.41058178530466
6.90815055220616 5.64467224803635
6.9081277162968 -2.63815777523046
0.227584620816121 -0.00214497315295695
0.507632522801401 -0.216192150058542
2.35503918431655 -1.30528174036879
3.35556485705358 -2.58648838328636
1.36506432221969 -0.450729282098929
3.57131531759534 -3.1715775994336
1.59496196217386 -0.86455746136809
0.142803191958781 0.302788090443611
5.31329532624752 -3.78915327207681
1.06457481711112 -0.796107460245797
1.05115117479959 -0.418171741010591
4.27176309635231 -3.20269945840706
5.63095838551659 -4.48200914761391
2.09756163560655 -0.855505542086865
3.0115920687878 -2.02867325672559
4.61214570760827 -3.81134257074437
0.741494509731266 -0.494751612985011
0.84579306210242 -0.155801394594519
2.83561411817001 -1.37727088519383
-1.22476448879498 -0.368847613269321
-1.2177471597843 -0.696524492097279
-1.42001909260014 12.6168102321201
-1.25024550210942 13.1458590094538
-3.47264921873448 -3.3110205581468
-1.18668926914253 12.8188729720616
-2.81887297206159 -3.18668926914253
3.52610473920105 1.24378058750921
-1.66342951199633 14.6726187621181
4.85574070023426 0.145890765628909
-2.48705389161042 12.8813805448439
-1.36752882377779 13.7888925312281
-2.40926438652329 12.3595792787885
-3.63655717143612 -2.22462180958484
-3.90429166870182 -3.65770125175696
-3.98547357734223 -3.12147192736463
-2.2038484758827 12.1540546502186
4.417874279265 0.90115787972157
-4.19750462018198 -3.72043905666736
4.72043905666736 0.802495379818016
5.06466745675566 -0.363348637086974
4.8128186504994 -0.501291098862115
-1.83323463349865 2.79903720989854
-1.00718548026395 12.9414523140812
-1.29824780718624 13.1120537397303
-1.00696963996237 0.940879508421544
-3.28608943860554 -1.32154791437321
-3.51772981645994 -1.92180072440324
-2.16111709211043 12.9436665839028
-0.958823137384006 2.93991451114214
-3.05605394184127 -0.720997323773291
-2.94243342957251 -0.420450763613262
-1.83485536324606 14.8083128117506
0.821004519885769 2.28390265438655
-3.17103398457845 -1.02139774921274
-2.27597677496841 1.36716664088525
2.62145793118746 1.5983764021791
-1.86785717277863 0.215567759560339
-2.60349340359093 0.477633101067373
-0.663830445445565 2.83305686869327
-2.82920619771995 -0.120688794552764
-0.0715856943873739 2.61400916662285
-1.82265435286469 13.0345981022569
-1.95538688100223 2.2495461497656
4.80831281175055 -0.165144636753943
-3.87296372435228 -2.82554895895155
-1.50460830794591 -0.239480117745254
0.226338747917793 2.50523695757627
-1.63665136291303 -8.93533254324434
-1.85928279075604 2.51856186786811
-1.31009739333112 -8.90540377119386
-1.22845191293393 -9.14941245318417
-1.33032451367427 -3.21801458790691
-1.54722903380308 -2.99544438063495
4.75366502189869 0.558627899446689
4.74652362695859 -1.00447656469898
3.941333772902 -1.63177391410859
0.263127528070569 0.642291956967267
3.38018429649712 -3.24403665572797
3.11889615802083 -0.359129042555128
3.14806184789506 -0.68736276534566
-0.863388127306278 -1.29934753069957
-0.343426175599884 1.20943446820439
-0.572661943774635 2.42115208264419
0.392782592304968 -2.1019715619905
0.626157242044656 -2.21914069050741
-2.75958637663204 0.490886252437648
-0.978455403851282 0.188373400707769
2.84094052631006 0.122065945196497
1.41264748210212 1.4714355095651
-1.04786410041705 2.01135477265904
1.20244260836154 1.71286830913853
0.364730791708045 0.344456238218902
-0.608956174168629 14.7418727461972
-0.333555112097041 14.7138727265864
-0.151991348083476 0.175750044189847
-0.968007445945525 13.2470612896068
0.175750044189847 0.151991348083476
0.782974149353306 2.19245395540817
1.61684755756165 1.22438339529607
1.03548458354462 -2.78948672926127
0.372251632485369 2.64899944365046
3.18551571738724 -1.0144909015862
-0.137903115373195 12.1857067352308
-0.866142786934603 12.6128114628972
-0.196569924088785 15.1456337671737
-1.15774175501612 12.7168688121375
0 15
-0.731685104599926 13.0986738933453
0.174094492884125 2.85427020609854
-2.02192766480729 1.17438663534032
-0.84037588353027 14.0780719892753
1.76649882169312 -3.21886136339974
-1.61446249489446 0.416685677591378
0.50837043115594 12.5842833992268
-1.85790632393065 0.202423295417104
-0.681596166707449 -2.30792440979547
-1.31840383329255 0.307924409795475
2.03745324268038 0.733428678013017
0.716868812137513 -2.84225824498388
1.02356049609622 -1.86561861698895
1.18531679600854 -2.15137180855422
-2.15433563410334 0.313424453060476
-0.609621104942785 14.2668567255696
0.877934054803503 -2.15905947368995
0.671950892997297 -1.90403490384656
2.25063552690238 0.489255259220636
0.504178288212591 13.3997332957625
-0.735807917849711 -1.98421170630313
3.08356178734646 -1.33095234538386
1.56088175095145 -2.97762127894602
0.398496487841654 13.1056600599118
0.183696540453378 13.3463122411139
2.86074530263074 -1.83756012779529
3.04984733985846 -2.15902237482118
3.69688327775557 -1.85393944383479
2.95825334365091 -3.58585814748873
0.0783370950804094 -2.94641770343452
-0.139577517461221 -2.69907746613961
3.2536172093779 -3.5251244544996
3.25808308526647 -2.400636884718
2.95875728476945 -1.62556093284505
3.26292277110553 -1.55709295336681
-0.253617209377901 -9.4748755455004
0.0417466563490914 -9.41414185251127
-0.486666039519947 -9.23885674020127
-0.328400546684906 12.3575890199539
-0.230913597707739 -2.99901022541153
-0.45267383989793 -2.77885000597665
2.51033060994415 -3.30624479131694
-0.504290474315016 -3.05977592679469
-0.736591203762961 -9.42677386103072
-0.747714325732624 -9.17160427620603
-7.98801656612446 -7.60509970875942
-3.34092779885352 -8.42854241353311
-7.11153480498288 -7.40045542633041
-6.53187099638509 15.8618005139855
-5.85304846694794 -7.86336350733743
2.79640189584719 -7.98169206647071
4.54290932416997 -6.6324713760978
-2.83324141244095 15.5163105515193
1.51999688076454 15.4194764986969
1.18333217140271 15.4805342491015
-3.85923800319688 -8.45103918672176
-4.03688433153707 16.0918245619502
0.523137293810806 14.9593308535402
1.73937281948696 15.9181812431763
2.04244411138608 15.4851758720581
0.705432931520909 -8.82434653511516
-2.45672034427837 15.5576330222683
-2.52346719456954 15.188945427461
5.88517744783088 17.404812323832
-4.40218620370453 -8.30451961315085
-14.0377224420259 11.2860309633107
-14.3949002912406 12.0119834338755
5.27463580883591 -6.97532360454155
7 16
6.42679592152143 17.8090739082983
6.65066860621805 16.9604578310209
3.58392982476195 -7.30887829697515
3.96972238674495 -7.8658191589462
-4.95703404076895 -8.19170477319351
1.10723084192476 15.1217906235642
0.886563059406309 15.5067563715323
-1.90571017846642 15.2493525197277
3.34936904563381 -7.88561121162026
11.3416474419462 -1.70659169237054
11.7705392238452 -2.24374886904646
2.26566541203509 15.954441177587
-9 -7
6.42679592152143 -6.19092609170171
0.201313586582459 15.0224122051848
4.2251628563714 16.7092749288057
-2.19231512421178 15.3960044691087
5.82303699950281 -5.06975242782245
6.29340830762946 -5.34164744194623
0.411703355568319 -8.78266103360376
-5.43005436909502 -8.14370766714226
-8.74520428738731 -6.36250843419807
-12.4646213856048 -1.12384505653095
-11.7332702892504 -0.318663197861812
-11.7455667742819 -1.00453053449095
-14.4314787957665 9.38501925919083
-11.2254522464549 10.9110843743432
-12.522801743556 -0.472526023958254
-10.7592270987383 5.93983951685984
-9.46848799179058 3.98772538924678
-13.6743131304603 7.38445549469708
-10.3299951448395 2.46716727370942
-11.0208195364679 1.02382663196321
-10.6645652492039 1.74504101909341
-13.2451344413989 10.8260359477151
-13.0803112621746 -0.95790101481015
-11.1091145584824 -0.91082985600614
-14.5901592462684 10.1611354967045
-15 -1
-9.3332013579438 -1.80773155017386
-9.18257653556658 -2.42278239857104
-9.02707604363565 13.9652706338976
-12.6443992792525 11.0598604100349
-9.15410036232578 12.4742619024303
-9.2894269552482 11.7996488785245
-9.06600317651196 -5.72577037909318
11.5581101730893 7.84527571217085
11.5472497144818 -1.086397464419
8.99606654958494 -0.651107632648796
8.0364644687 13.7433824196985
8.39084771397631 9.80154871120468
7.64730063665866 11.7561316851741
10.3352262613538 0.00437211867840204
10.4192427618152 6.85144500027719
8.92176739385648 1.78407893785041
8.61722798317576 5.47886280021701
10.4852863827531 -1.75127125568369
12.5732040784786 9.1909260917017
7.6758693914465 15.2224314676648
9.82089828089633 6.38375388054283
9.06848583304227 9.36501589817098
7.84129907121244 14.4702155990878
9.37005328907997 -1.13457243724323
8.02798320452751 4.99645420278043
8.09176070062617 -0.757148889600519
10.0613613243568 -1.29554410108237
7.41058178530466 3.37493817665854
