4536 3
0 1 2
1 3 2
4 2272 6
7 8 9
10 11 12
8 7 13
14 15 16
17 18 19
6 2272 20
18 21 19
22 23 24
25 22 24
26 15 14
27 28 29
28 27 30
31 27 32
32 27 29
33 34 35
11 10 36
14 10 12
37 38 39
40 41 2
42 41 40
35 34 43
44 31 32
45 46 47
38 37 48
49 50 51
46 52 47
53 54 13
41 0 2
55 56 57
53 58 54
59 25 24
60 61 18
23 22 51
31 44 62
59 63 64
51 50 65
63 59 24
61 60 66
67 54 68
69 70 71
64 63 72
46 64 72
73 74 36
75 67 68
14 16 10
76 77 19
78 79 80
79 45 47
57 56 81
28 42 40
52 46 72
82 73 36
83 84 85
74 11 36
86 87 88
42 28 30
89 86 88
12 11 90
90 91 92
70 1 71
67 8 13
93 84 6
77 76 94
95 96 71
97 91 98
12 90 92
99 100 101
102 76 103
104 82 93
79 47 80
93 82 84
3 1 70
105 106 103
107 59 64
108 109 89
110 111 93
89 109 86
76 105 103
97 98 112
91 97 92
110 113 111
103 106 114
110 93 6
111 104 93
115 116 117
118 119 33
8 120 121
122 123 89
124 69 125
126 127 128
44 129 37
130 131 58
132 69 124
25 133 22
134 135 136
98 137 112
118 138 119
138 139 119
140 123 122
123 108 89
141 25 59
111 142 104
143 115 117
144 113 110
136 129 44
25 145 133
146 147 148
104 73 82
149 126 128
150 142 111
106 128 114
151 146 3
152 134 153
154 130 58
2268 129 136
156 157 34
104 158 73
2268 2269 129
131 160 124
128 127 114
161 162 114
148 153 28
119 34 33
143 163 115
67 120 8
122 89 88
162 103 114
139 156 119
120 164 121
141 145 25
26 165 99
164 166 167
156 34 119
145 168 133
130 160 131
61 105 21
113 150 111
73 169 74
132 170 69
74 171 11
172 139 138
104 142 158
11 171 90
173 174 117
175 149 166
102 173 55
100 99 176
177 138 118
178 179 172
150 140 142
162 173 102
180 153 148
161 174 162
172 179 139
163 23 181
107 141 59
73 158 169
115 163 181
152 135 134
162 174 173
74 182 171
151 147 146
116 173 117
167 106 105
167 105 61
183 138 177
184 185 178
126 186 127
187 151 3
178 185 179
74 169 182
188 189 137
167 166 106
180 152 153
45 190 46
160 132 124
175 166 164
191 192 186
108 78 109
171 182 193
194 177 165
191 186 126
171 193 195
195 91 90
196 165 26
135 2268 136
21 105 76
55 116 56
195 193 197
166 149 128
189 184 137
142 140 122
127 161 114
147 180 148
172 138 183
198 199 200
188 137 98
201 198 192
184 178 137
143 202 163
162 102 103
127 203 161
201 192 191
195 204 91
184 205 185
161 206 174
139 207 156
183 177 194
192 198 200
55 173 116
91 204 98
199 208 200
204 197 209
188 209 199
210 164 120
211 143 117
195 197 204
127 186 203
169 158 88
212 56 213
164 167 121
196 26 14
194 165 196
189 199 198
211 214 143
172 183 112
215 126 149
171 195 90
156 216 157
199 209 208
209 197 217
218 219 220
221 149 175
106 166 128
222 223 224
174 211 117
163 225 23
183 97 112
167 61 121
189 226 184
115 181 213
206 203 227
137 178 112
226 198 201
87 169 88
184 226 205
219 206 227
75 120 67
197 193 228
204 209 188
218 220 229
200 208 230
87 86 231
139 179 207
191 126 215
174 206 211
158 142 122
182 169 87
230 208 232
161 203 206
143 214 202
188 199 189
227 203 233
125 75 68
234 235 236
203 186 233
189 198 226
178 172 112
192 200 233
220 219 227
175 164 210
193 182 237
185 205 238
197 228 217
204 188 98
0 239 95
232 217 240
183 194 97
208 209 217
241 229 242
211 206 219
222 224 243
214 219 218
218 229 241
244 242 245
246 247 15
215 149 221
186 192 233
211 219 214
248 249 77
84 250 85
251 252 35
253 41 42
224 223 253
201 191 243
222 239 223
223 0 41
182 87 237
221 175 254
191 215 243
255 256 212
95 239 254
244 257 52
156 207 216
196 14 12
215 221 222
222 221 239
163 202 225
0 95 1
215 222 243
223 41 253
228 193 237
241 242 244
223 239 0
258 251 259
158 122 88
260 261 60
244 245 257
194 196 92
262 263 83
179 185 264
229 232 240
210 120 75
175 210 254
185 238 264
31 265 27
207 179 264
239 221 254
208 217 232
205 266 267
268 255 50
225 202 269
196 12 92
270 248 57
271 258 272
218 241 273
243 224 266
233 200 230
216 265 31
225 269 63
97 194 92
273 241 274
214 218 273
201 243 266
216 207 265
205 226 266
190 107 64
202 214 273
275 271 276
277 268 49
278 279 7
248 77 57
265 207 264
244 52 274
269 202 273
220 230 232
227 233 230
259 251 35
266 224 267
37 129 280
226 201 266
229 220 232
242 229 240
220 227 230
255 212 50
241 244 274
264 238 281
258 259 272
37 280 48
224 253 267
238 205 267
269 273 274
217 228 240
86 109 282
238 267 283
52 257 47
267 253 283
253 42 283
228 237 284
23 225 24
109 78 80
21 76 19
265 264 281
49 268 50
276 271 272
240 228 284
27 265 281
225 63 24
245 242 284
46 190 64
60 261 9
56 116 213
242 240 284
281 238 283
63 269 72
284 237 231
274 52 72
75 125 96
237 87 231
278 7 9
269 274 72
261 278 9
2269 2274 280
282 109 80
181 23 51
245 284 231
99 165 286
177 118 286
272 259 38
116 115 213
61 21 18
280 276 48
96 125 71
287 277 288
279 289 53
16 15 290
286 118 291
33 35 292
231 86 282
245 231 282
36 10 250
293 2270 2271
2272 2273 20
82 36 250
124 125 68
257 245 282
129 2269 280
136 44 32
76 102 94
28 153 29
257 282 80
10 16 85
148 28 40
234 236 292
69 170 70
35 252 292
110 6 20
187 3 70
22 133 294
165 177 286
236 286 291
4 6 295
47 257 80
277 49 288
84 82 250
7 279 53
181 51 65
17 260 18
95 254 96
296 154 297
210 75 96
168 298 299
289 296 297
290 83 85
298 287 299
100 246 101
56 212 81
249 17 19
121 61 66
84 83 295
283 42 30
34 157 43
133 288 294
15 247 290
38 157 39
27 281 30
262 83 290
235 100 176
270 57 81
250 10 85
157 216 62
2274 2467 301
212 256 81
2467 275 301
15 26 101
157 38 43
259 35 43
272 38 48
7 53 13
263 4 295
252 234 292
44 37 39
58 131 54
54 131 68
134 136 32
134 32 29
131 124 68
99 286 176
60 9 66
153 134 29
146 40 2
146 148 40
3 146 2
254 210 96
83 263 295
39 157 62
170 187 70
260 60 18
16 290 85
9 8 66
50 212 65
6 84 295
281 283 30
125 69 71
26 99 101
212 213 65
246 15 101
1 95 71
286 236 176
280 2274 301
57 77 94
77 249 19
55 57 94
102 55 94
213 181 65
144 110 20
133 168 299
154 58 297
247 262 290
8 121 66
276 280 301
118 33 291
51 22 294
292 236 291
53 289 297
49 51 294
287 288 299
256 270 81
275 276 301
216 31 62
236 235 176
38 259 43
44 39 62
276 272 48
288 133 299
58 53 297
288 49 294
54 67 13
33 292 291
302 303 304
2275 306 307
302 308 303
309 310 311
312 313 314
315 316 317
318 319 320
2275 2351 306
322 323 324
309 325 310
2276 327 328
307 306 329
316 330 317
331 332 333
322 313 323
327 334 328
335 331 333
314 313 322
320 313 312
320 319 313
324 336 322
337 319 338
339 340 341
342 2279 344
345 346 347
348 349 332
346 2277 347
304 351 302
345 352 303
341 353 339
354 355 356
349 357 332
358 359 360
361 2283 362
343 352 345
2278 2279 342
360 353 358
331 336 324
340 364 365
338 366 337
2328 368 369
370 2282 372
344 2279 2281
369 373 2328
374 375 376
360 359 355
308 345 303
377 378 379
306 2351 346
360 355 354
380 381 382
338 319 318
356 355 372
383 384 385
386 387 388
389 353 390
358 353 341
2280 392 393
2281 2283 361
388 387 394
2282 2286 372
362 2283 2284
379 397 377
376 398 374
365 399 340
2350 401 402
403 404 405
406 386 388
407 408 409
410 2285 2289
385 395 383
413 414 415
409 408 416
417 418 419
384 420 385
421 422 423
394 387 424
425 426 427
428 429 430
331 324 332
393 431 2280
419 432 417
433 381 380
415 414 434
339 353 389
435 436 437
388 420 406
438 2286 439
390 353 360
423 422 440
403 441 442
372 355 370
443 444 445
441 446 442
447 448 449
450 451 452
427 426 453
454 455 456
457 2285 410
383 395 371
458 420 459
402 2287 2350
461 462 463
464 465 466
442 404 403
437 467 435
466 465 468
469 470 471
406 420 384
323 319 337
472 446 441
473 474 475
475 474 476
477 478 479
480 481 482
347 343 345
479 478 410
372 2286 438
472 483 446
2288 395 385
454 484 485
485 484 486
487 488 489
308 346 345
465 490 468
468 490 491
385 420 458
459 420 388
492 481 480
430 493 428
494 495 496
497 498 499
500 501 502
503 504 505
449 506 447
507 498 508
497 335 498
509 510 511
499 498 507
474 512 476
476 512 513
514 507 508
515 516 2289
504 510 509
503 510 504
517 518 519
520 521 522
523 2290 412
524 525 526
498 310 508
527 2290 523
324 348 332
486 484 464
528 2296 530
464 466 486
531 532 533
534 316 535
536 451 450
497 336 331
405 404 387
537 538 539
540 336 497
541 542 2291
516 410 2289
308 306 346
544 499 507
545 546 338
537 539 547
316 328 535
523 548 527
497 331 335
505 504 549
550 548 523
551 548 550
542 433 2291
537 551 538
552 547 553
534 535 542
2292 529 376
335 310 498
538 551 550
555 556 557
514 508 558
2292 376 559
537 547 552
560 534 561
562 339 389
544 507 563
534 542 561
564 565 566
567 304 568
485 455 454
539 569 570
2293 546 545
540 497 499
473 475 491
571 568 572
545 338 318
2294 396 573
442 446 574
575 342 576
344 2281 361
571 567 568
575 2278 342
2295 578 579
491 490 473
580 483 581
396 374 573
574 446 580
482 481 510
582 575 576
463 583 461
549 544 563
584 528 530
584 565 528
563 507 514
342 344 585
344 361 586
579 587 588
544 509 499
503 589 482
590 572 363
503 482 510
569 591 570
592 318 320
509 540 499
593 336 540
594 589 503
538 569 539
553 547 589
582 576 595
446 483 580
543 2299 596
589 597 482
304 303 568
530 2296 554
445 598 443
390 360 354
2297 543 596
314 322 593
322 336 593
365 364 599
600 320 312
601 571 572
602 545 318
561 542 541
535 433 542
594 503 505
603 564 566
356 372 438
2295 579 588
2298 2293 545
549 504 544
605 606 567
342 585 576
607 587 608
608 609 610
611 612 613
341 340 606
585 614 576
566 565 584
553 589 594
615 616 2303
596 2299 2387
575 2300 2278
511 593 540
616 2301 2303
619 620 621
581 483 622
623 624 625
626 491 627
628 629 630
600 592 320
588 587 607
631 632 633
634 595 635
636 637 638
607 608 610
2288 385 458
344 586 585
639 634 635
640 641 642
639 635 500
643 644 645
634 582 595
636 638 644
646 615 2302
647 648 649
361 362 650
647 649 651
636 644 643
538 652 569
653 639 500
654 655 656
647 651 655
646 2302 2305
653 500 658
539 570 597
636 659 637
370 359 660
647 655 654
661 551 537
662 663 664
412 411 665
666 653 658
667 513 668
638 626 627
611 646 2305
615 2303 2302
666 658 669
664 663 536
637 659 670
610 609 671
672 486 673
646 674 615
675 648 647
527 548 676
677 678 679
649 648 664
680 681 682
637 626 638
595 683 635
661 537 552
684 489 685
686 666 669
677 687 678
688 516 515
677 681 680
645 644 681
2304 2290 527
671 609 369
690 551 661
677 680 687
664 648 662
502 501 674
687 667 668
689 688 515
691 556 555
686 669 517
476 513 667
634 692 582
680 667 687
679 678 693
658 694 669
649 672 651
695 696 2306
696 611 2307
653 698 639
387 404 424
642 686 517
611 2305 2307
699 700 701
688 668 516
702 476 667
695 2306 2309
621 695 2309
496 495 704
656 655 659
696 2307 2306
468 491 626
637 705 626
690 548 551
706 2304 527
666 707 653
695 708 696
705 468 626
642 517 709
653 707 698
710 711 712
713 471 714
706 527 676
686 715 666
680 702 667
2308 2304 706
716 709 717
485 486 672
459 388 394
671 369 718
716 642 709
719 681 677
649 720 672
720 485 672
721 621 2310
688 687 668
723 724 725
709 726 717
645 681 719
621 2309 2310
727 721 2311
721 2310 2311
728 717 520
727 729 721
728 716 717
670 673 705
730 731 732
733 659 636
734 445 735
719 677 679
682 627 702
625 727 2312
656 659 733
664 536 720
715 707 666
727 2311 2312
737 442 574
738 379 739
740 430 741
733 636 643
581 622 742
743 393 744
675 647 654
745 402 746
747 648 675
732 625 2313
749 728 520
749 520 750
625 2312 2313
649 664 720
634 751 692
637 670 705
728 691 716
730 732 2314
750 752 753
732 2313 2314
754 749 750
736 417 748
755 730 2315
754 750 753
757 456 754
725 755 2317
703 435 722
676 548 690
730 2314 2315
757 754 753
557 759 472
755 2315 2317
456 760 754
728 761 691
757 753 762
2315 2316 2317
749 761 728
754 760 749
749 760 761
763 757 762
764 464 765
723 725 400
597 480 482
524 723 2318
725 2317 400
763 762 767
767 768 769
712 524 2348
765 763 767
557 472 441
765 767 769
771 772 773
723 400 2318
524 2318 2348
764 765 769
698 751 639
2318 2319 2348
773 557 441
550 665 652
764 769 630
678 687 688
774 473 775
323 337 348
776 764 630
680 682 702
710 712 391
712 2348 391
776 630 777
777 778 779
494 710 2320
657 447 697
775 776 777
773 441 403
701 494 781
775 777 779
693 678 689
639 751 634
771 773 403
710 391 2320
774 775 779
494 2320 781
576 614 595
771 403 405
780 440 2321
405 387 386
523 412 665
782 771 405
774 779 631
742 662 747
682 638 627
783 477 784
681 644 682
785 774 631
644 638 682
689 678 688
662 648 747
785 631 786
699 701 2322
786 704 787
655 651 670
701 781 2322
622 663 662
784 785 786
782 405 386
531 699 2324
784 786 787
550 523 665
659 655 670
622 662 742
783 784 787
699 2322 2324
789 531 2323
651 672 673
791 782 386
571 605 567
783 787 792
788 453 790
531 2324 2323
538 550 652
670 651 673
324 323 348
2294 573 2325
2326 795 796
797 798 799
800 801 802
803 783 792
509 511 540
803 792 804
804 805 806
665 807 652
808 614 585
796 803 804
590 601 572
791 386 406
618 461 617
595 614 683
592 602 318
796 804 806
2327 790 2328
547 539 597
589 547 597
2330 789 367
575 810 2300
2329 812 813
652 814 569
361 650 586
799 798 794
815 791 406
2326 796 806
411 807 665
796 457 803
816 314 593
511 816 593
817 797 799
795 457 796
355 359 370
818 2330 819
2326 806 811
759 820 472
570 480 597
513 512 477
813 801 800
821 822 817
815 406 384
823 815 384
809 2328 2331
799 794 2329
600 824 592
477 479 513
805 825 806
800 802 826
827 2332 2336
811 825 2333
817 822 797
799 2329 813
829 827 2337
806 825 811
831 600 312
818 819 2334
533 532 805
823 384 383
519 518 708
832 829 2340
794 798 2335
834 312 314
817 799 813
802 824 826
831 826 600
827 2336 2337
835 823 383
817 813 800
602 2298 545
826 824 600
834 831 312
522 521 729
831 821 826
526 525 778
829 2337 2340
821 817 800
692 810 582
2338 370 660
812 801 813
834 837 831
836 835 371
652 807 814
759 451 820
835 383 371
816 834 314
821 800 826
760 452 761
613 612 694
816 492 834
570 838 480
773 555 557
821 837 822
2338 2282 370
772 641 640
362 2339 650
582 810 575
832 2340 2342
840 660 601
831 837 821
726 620 619
2300 810 2341
840 2338 660
752 624 623
571 841 605
832 2342 2298
586 808 585
492 837 834
724 629 628
544 504 509
842 333 843
844 305 307
633 632 711
605 341 606
845 846 847
848 302 849
2345 851 808
793 2343 2344
824 853 592
762 854 855
602 832 2298
847 856 857
570 591 838
569 814 591
590 840 601
691 640 716
857 2276 858
859 860 861
772 555 773
755 862 863
510 481 511
601 841 571
863 862 768
592 853 602
500 502 658
642 641 686
363 352 343
452 556 761
832 853 829
557 556 759
771 864 772
2341 865 836
692 865 810
531 533 699
650 2345 586
605 841 358
810 865 2341
586 2345 808
517 519 709
494 496 710
602 853 832
524 526 723
520 522 750
866 851 2345
660 841 601
762 855 767
605 358 341
410 478 457
759 556 452
760 450 452
852 2345 650
824 867 853
480 838 492
511 481 816
757 454 456
846 856 847
614 868 683
772 864 641
761 556 691
829 867 827
836 865 835
464 484 765
674 869 615
857 856 326
853 867 829
555 640 691
486 466 673
864 870 715
715 870 707
716 640 642
705 466 468
751 871 692
802 867 824
635 501 500
870 872 707
707 872 698
698 873 751
751 873 871
491 475 627
616 851 2301
646 613 674
865 871 835
772 640 555
867 874 827
698 872 873
764 465 464
868 869 683
804 875 805
827 874 2332
704 876 787
696 612 611
692 871 865
701 495 494
686 641 715
786 633 704
802 874 867
695 620 708
877 349 845
779 632 631
845 349 846
730 863 731
777 629 778
2343 2346 850
727 624 729
752 854 753
473 490 775
769 628 630
721 619 621
732 623 625
782 864 771
702 475 476
816 481 492
835 871 823
658 502 694
782 870 864
871 873 823
801 874 802
823 873 815
791 870 782
516 479 410
873 872 815
791 872 870
774 474 473
674 501 869
471 878 469
815 872 791
818 879 2330
699 533 700
855 854 731
513 479 668
477 512 784
874 2347 2332
456 450 760
424 404 737
710 496 711
709 519 726
2330 880 789
723 526 724
750 522 752
492 838 837
767 855 768
452 451 759
879 880 2330
851 868 808
789 532 531
641 864 715
808 868 614
801 2347 874
2301 851 866
669 518 517
783 478 477
457 478 803
704 495 876
616 869 868
623 854 752
712 525 524
717 521 520
725 862 755
875 876 700
880 532 789
763 454 757
812 2347 801
2333 880 879
763 484 454
825 880 2333
674 613 502
765 484 763
615 869 616
805 875 533
483 820 622
472 820 483
536 455 720
673 466 705
825 532 880
704 633 496
837 838 822
708 620 519
616 868 851
805 532 825
778 629 526
731 863 855
729 624 522
683 501 635
502 613 694
792 875 804
792 876 875
776 465 764
711 525 712
787 876 792
694 518 669
611 613 646
724 862 725
533 875 700
838 591 822
726 521 717
700 495 701
572 352 363
631 633 786
776 490 465
869 501 683
519 620 726
496 633 711
708 612 696
456 455 450
522 624 752
526 629 724
855 863 768
630 629 777
621 620 695
778 632 779
755 863 730
625 624 727
753 854 762
775 490 776
768 628 769
729 619 721
731 623 732
303 352 568
627 475 702
844 881 305
660 359 841
822 591 797
785 474 774
785 512 474
784 512 785
876 495 700
489 882 487
450 455 536
737 404 442
668 479 516
591 814 797
731 854 623
797 814 798
795 2285 457
883 375 884
2335 807 411
814 807 798
622 820 663
798 807 2335
803 478 783
820 451 663
350 321 396
841 359 358
612 518 694
632 525 711
663 451 536
628 862 724
619 521 726
708 518 612
778 525 632
860 885 606
768 862 628
729 521 619
884 881 844
332 357 333
310 325 508
720 455 485
302 351 849
846 886 856
302 887 308
859 351 860
888 325 309
317 330 889
558 325 888
889 330 560
881 375 374
568 352 572
310 890 311
534 330 316
562 891 339
559 892 893
313 319 323
893 892 883
425 427 738
421 423 743
413 415 745
407 409 740
419 418 734
463 462 603
437 436 713
449 448 684
328 894 2276
333 890 335
315 894 316
606 885 567
861 399 365
604 380 382
884 375 881
606 399 860
790 368 2328
2321 378 377
2348 2349 391
758 401 2350
748 429 428
722 444 443
697 470 469
617 488 487
489 583 685
369 426 718
333 357 843
379 422 739
471 506 714
780 431 440
393 414 744
766 2287 434
657 882 447
756 493 416
788 397 453
445 467 735
402 408 746
430 432 741
736 598 417
703 878 435
618 895 461
849 351 859
346 2351 2277
328 381 535
877 357 349
856 2352 326
846 896 886
2346 897 895
339 891 364
895 897 564
306 887 329
339 364 340
433 2353 2291
311 890 842
856 886 2352
329 887 848
858 894 315
340 399 606
886 896 337
2276 894 858
337 366 886
848 887 302
2354 334 327
842 890 333
488 583 489
470 506 471
444 467 445
368 426 369
429 432 430
378 422 379
401 408 402
392 414 393
447 882 448
396 899 374
461 895 462
435 878 436
417 598 418
416 493 409
434 2287 415
440 431 423
453 397 427
321 899 396
738 427 379
335 890 310
743 423 393
334 381 328
316 894 328
745 415 402
351 885 860
740 409 430
308 887 306
734 418 445
382 334 2354
603 462 564
713 436 471
684 448 489
573 398 2356
886 366 2352
860 399 861
793 900 901
374 899 881
839 380 604
2352 366 546
374 398 573
578 902 579
579 903 587
587 904 608
608 905 609
543 2355 2299
2343 901 897
573 2356 2325
609 373 369
535 381 433
380 2353 433
905 373 609
904 905 608
903 904 587
902 903 579
843 357 877
508 325 558
560 330 534
376 892 559
793 901 2343
898 902 578
906 891 562
453 368 790
440 378 2321
349 896 846
2343 897 2346
434 392 770
416 401 758
417 429 748
435 444 722
447 470 697
337 896 348
833 902 2357
528 900 2296
348 896 349
833 903 902
461 488 617
2357 902 898
830 903 833
901 900 528
883 892 375
830 904 903
828 904 830
828 905 904
2331 905 828
546 366 338
304 885 351
2331 373 905
2328 373 2331
377 397 788
2356 398 529
718 426 425
564 897 565
2280 431 780
529 398 376
739 422 421
305 899 321
400 460 2318
744 414 413
881 899 305
428 493 756
567 885 304
897 901 565
746 408 407
443 598 736
565 901 528
741 432 419
469 878 703
735 467 437
487 882 657
714 506 449
685 583 463
2346 895 618
599 891 906
375 892 376
427 397 379
423 431 393
415 2287 402
409 493 430
382 381 334
418 598 445
436 878 471
462 895 564
448 882 489
453 426 368
839 2353 380
440 422 378
434 414 392
416 408 401
417 432 429
435 467 444
447 506 470
461 583 488
364 891 599
907 2384 2358
910 911 912
913 907 2358
2359 2382 916
917 918 919
910 912 920
921 918 917
922 923 924
925 926 2360
921 928 918
929 930 931
932 933 934
935 936 937
938 939 940
934 933 909
2362 2361 943
922 944 923
945 2361 2362
946 917 947
944 948 949
949 950 951
952 953 954
955 956 957
951 950 958
939 938 959
960 2363 927
961 917 946
962 922 963
962 963 964
965 2364 941
948 966 967
968 960 2372
970 944 922
971 2363 960
972 928 921
973 974 975
976 977 2365
978 974 973
917 919 956
979 980 2366
981 948 944
982 962 974
983 963 984
968 971 960
949 967 950
985 986 938
2371 988 929
956 955 989
990 991 992
950 993 985
924 923 936
2365 977 2383
995 996 931
997 998 999
985 1000 986
1001 980 979
2367 1003 1004
2368 2379 1007
1007 953 1008
974 962 964
937 936 1009
961 1010 1011
922 924 963
2369 2365 2383
1013 975 1014
926 2370 2360
1016 1017 998
953 952 1018
1019 971 968
2364 965 934
982 974 978
929 931 916
2371 2374 988
1021 966 948
921 917 961
1022 1023 1024
921 961 1011
953 1023 1008
1025 991 990
996 995 1026
944 949 1027
919 918 2375
951 1029 1030
967 966 1031
961 946 1032
970 922 962
951 958 912
998 1017 999
1010 1000 1033
978 973 930
1016 998 1034
968 2372 994
973 975 1035
930 973 995
963 924 1036
981 944 970
1037 1038 1039
980 1019 1040
1015 1041 927
991 1011 992
2373 928 972
2374 2368 1022
919 2375 2367
949 948 967
1029 951 912
1042 932 1017
2376 2385 1045
912 958 920
938 986 959
936 935 1046
2366 980 1040
2377 1002 2390
1045 1048 1034
930 929 1049
911 1050 912
1021 948 981
1045 2385 1048
1025 990 966
1051 952 954
930 995 931
950 985 1052
950 967 993
1032 946 1037
1000 1010 1053
953 1007 954
2378 977 976
918 928 1012
2384 945 2358
984 963 1036
1046 1054 1036
2379 2376 1055
963 983 964
933 2380 909
1042 933 932
985 993 1000
1054 1056 1036
1056 1057 1036
942 1001 2381
991 972 1011
2368 1007 1008
2382 2371 929
1016 1058 1017
1059 986 1060
1014 975 983
2372 960 1061
923 944 1027
1058 1042 1017
1048 1016 1034
1062 972 991
1063 932 934
1064 938 940
1065 1058 1016
969 2369 2383
2384 2361 945
1066 2359 916
1041 960 927
958 950 1052
1050 1029 912
972 921 1011
1021 981 952
1067 962 982
1002 1028 2386
966 990 1031
1069 991 1025
929 988 1049
938 1064 1070
965 1063 934
931 1066 916
1045 1071 1072
1073 966 1021
1038 1037 1074
951 1030 1027
1055 1045 1072
949 951 1027
1075 1065 1048
2385 1075 1048
1022 2368 1008
960 1041 1061
997 1063 1076
1023 1022 1008
956 919 1077
1002 2386 2390
1062 991 1069
1078 1079 1051
1055 2376 1045
1051 1079 952
1057 984 1036
1007 1055 954
1017 932 999
952 981 1018
1007 2379 1055
1080 957 1077
2373 972 1062
975 974 964
1010 1032 1053
2382 929 916
1025 966 1073
1081 983 984
982 978 1024
957 956 1077
2367 1004 1082
919 2367 1082
961 1032 1010
1079 1021 952
740 741 911
1073 1021 1079
407 740 910
741 419 1050
2375 918 1012
970 962 1067
746 407 1083
419 734 1084
745 746 1064
1078 1051 1071
1085 965 941
584 530 996
2295 588 1003
983 975 964
734 735 937
566 584 1026
596 2387 1086
413 745 940
588 607 1004
603 566 1087
735 437 935
2297 596 1088
685 463 1013
986 1053 1060
437 713 1054
938 1070 1052
610 671 1080
1023 982 1024
463 603 1089
713 714 1056
684 685 1014
671 718 957
1090 973 1035
714 449 1057
718 425 955
744 413 939
743 744 1091
425 738 1092
421 743 1093
1063 997 999
449 684 1081
739 421 1039
988 1022 1024
738 739 1038
1073 1079 1094
924 936 1046
932 1063 999
985 938 1052
1094 1078 997
965 1095 1063
1081 1014 983
1094 1079 1078
1010 1033 992
1069 1025 1096
2386 1028 969
1067 982 1023
1085 1069 1095
986 1000 1053
1062 1069 1085
988 2374 1022
975 1013 1035
1024 978 1049
1025 1073 1096
530 554 1066
1037 1039 1097
561 541 2370
1085 941 2388
1087 995 1090
1000 993 1033
1085 1095 965
1073 1094 1096
2378 976 1098
1081 984 1057
1028 2369 969
986 1059 959
1095 1069 1096
988 1024 1049
936 923 1030
2373 1062 2388
1067 1023 953
2292 559 914
995 973 1090
560 561 926
981 970 1018
978 930 1049
1037 946 1074
1026 995 1087
1065 1016 1048
1030 1029 1009
740 911 910
911 741 1050
1011 1010 992
1083 407 910
419 1084 1050
997 1078 998
746 1083 1064
1078 1071 998
917 956 947
607 610 1099
1084 734 937
1084 937 1009
745 1064 940
584 996 1026
577 2377 2389
1003 588 1004
735 935 937
566 1026 1087
924 1046 1036
1088 596 1086
1061 1041 1100
1062 1085 2388
935 437 1054
939 413 940
1089 603 1087
463 1089 1013
685 1013 1014
713 1056 1054
1080 671 957
1056 714 1057
718 955 957
1082 1004 1099
1081 684 1014
744 939 1091
955 425 1092
449 1081 1057
1080 1082 1099
1093 743 1091
421 1093 1039
738 1038 1092
1038 739 1039
2378 1098 943
1050 1084 1029
1064 1083 1070
1063 1095 1076
1068 1061 1100
996 530 1066
1029 1084 1009
1093 1091 1059
936 1030 1009
2297 1088 1015
1096 1094 1076
1004 607 1099
955 1092 989
610 1080 1099
1071 1045 1034
954 1055 1072
970 1067 1018
1019 968 1040
956 989 947
1015 1088 1041
993 967 1031
996 1066 931
1095 1096 1076
2364 934 909
1098 2362 943
1068 2372 1061
1033 993 1031
1067 953 1018
1094 997 1076
1001 979 2381
1082 1080 1077
935 1054 1046
1033 990 992
554 2359 1066
926 561 2370
919 1082 1077
958 1070 920
1071 1051 1072
1032 1037 1060
1089 1087 1090
1070 958 1052
1083 910 920
1070 1083 920
1059 1091 959
1040 968 994
1088 1086 1100
1091 939 959
1030 923 1027
1093 1059 1097
1041 1088 1100
1092 1038 1074
2389 2377 2390
1039 1093 1097
989 946 947
989 1092 1074
998 1071 1034
990 1033 1031
1051 954 1072
2366 1040 994
1037 1097 1060
946 989 1074
1013 1089 1035
1053 1032 1060
1097 1059 1060
1089 1090 1035
1100 1086 1047
1068 1100 1047
559 893 914
893 915 914
889 560 926
925 889 926
1101 1102 1103
1104 1105 2402
1107 1108 1109
1103 1102 2403
1107 1111 1108
1112 1113 2393
1115 1116 2416
1118 1119 1120
1121 1122 1123
1124 1125 1126
599 1127 1128
1129 2391 1131
1132 1116 1129
1133 1124 1126
1134 1127 1109
1135 1113 1112
1123 1136 1137
1138 1139 1140
1141 1142 1139
1143 1127 906
1144 1135 1112
1145 1138 1140
1146 1147 1120
2392 2398 1141
1112 2393 2391
1149 1137 1148
1150 2394 2393
1148 1137 1132
1145 1126 1138
1123 1137 1152
1139 1153 1141
2392 1141 2395
1155 1109 1143
893 1147 1156
1109 1127 1143
1157 1107 1109
2398 1158 1141
1120 1147 1118
1159 1160 1161
2402 1105 2396
906 1127 599
1111 1163 1108
1149 1148 1154
1164 1105 1104
849 1165 848
1166 1105 1164
1129 1112 2391
1126 1125 1138
1167 1168 1108
1161 1169 1170
848 1165 1171
1005 1172 1006
1102 2397 2403
1130 1158 2398
1005 1174 1172
2399 2395 2400
2393 1113 1150
1152 1159 1161
1156 1103 915
1114 1151 1176
1177 1155 1143
1178 1126 1145
2401 1110 1020
1170 1166 1179
1156 1147 1146
1137 1136 1132
1166 1180 1179
1132 1129 1131
1108 1134 1109
1107 1120 1111
1140 1139 1181
1020 1182 1005
1138 1153 1139
1006 1172 1183
1159 1137 1149
2402 2397 1104
987 1103 2403
1173 1182 1110
1184 1177 1143
1179 1180 1185
1149 1175 1186
2416 1116 1122
1006 1183 1043
1160 1169 1161
1159 1186 1160
1139 1142 1187
1141 1153 2395
1152 1137 1159
1159 1149 1186
1132 1136 1116
1108 1168 1134
1186 2396 1160
1174 1173 1106
1188 1189 1119
1155 1157 1109
893 1190 1147
1181 1187 2404
1043 1133 1044
1130 1192 1158
1181 1139 1187
1103 1193 1101
1183 1124 1133
861 1194 859
1156 1193 1103
1163 1189 1171
848 1171 329
1148 1132 1131
1183 1195 1124
2400 1125 1124
1005 1182 1174
1157 1146 1107
1171 1165 1163
1044 1196 1075
1185 1180 1177
2412 1176 2405
1199 1113 1135
1183 1133 1043
307 1188 844
915 1103 987
1158 1142 1141
1075 1196 1178
1120 1119 1111
1195 2408 1124
1166 1164 1180
1201 1202 1192
1128 1127 1134
2414 1150 2533
1187 1205 2404
1155 1206 1157
1134 1168 1128
1192 1207 1201
884 1118 883
1208 1206 1209
1124 2408 2400
1172 1195 1183
1194 1168 1167
1164 1208 1209
2396 1105 1160
1162 1195 1106
1157 1101 1146
1185 1177 1184
1118 1210 1119
599 1128 365
1112 1211 1144
1209 1206 1155
1119 1210 1188
2407 1201 2406
1130 1114 1192
1119 1189 1111
1177 1180 1209
1176 1207 1114
1167 1214 1194
1104 2397 1208
2404 1205 2407
1177 1209 1155
2395 1215 2400
1106 1195 1172
1164 1104 1208
2400 2408 2409
1174 1106 1172
1125 1215 1138
1107 1146 1120
2416 1122 1121
1111 1189 1163
1202 1205 1187
1157 1206 1101
1133 1196 1044
1180 1164 1209
1178 1196 1126
1126 1196 1133
1165 1214 1167
2405 1151 2410
844 1210 884
1165 1167 1163
859 1214 849
1129 1211 1112
365 1216 861
861 1216 1194
2415 1144 2411
329 1219 307
849 1214 1165
1171 1219 329
1187 1142 1202
2406 1220 2412
2533 1199 2413
1176 1151 2405
1188 1210 844
1186 1200 2396
1122 1136 1123
1206 1102 1101
1115 1211 1116
307 1219 1188
1116 1211 1129
1147 1190 1118
1163 1167 1108
2414 2394 1150
2412 1220 1176
1166 1169 1105
2413 1135 2415
2400 1215 1125
1194 1214 859
1146 1193 1156
1192 1202 1158
1138 1215 1153
884 1210 1118
1201 1207 1220
2407 1205 1201
1202 1142 1158
1144 1115 2411
1150 1199 2533
1201 1205 1202
1114 1207 1192
1189 1219 1171
1116 1136 1122
1101 1193 1146
1128 1216 365
1174 1182 1173
1194 1216 1168
1188 1219 1189
1105 1169 1160
1208 1102 1206
1162 2408 1195
1201 1220 2406
1170 1169 1166
1150 1113 1199
2415 1135 1144
1110 1182 1020
1208 2397 1102
1144 1211 1115
1118 1190 883
1168 1216 1128
1199 1135 2413
1153 1215 2395
1220 1207 1176
883 1190 893
2411 1115 2416
1184 1143 906
893 1156 915
1222 1223 2426
1223 2417 2426
271 275 2433
1227 1228 1229
1230 1231 1232
1228 1227 1233
1234 1235 1236
270 1237 1238
2433 275 2418
1237 1240 1238
1241 1242 1243
1244 1241 1243
1245 1235 1234
1246 2419 1248
2419 1246 1249
2455 1246 1251
1251 1246 1248
1252 1253 1254
1231 1230 1255
1234 1230 1232
2420 1257 2421
1259 2422 1224
2423 2422 1259
1254 1253 1262
1263 2455 1251
2443 1265 1266
2424 1256 2425
1268 1269 1270
1265 1271 1266
1272 1273 1233
1260 1222 2426
1274 1275 1276
1272 1277 1273
1278 1244 1243
1279 1280 1237
1242 1241 1270
1278 1281 1282
2455 1263 2427
1270 1269 1284
1281 1278 1243
1285 1273 1286
1280 1279 1287
1288 2435 1290
1282 1281 1291
1292 1285 1286
1265 1282 1291
1293 1294 1255
1234 1236 1230
1295 1296 1238
2428 2430 2429
2430 2443 1266
1276 1275 1300
1247 2423 1259
1271 1265 1291
1301 1293 1255
1302 1303 1304
1294 1231 1255
2450 2431 2439
2432 2419 1249
1308 2450 2439
1232 1231 1309
1309 1310 1311
2435 1223 1290
1285 1228 1233
2434 1303 2433
1296 1295 1313
1314 1315 1290
1316 1310 1317
1232 1309 1311
1318 235 1319
1320 1295 1321
1322 1301 2434
2430 1266 2429
2434 1301 1303
2417 1223 2435
1323 1324 1321
1325 1278 1282
1326 2460 1308
1328 1329 1312
1308 2460 2450
1295 1323 1321
1316 1317 1330
1310 1316 1311
1328 1331 1329
1321 1324 1332
1328 1312 1226
1329 2436 1312
1333 1334 1335
1336 1337 1252
1228 1338 1339
1340 1341 1263
2437 1343 1308
1263 1341 1256
1344 1341 1340
1345 1346 1347
1348 1349 1277
1349 1350 1351
1244 1352 1241
1317 1353 1330
1336 1354 1337
1354 1355 1337
1356 1343 2437
1343 1326 1308
1357 1244 1278
1329 1358 2436
1359 1333 1335
1360 1331 1328
1244 1361 1352
1362 1363 1364
1322 1293 1301
1351 1288 1365
1366 1345 1347
1367 1358 1329
1324 1347 1332
1368 1362 1225
1369 1370 1371
1372 1348 1277
1373 1374 1253
1322 1375 1293
1344 1376 1341
1377 1288 1351
1347 1346 1332
2438 1378 1340
1379 1380 1332
1364 1371 1247
1337 1253 1252
1359 1381 1333
1285 1338 1228
2437 1308 2439
1380 1321 1332
1355 1373 1337
1338 1382 1339
1357 1361 1244
1245 1383 1318
1382 1384 1385
1373 1253 1337
1361 1386 1352
1348 1350 1349
1280 1323 1240
1331 1367 1329
1293 2441 1294
1377 2469 1288
1294 1389 1231
1390 1355 1354
2436 1358 2440
1231 1389 1309
1391 1392 1335
1393 1366 1384
1320 1391 1274
235 1318 1394
1395 1354 1336
1396 1397 1390
1367 1356 1358
1380 1391 1320
1398 1371 1364
1379 1392 1380
1390 1397 1355
1381 1242 1399
1325 1357 1278
1293 1375 2441
1333 1381 1399
1369 1378 1370
1380 1392 1391
1378 1344 1340
1294 1400 1389
1368 1363 1362
1334 1391 1335
1385 1324 1323
1385 1323 1280
1401 1354 1395
2445 1403 1396
1345 1404 1346
1405 1368 1225
1396 1403 1397
1294 2441 1400
2442 2444 1353
1385 1384 1324
1398 1369 1371
2443 2457 1265
1350 1377 1351
1393 1384 1382
1409 1410 1404
1326 1297 2460
1389 1400 1411
1412 1395 1383
1409 1404 1345
1389 1411 1413
1413 1310 1309
1414 1383 1245
1240 1323 1295
1274 1334 1275
1413 1411 1415
1384 1366 1347
2444 2445 1353
1358 1356 1342
1346 1379 1332
1363 1398 1364
1390 1354 1401
1416 1417 1418
2442 1353 1317
1419 1416 1410
2445 1396 1353
1359 1420 1381
1380 1320 1321
1346 1421 1379
1419 1410 1409
1413 1422 1310
2445 1423 1403
1379 1424 1392
1355 1425 1373
1401 1395 1412
1410 1416 1418
1274 1391 1334
1310 1422 1317
1417 1426 1418
1422 1415 2446
2442 2446 2447
1428 1382 1338
1429 1359 1335
1413 1415 1422
1346 1404 1421
1387 2440 1307
1430 1275 1431
1382 1385 1339
1414 1245 1234
1365 1292 1286
1412 1383 1414
1407 1417 1416
1429 1432 1359
1390 1401 1330
1433 1345 1366
1389 1413 1309
1373 1434 1374
1417 1427 1426
2446 1415 2448
1436 1437 1438
1439 1366 1393
1324 1384 1347
1440 1441 1442
1392 1429 1335
1381 1443 1242
1401 1316 1330
1385 1280 1339
1407 1444 1402
1333 1399 1431
1424 1421 1445
1353 1396 1330
1444 1416 1419
1306 1387 1307
1402 1444 2449
1437 1424 1445
1292 1338 1285
1415 1411 2452
1422 2446 2442
1436 1438 1447
1418 1426 1448
2431 2450 2466
1355 1397 1425
1409 1345 1433
1392 1424 1429
2440 1358 1342
2451 1387 1306
1448 1426 1450
1379 1421 1424
1359 1432 1420
1406 1417 1407
1445 1421 1451
246 100 1452
1421 1404 1451
1407 1416 1444
1396 1390 1330
1410 1418 1451
1438 1437 1445
1393 1382 1428
1411 1400 2454
1403 1423 1454
1415 2452 2448
1422 2442 1317
1222 1455 1314
1450 1435 1456
1401 1412 1316
1426 1427 1435
1457 1447 1458
1429 1424 1437
1440 1442 1459
1432 1437 1436
1436 1447 1457
1460 1458 1461
234 252 1235
1433 1366 1439
1404 1410 1451
1429 1437 1432
249 248 1296
1303 1462 1304
262 247 1254
1463 1260 1261
1442 1441 1463
1419 1409 1459
1440 1455 1441
1441 1222 1260
2451 1306 2453
1439 1393 1464
1409 1433 1459
261 260 1430
1314 1455 1464
1460 1465 1271
1373 1425 1434
1414 1234 1232
1433 1439 1440
1440 1439 1455
1381 1420 1443
1222 1314 1223
1433 1440 1459
1441 1260 1463
2452 1411 2454
1457 1458 1460
1441 1455 1222
263 262 1466
2440 1342 1307
256 255 1279
1460 1461 1465
1412 1414 1311
251 258 1302
1397 1403 1467
1447 1450 1456
1428 1338 1292
1393 1428 1464
1403 1454 1467
2455 1468 1246
1425 1397 1467
1455 1439 1464
1426 1435 1450
2449 1469 1470
278 261 1269
4 263 1471
1443 1420 1472
1414 1232 1311
17 249 1276
1436 1457 1473
1459 1442 1469
1451 1418 1448
1434 2456 1250
1443 1472 1281
1256 1341 1474
1316 1412 1311
1473 1457 1475
1432 1436 1473
1419 1459 1469
1434 1425 2456
2449 1444 1469
2457 1325 1282
1420 1432 1473
2272 4 2458
279 278 1268
268 277 1227
249 1296 1276
2456 1425 1467
1460 1271 1475
1472 1420 1473
1438 1448 1450
1445 1451 1448
1466 262 1254
1469 1442 1470
1444 1419 1469
1447 1438 1450
1458 1447 1456
1438 1445 1448
261 1430 1269
1256 1474 2425
1457 1460 1475
1467 1454 2463
263 1466 1471
1442 1463 1470
2459 2449 1470
1472 1473 1475
1435 1446 1456
2450 2460 2461
2459 1470 2462
1271 1465 1266
1470 1463 2462
1463 1261 2462
1446 2465 1480
1242 1443 1243
2460 1297 1299
1240 1295 1238
2456 1467 2463
1268 278 1269
2458 4 1471
1456 1446 1480
1246 1468 1477
1443 1281 1243
1461 1458 1480
1265 2457 1282
1279 255 1229
1275 1334 1431
1292 1365 1315
1458 1456 1480
2463 1454 2464
1281 1472 1291
1480 2465 1449
1475 1271 1291
1453 2431 2466
268 1227 1229
1472 1475 1291
255 268 1229
1376 1481 1474
1478 1327 2429
1399 1242 1270
1461 1480 1449
1318 1383 1482
1395 1336 1482
1334 1333 1431
1471 1466 1257
1280 1240 1237
1474 1476 2425
1315 1365 1290
289 279 1483
277 287 1272
1236 1235 1484
1482 1336 1485
1252 1254 1486
1449 1305 1478
1461 1449 1478
1255 1230 1462
300 1360 1239
275 2467 2418
1301 1255 1462
1351 1365 1286
1340 1263 1251
1465 1461 1478
1341 1376 1474
1295 1320 1313
1247 1371 2468
1465 1478 2429
1230 1236 1304
1364 1247 1259
246 1452 1486
1288 2469 2435
1254 247 1486
1328 1226 1239
1405 1225 1289
1241 1352 1487
1383 1395 1482
1452 1482 1485
271 2433 1488
1266 1465 2429
279 1268 1483
1303 1301 1462
1227 277 1272
1399 1270 1284
270 256 1237
1314 1464 1315
298 1372 1489
1428 1292 1315
1386 296 1490
287 298 1489
1484 1302 1304
296 289 1490
235 234 1319
1275 1430 1300
248 270 1238
1339 1280 1287
1303 1302 1488
1479 2432 1249
1253 1374 1262
1352 1483 1487
1257 1374 2421
1235 252 1484
1246 1477 1249
251 1302 1484
100 235 1394
17 1276 1300
1462 1230 1304
1374 1434 1283
1481 293 1491
1430 260 1300
293 5 1491
1235 1245 1319
1374 1257 1262
1466 1254 1262
1471 1257 1267
1227 1272 1233
258 271 1488
247 246 1486
1273 1349 1286
1263 1256 1258
1277 1349 1273
1349 1351 1286
2438 1251 1248
1318 1482 1394
2438 1340 1251
1279 1229 1287
1371 1370 2468
1362 1259 1224
1362 1364 1259
1225 1362 1224
1464 1428 1315
1302 258 1488
2421 1374 1283
2469 2470 2435
256 1279 1237
1236 1484 1304
1229 1228 1287
1269 1430 1284
2433 1303 1488
1477 1479 1249
1365 1288 1290
1245 1318 1319
1430 1431 1284
234 1235 1319
1223 1314 1290
1482 1452 1394
1474 1481 1491
1276 1296 1313
1296 248 1238
1274 1276 1313
1320 1274 1313
1431 1399 1284
1360 1328 1239
1352 1386 1490
1372 1277 1489
252 251 1484
1228 1339 1287
1476 1474 1491
1336 1252 1485
1270 1241 1487
1486 1452 1485
1272 287 1489
1268 1270 1487
289 1483 1490
260 17 1300
5 1476 1491
1434 1250 1283
1452 100 1394
1257 1466 1262
1263 1258 2427
2458 1471 1267
1483 1352 1490
1277 1272 1489
1483 1268 1487
1273 1285 1233
1252 1486 1485
1492 1493 1494
1495 1496 1497
1498 1499 1500
1501 2471 2476
1504 1494 1505
2472 2471 1501
1505 1494 1507
1508 1498 1509
1510 1511 1512
1513 1501 1514
1512 1511 1515
1516 1496 1495
1517 1518 1494
1513 1514 1519
1494 1518 1492
1520 1521 1522
1523 1524 1525
1526 1527 1528
1529 1506 1530
1531 1532 1533
1534 2473 1536
1537 1538 1539
1539 1540 1541
154 1542 1543
1505 1544 1504
1523 1545 1524
1546 1511 1547
1525 1524 1548
1549 1528 1550
1551 1552 1553
1554 1538 1537
1555 1494 1504
1541 1556 1557
2473 1558 1536
1533 1532 1559
1549 1560 1528
1561 1562 2474
1554 1564 1565
1566 1567 1568
1569 1521 1520
1522 1521 1514
1570 2475 1563
1528 1560 1526
1530 1571 1529
1553 1572 1573
1540 1538 2490
1528 1527 1566
1575 1545 1534
1542 1575 1576
1534 1545 1523
1562 1532 2474
1577 2476 1578
2472 1501 2477
2481 1569 1581
1582 1559 1583
1584 1519 1585
1494 1493 1507
1573 1572 1537
1582 1533 1559
1526 1560 1571
296 1542 154
1556 1533 1557
1586 1519 1584
1513 1519 1587
1588 1517 1555
1517 1494 1555
1567 1589 1500
1568 1499 1588
1559 1532 1562
2478 2479 2477
1569 2475 1570
1575 1536 1576
1591 1552 1551
1542 1576 1543
1501 1522 1514
1592 1499 1498
1548 1524 1361
1557 1533 1582
1386 1524 1593
2483 1523 1525
1539 1538 1540
1357 1586 1548
1595 1596 1543
1408 1597 1587
1586 1584 1548
1597 2478 2477
1587 1586 1325
1570 1521 1569
1587 1519 1586
1508 1592 1498
1597 1513 1587
1596 2480 2488
1530 1506 1579
1519 1514 1585
1577 1520 2476
2489 1534 1523
1569 1520 1581
1533 1535 1531
1600 1562 1561
1571 1560 1529
1551 1493 1591
1601 1571 1602
1357 1548 1361
2481 2475 1569
1386 1593 296
1565 1603 1510
1408 1587 1325
1556 2482 1535
1361 1524 1386
1584 1525 1548
1264 2478 1597
1264 1597 1408
1565 1604 1554
1325 1586 1357
1492 1605 1591
2483 2489 1523
1516 1605 1496
154 1543 130
1529 1606 1506
1584 1585 1607
2476 1522 1501
1529 1560 1549
1588 1592 1517
132 1608 170
1543 1596 130
1603 1564 1553
1607 2483 1525
1503 1502 2484
2490 1538 2485
2486 2478 2487
1593 1542 296
1581 1520 1577
1297 1602 1298
1507 1493 1551
1559 1562 1583
1547 1610 1546
2485 1538 1554
1595 1611 1609
1600 1561 1580
2487 2478 1264
1510 1603 1511
1584 1607 1525
1607 1563 2483
1583 1562 1600
1541 1540 1556
130 1596 160
1595 2480 1596
1297 1601 1602
1537 1572 1554
155 1612 159
160 2488 132
1326 1601 1297
160 1596 2488
1356 1613 1343
2477 1501 1513
1576 1595 1543
1612 1508 1509
1572 1564 1554
1602 1571 1530
1603 1552 1511
1553 1564 1572
151 1546 147
1597 2477 1513
1554 1604 2485
1343 1614 1326
1585 1570 1607
1510 1512 1608
1593 1545 1575
1511 1552 1547
1534 1536 1575
1602 1530 1590
1611 1558 1574
1593 1575 1542
1524 1545 1593
1576 1611 1595
1599 1598 1615
1520 1522 2476
1326 1614 1601
1613 1614 1343
1607 1570 1563
2489 2473 1534
1556 1535 1533
1517 1592 1508
1526 1571 1601
1608 1512 170
2474 1532 1594
135 1497 155
1614 1526 1601
1585 1521 1570
2490 2482 1540
285 1498 300
1514 1521 1585
187 1515 151
1595 1609 2480
1599 1608 132
1536 1611 1576
2484 1502 1616
170 1512 187
1547 1552 1591
152 1495 135
1591 1493 1492
180 1617 152
1367 1618 1356
1598 1604 1615
1356 1618 1613
1599 1615 1608
1500 1499 1567
1506 1606 1502
1613 1527 1614
1609 1611 1574
1496 1605 1518
1536 1558 1611
1496 1508 1612
1565 1564 1603
147 1610 180
1594 1532 1531
1617 1610 1547
159 1509 285
1588 1499 1592
1497 1612 155
1591 1605 1516
1615 1510 1608
1360 1500 1331
1540 2482 1556
1617 1547 1516
1496 1518 1508
1615 1565 1510
1614 1527 1526
1331 1589 1367
187 1512 1515
1515 1546 151
135 1495 1497
159 1612 1509
1618 1566 1613
1497 1496 1612
2485 1604 1598
1508 1518 1517
1546 1610 147
1617 1516 1495
1615 1604 1565
1617 1495 152
1566 1527 1613
1547 1591 1516
1618 1567 1566
1618 1589 1567
180 1610 1617
1502 1606 1616
1367 1589 1618
1515 1511 1546
1509 1498 285
1567 1499 1568
1518 1605 1492
1500 1589 1331
1616 1606 1529
300 1498 1360
1550 1528 1568
1616 1529 1549
1360 1498 1500
1553 1552 1603
1528 1566 1568
1619 1620 1621
1544 1622 1623
1623 1622 1624
1621 1620 1573
1625 1620 1619
1505 1622 1544
1624 1622 1626
1573 1620 1553
1507 1627 1505
1626 1627 1628
1551 1629 1630
1628 1627 1630
1628 1630 1631
1630 1627 1507
1553 1629 1551
1631 1629 1625
1630 1629 1631
1551 1630 1507
1629 1620 1625
1627 1622 1505
1626 1622 1627
1553 1620 1629
1632 1633 1634
1635 1636 1637
1638 1635 1637
1637 1633 1632
1638 1637 1632
1637 1639 1640
1641 1642 1636
1643 1644 1642
1641 1643 1642
1645 1646 1643
1636 1639 1637
1635 1641 1636
1644 1647 1648
1649 1645 1643
1650 1624 1626
1649 1643 1641
1651 1652 1653
1654 1655 1656
1657 1655 1654
1658 1659 1660
1640 1633 1637
1648 1661 1644
1662 1659 1658
1645 1663 1652
1652 1663 1653
1664 1638 1632
1665 1666 1647
1667 1647 1668
1642 1658 1636
1631 1669 1654
1646 1670 1671
1656 1655 1638
1631 1654 1628
1654 1669 1657
1648 1647 1667
1651 1653 1672
1626 1673 1650
1656 1673 1654
1650 1673 1674
1654 1673 1628
1675 1649 1641
1658 1676 1662
1672 1677 1619
1634 1633 1678
1678 1640 1679
1619 1677 1625
1677 1680 1625
1664 1656 1638
1625 1680 1669
1681 1652 1651
1674 1673 1656
1682 1683 1681
1644 1665 1647
1660 1639 1658
1674 1656 1664
1628 1673 1626
1671 1665 1646
1648 1684 1661
1685 1648 1667
1686 1662 1687
1683 1670 1646
1688 1671 1689
1679 1640 1660
1679 1660 1690
1625 1669 1631
1635 1675 1641
1684 1676 1661
1644 1661 1642
1643 1665 1644
1671 1666 1665
1683 1646 1645
1649 1663 1645
1675 1691 1649
1682 1670 1683
1662 1676 1684
1642 1676 1658
1638 1655 1635
1687 1684 1685
1683 1645 1652
1690 1659 1686
1657 1669 1691
1660 1659 1690
1675 1657 1691
1640 1639 1660
1689 1670 1682
1683 1652 1681
1668 1666 1688
1685 1684 1648
1662 1684 1687
1658 1639 1636
1686 1659 1662
1653 1677 1672
1678 1633 1640
1646 1665 1643
1691 1663 1649
1647 1666 1668
1671 1670 1689
1635 1655 1675
1661 1676 1642
1669 1680 1691
1688 1666 1671
1675 1655 1657
1653 1680 1677
1663 1680 1653
1691 1680 1663
1692 1693 1694
1695 1696 1697
1698 1699 1700
1701 1702 1703
1692 1694 1704
1697 1696 1705
1706 1707 1708
1702 1701 1709
2491 2492 1699
1711 1712 1701
1701 1712 1713
2491 1699 1698
1573 1537 1714
1672 1619 1715
1716 1717 1718
2492 1191 1719
1720 1711 1721
1722 1723 1724
1140 1181 1710
1711 1706 1712
1725 1716 1718
1537 1539 1726
1651 1672 1727
1723 2493 1724
1042 1729 1730
1701 1713 1709
1042 1058 1729
1145 1140 1731
1732 1733 1700
1713 1734 1735
1736 1698 1737
1708 1707 1725
1178 1145 1723
1707 1738 1716
1716 2494 1717
1740 1736 1741
933 1042 1742
1743 1732 1700
1681 1651 1744
1539 1541 1745
933 1742 1739
1739 1742 2495
1058 1065 1746
1723 1722 1746
1711 1701 1721
1699 2492 1719
1651 1727 1696
1726 1539 1692
2380 933 1739
1729 1058 1746
1715 1740 1741
1742 1747 2495
1191 1212 1748
1749 1720 1750
1693 1692 1745
1696 1695 1744
1696 1737 1705
1735 1692 1704
1742 1042 1730
2496 1736 1740
1738 907 1751
2491 1736 2496
907 913 1751
1707 1716 1725
1573 1714 1718
1619 1621 1752
1621 1573 1747
1728 1740 2497
1713 1735 1753
1737 1698 1733
1713 1712 1734
2491 1698 1736
1712 1706 1708
1734 1754 1755
1723 1145 2493
1682 1681 1756
1541 1557 1757
1747 1573 2495
1619 1752 1722
1758 1743 1700
1726 1692 1735
1696 1727 1737
1722 1729 1746
1715 1619 2497
1759 1760 1693
1761 1762 1695
1752 1621 1747
1722 1752 1729
1760 1763 1694
1764 1761 1697
1763 1765 1766
1767 1764 1768
1765 1769 1770
1771 1767 1732
1769 1772 1702
1773 1771 1743
1772 1774 1703
1775 1773 1758
1727 1672 1715
1140 1710 1731
1145 1731 2493
1735 1734 1755
1736 1737 1741
1754 1714 1755
1075 1178 1776
1065 1075 1776
1734 1708 1754
1699 1758 1700
1754 1725 1718
2494 1716 1751
1651 1696 1744
1692 1539 1745
1178 1723 1776
1716 1738 1751
913 2494 1751
1537 1726 1714
1734 1712 1708
1693 1760 1694
1761 1695 1697
1733 1698 1700
1714 1754 1718
1768 1764 1697
1763 1766 1694
1723 1746 1776
1766 1765 1770
1767 1768 1732
1743 1771 1732
1769 1702 1770
1702 1772 1703
1773 1743 1758
1759 1693 1757
1695 1762 1756
1727 1715 1741
1752 1747 1730
1693 1745 1757
1744 1695 1756
1717 1573 1718
1746 1065 1776
1732 1768 1733
1766 1770 1753
1775 1758 1748
1703 1774 1750
1212 1775 1748
1774 1749 1750
1762 1682 1756
1557 1759 1757
1619 1722 1724
1740 1715 2497
1754 1708 1725
1714 1726 1755
1747 1742 1730
1729 1752 1730
1758 1699 1719
1701 1703 1721
2496 1740 1728
1745 1541 1757
1681 1744 1756
1737 1733 1705
1753 1735 1704
1726 1735 1755
1737 1727 1741
1768 1697 1705
1694 1766 1704
1770 1702 1709
1733 1768 1705
1766 1753 1704
1753 1770 1709
1703 1750 1721
1748 1758 1719
1713 1753 1709
1750 1720 1721
1191 1748 1719
1777 1778 1779
1780 1781 1778
1780 1782 1781
1783 2498 2500
1786 1787 1788
1788 1789 1786
1779 1790 1777
1791 1790 1792
2509 1789 1788
1792 1790 1794
1788 2499 2509
2500 2501 1783
1786 1792 1794
1794 1787 1786
1777 1797 1778
1778 1797 1780
1798 2498 1783
1782 1799 1781
1800 1801 1799
1799 1802 1800
1800 1802 1803
1803 1802 1804
1799 1801 1781
1777 1790 1805
2511 1807 1808
1809 1801 1800
1783 2501 2507
1803 1804 2506
2511 1808 1577
1808 1807 1812
1807 2502 1812
1814 1813 1815
1813 1785 1815
1804 1802 1816
2506 1804 1580
1782 1817 1799
1818 1801 1809
2503 1813 1814
1808 1812 1811
1819 2513 1821
1779 1778 1822
1578 2511 1577
1823 1791 1824
1581 1808 1811
1600 1804 1816
2504 1793 2505
2503 1803 2506
1827 1779 1822
1600 1816 1583
1827 1822 1818
1581 1811 2481
1577 1808 1581
1828 1786 1829
1814 1800 1803
1778 1781 1822
2503 1814 1803
1785 1819 1815
1830 1819 1821
1580 1804 1600
1814 1815 1809
1822 1801 1818
1814 1809 1800
1830 1818 1809
1816 1802 1817
1815 1830 1809
1831 1827 1818
1815 1819 1830
1830 1831 1818
1827 1794 1779
1781 1801 1822
1821 1788 1831
1830 1821 1831
1832 1798 1833
1817 1802 1799
1833 1783 1834
1834 2507 1835
1769 1777 1772
1836 1837 1832
1763 1780 1765
1838 1839 1836
1759 1840 1760
1798 1783 1833
1832 1837 1798
1834 1783 2507
1817 1841 1816
1839 1837 1836
1780 1842 1782
2505 1843 2508
1583 1841 1582
1843 1845 1839
2512 1846 1847
1772 1805 1774
1817 1848 1841
1791 1792 1824
2570 1789 2509
1828 1792 1786
1786 1789 1829
1807 2510 2502
1849 1845 1843
1793 1843 2505
1816 1841 1583
1827 1787 1794
1841 1848 1840
1788 1787 1831
2511 1850 1807
1819 1784 2513
1810 1846 2512
1777 1805 1772
1769 1797 1777
1780 1797 1765
1616 1851 2484
1749 1852 1823
1763 1842 1780
1840 1842 1760
1847 1851 1616
1774 1852 1749
2513 2499 1821
1846 2514 1806
2508 1853 2515
1582 1855 1557
2515 1853 1838
1557 1855 1759
1824 1792 1828
1829 1789 2570
1831 1787 1827
1849 1795 1820
1793 1849 1843
1765 1797 1769
1794 1790 1779
1813 2516 1785
1760 1842 1763
1805 1790 1791
1785 1784 1819
1843 1853 2508
1841 1855 1582
1793 1795 1849
1807 1850 2510
2484 1851 1806
1823 1852 1791
1839 1853 1843
1840 1855 1841
1840 1848 1842
2498 1856 1820
1821 2499 1788
1846 1851 1847
1805 1852 1774
1820 1856 1845
1838 1853 1839
1759 1855 1840
1820 1845 1849
1782 1848 1817
1837 1856 1798
1839 1845 1837
1806 1851 1846
1791 1852 1805
1810 2514 1846
1845 1856 1837
1842 1848 1782
1796 2514 1810
1798 1856 2498
2517 1858 1549
1859 1860 1861
1862 1863 2520
1865 1866 1867
1868 2518 1550
1862 1870 1863
1859 1871 1872
1872 1860 1859
1857 1871 2519
1549 1869 2517
1870 1860 1863
1863 1866 2520
1867 1872 1868
1836 1862 1838
1847 1858 2512
1832 1870 1836
1835 1873 1834
1834 1859 1833
1833 1861 1832
1872 1871 1857
2519 1871 1873
1867 1863 1872
2520 1866 1865
1550 1869 1549
1872 1857 1868
1863 1860 1872
1836 1870 1862
1835 2519 1873
1861 1870 1832
1833 1859 1861
1873 1859 1834
1867 1866 1863
1857 2518 1868
1861 1860 1870
1873 1871 1859
1549 1858 1616
1616 1858 1847
1838 1862 2515
2515 1862 2520
1874 1875 1876
1877 1878 1875
1877 1879 1878
1880 2521 2527
1883 1884 2522
2522 1886 1883
1876 1887 1874
1888 1887 1889
1890 2523 1885
1889 1887 1891
1885 1892 1890
2527 1893 1880
1883 1889 1891
1891 1884 1883
1874 1894 1875
1875 1894 1877
2524 2521 1880
1879 1896 1878
1897 1898 1896
1896 1899 1897
1897 1899 1900
1900 1899 1901
1896 1898 1878
1874 1887 1902
1903 1904 1905
1906 1898 1897
1880 1893 1907
1900 1901 2530
1903 1905 1221
1905 1904 2525
1904 2526 2525
1911 1910 1912
2526 2527 2528
1901 1899 1913
2530 1901 1203
1879 1914 1896
1915 1898 1906
1909 1910 1911
2529 1909 2530
1916 1917 2531
1876 1875 1919
1217 1903 1221
1689 1888 1688
1204 1905 2532
1198 1901 1913
1685 1890 1687
1909 1900 2530
1920 1876 1919
1198 1913 1197
1920 1919 1915
2533 1908 2414
1221 1905 1204
1668 1883 1667
1911 1897 1900
1875 1878 1919
1909 1911 1900
2534 2535 1912
1921 2535 1918
1203 1901 1198
1911 1912 1906
1919 1898 1915
1911 1906 1897
1921 1915 1906
1913 1899 1914
1912 1921 1906
1922 1920 1915
1912 2535 1921
1921 1922 1915
1920 1891 1876
1878 1898 1919
1918 2522 1922
1921 1918 1922
2536 2524 1924
1914 1899 1896
1924 1880 1925
1925 1907 1926
1764 1874 1761
1927 1928 1923
1771 1877 1767
1929 1930 1927
1775 1931 1773
2524 1880 1924
1923 1928 1895
1925 1880 1907
1914 1932 1913
1930 1928 1927
1877 1933 1879
1687 1934 1686
1197 1932 1213
1934 1935 1930
1926 1936 1937
1761 1902 1762
1914 1938 1932
1888 1889 1688
1685 2523 1890
1668 1889 1883
1883 1886 1667
1904 1893 2526
1939 1935 1934
1890 1934 1687
1913 1932 1197
1920 1884 1891
1932 1938 1931
2522 1884 1922
1903 1940 1904
1916 1881 1917
1907 1936 1926
1874 1902 1761
1764 1894 1874
1877 1894 1767
1218 1941 1217
1682 1942 1689
1771 1933 1877
1931 1933 1773
1937 1941 1218
1762 1942 1682
1917 1892 2531
1936 1940 1903
1686 1943 1690
1213 1944 1212
1690 1943 1929
1212 1944 1775
1688 1889 1668
1667 2523 1685
1922 1884 1920
1939 1892 1917
1890 1939 1934
1767 1894 1764
1891 1887 1876
2526 1893 2527
1773 1933 1771
1902 1887 1888
1882 1881 1916
1934 1943 1686
1932 1944 1213
1890 1892 1939
1904 1940 1893
1217 1941 1903
1689 1942 1888
1930 1943 1934
1931 1944 1932
1931 1938 1933
1881 1945 1917
2531 1892 1885
1936 1941 1937
1902 1942 1762
1917 1945 1935
1929 1943 1930
1775 1944 1931
1917 1935 1939
1879 1938 1914
1928 1945 1895
1930 1935 1928
1903 1941 1936
1888 1942 1902
1907 1940 1936
1935 1945 1928
1933 1938 1879
1893 1940 1907
1895 1945 1881
1946 1947 2542
2539 1950 1951
1952 1953 1954
1955 1376 1956
1953 1947 1954
1957 1958 1959
309 1960 1961
1706 1962 1963
1964 1706 1963
1001 1947 1946
2538 1951 2537
1967 2545 1968
1969 1955 1970
980 1946 1971
2539 1951 2538
1972 1957 1959
2560 1974 1950
1975 1964 1976
1977 1978 1979
1956 1980 1981
1982 1977 1979
1983 1975 1976
1707 1706 1964
889 1984 1985
1986 1987 1988
1951 1972 2540
2560 1950 2539
1990 1991 1992
1993 1994 1995
2541 1997 1977
1998 1999 2000
2537 1951 2540
2001 1993 1995
1991 1990 2002
2541 2003 1997
2004 1970 2005
1946 2542 2547
980 1001 1946
2007 2008 2543
2544 2011 2012
2013 2014 2015
980 1971 2016
2017 2018 1991
2019 888 1961
1001 942 1947
2020 2021 1982
1706 1711 2022
1980 1988 1981
1968 2545 2546
2024 1964 1975
1711 1720 2025
2026 1962 2027
2552 1974 2560
2029 2030 2031
908 907 2032
1946 2547 1971
1720 1749 2033
2034 2035 2036
2004 2037 1970
1984 2038 1985
2552 1953 1974
2039 2040 2041
2025 2042 2022
1962 1706 2022
2040 2039 2043
2044 2045 2046
2544 2012 2047
2011 2048 2012
1864 1865 1987
1951 2049 1972
2006 1948 2050
1999 1998 2038
168 2567 2052
1864 1987 2053
907 1738 2032
2054 2055 2056
2057 2058 2059
2046 2045 2577
1993 2019 2061
2062 2063 2054
2013 2033 2014
1986 2064 2053
2030 2065 2031
2542 1953 2552
2066 2050 1992
1967 1968 2067
2542 1947 1953
140 2573 2069
2070 2071 2072
2073 2074 2075
2021 2020 2064
1951 1950 2049
2018 2071 2070
1019 980 2016
2550 2548 2549
2008 1997 2543
2077 2058 2057
2078 2019 2063
123 140 2069
1984 925 2079
2014 2080 2015
971 1019 2557
1823 2065 2030
2033 1749 2030
1947 942 1954
1999 2001 2039
2059 2058 2031
1826 1844 1978
2063 2019 1993
1982 2082 1977
1829 2570 2550
1823 1824 2065
2083 2551 2559
2542 2552 2553
2055 2001 1999
1961 1960 1994
2554 2544 2047
2054 1993 2001
2555 2554 2047
2025 2013 2073
2050 2086 1992
2087 2019 2078
2556 2006 2046
2050 2066 2088
78 2089 2090
2091 1990 2092
2071 2093 2072
971 2557 2571
2052 2558 2555
2062 2054 2095
298 168 2052
2096 2083 2559
1996 2566 2559
2054 2063 1993
1738 1707 2024
1952 1954 2098
1987 1986 2053
942 908 1954
2006 2050 2088
1958 1957 2099
2065 2059 2031
2095 2054 2056
2070 2072 2100
2552 2560 2561
2101 2082 2021
1707 1964 2024
2064 2020 2053
2054 2001 2055
1749 1823 2030
2076 2077 2057
2017 1991 2002
2086 2102 1990
1991 2070 2066
2086 1973 2102
1999 2039 2000
79 78 2090
1974 1952 2103
1711 2025 2022
2049 1950 2103
108 123 2104
1977 1997 2008
2000 2039 2041
2034 2036 1956
2069 2562 2023
2035 2017 2005
2048 1348 2012
2062 2095 2045
1372 2105 2012
1984 2079 2056
2106 2563 2010
1350 2048 2096
2093 2078 2072
2469 2564 2565
1950 1974 2103
2096 2048 2083
2107 2082 2101
2566 1377 2096
1954 908 2032
1974 1953 1952
2052 2567 2558
2028 2086 2050
2026 2099 1963
2077 2076 2009
1949 2545 1967
1962 2026 1963
2017 2002 2005
2566 2096 2559
2107 2097 2541
2091 2067 2004
1949 1967 2102
2081 2045 2108
1369 1398 2109
2568 2567 2569
2021 2082 1982
2003 2084 1997
2044 2046 2111
1826 1978 2007
2550 2570 2548
2363 971 2571
1973 1949 2102
857 858 2112
2066 2070 2111
2040 2043 2113
845 847 2040
2029 2010 2080
2067 2091 2092
1828 2057 2059
2110 2114 2115
2018 2070 1991
1398 2116 2109
2055 1999 2038
1350 1348 2048
1829 2076 2057
1372 298 2105
843 877 2117
2469 1377 2564
2118 2063 2062
2083 2048 2011
1405 2107 2101
1348 1372 2012
1990 2102 2092
1405 1388 2107
2085 2094 2015
2572 2540 1959
1377 1350 2096
2104 123 2069
315 317 1998
1972 2049 1957
2069 2573 2562
2042 2025 2073
2074 2115 2075
2093 2087 2078
2020 1982 2119
2083 2574 2551
2106 2010 2029
1978 1977 2008
2111 2070 2100
1738 2024 2032
78 108 2089
2094 2013 2015
1990 2091 2002
1720 2033 2025
168 145 2567
2042 2073 2075
2120 2563 2106
1978 1844 1979
2121 1368 2101
1825 1826 2007
1363 1368 2121
2045 2081 2577
2078 2118 2072
1994 1993 2061
2065 1824 2059
1984 2055 2038
2567 145 2569
2030 2029 2014
2039 2001 1995
2025 2033 2013
2105 298 2052
2024 1975 2098
2122 1958 2099
1828 1829 2057
2020 1864 2053
2109 1986 1988
1983 2049 2103
1368 1405 2101
2114 2123 2115
2124 2575 2125
2083 2011 2574
2044 2062 2045
2120 2106 2058
2103 1952 1975
1824 1828 2059
2126 2117 2043
1965 1966 2023
2074 2110 2115
1975 1952 2098
2078 2063 2118
2099 1976 1963
311 842 1960
1363 2121 2116
2116 2121 2064
45 79 2580
145 141 2569
1991 2066 1992
2122 2576 2129
2027 1962 2075
2043 2117 2113
2118 2062 2044
2040 2130 2041
2019 1961 2061
140 150 2068
2131 1998 2000
1994 1960 2126
1968 2124 2067
1398 1363 2116
1378 1369 2132
2090 2089 1989
2089 108 2104
2002 2091 2005
2082 2541 1977
2086 1990 1992
1967 2067 2092
2036 2035 2005
113 144 2582
2556 2046 2577
2094 2051 2074
150 113 2581
2013 2094 2073
107 190 2128
2107 2541 2082
1957 1976 2099
1968 2575 2124
2580 79 2090
141 107 2579
2578 2120 2077
190 45 2584
2109 2116 1986
847 857 2130
141 2579 2569
2121 2101 2021
2045 2095 2108
45 2580 2584
2039 1995 2043
1957 1983 1976
877 845 2113
2068 150 2581
2105 2555 2047
2012 2105 2047
858 315 2131
2007 1978 2008
113 2582 2581
2120 2058 2077
2121 2021 2064
2540 1972 1959
2105 2052 2555
2038 1998 1985
107 2128 2583
2128 190 2584
2089 2104 1966
2132 1369 2109
1983 2103 1975
2033 2030 2014
857 2112 2130
2058 2106 2031
2040 847 2130
842 843 2133
2044 2111 2100
2557 1019 2016
845 2040 2113
2123 2576 2122
2112 858 2131
2102 1967 2092
1957 2049 1983
2578 2077 2009
2114 2576 2123
2117 877 2113
2129 2127 1958
1970 1955 2036
2557 2016 2060
2117 2126 2133
2079 2081 2108
1997 2084 2543
2036 1955 1956
2079 2095 2056
2029 2080 2014
2072 2118 2100
315 1998 2131
2004 2124 2037
2042 2075 2022
2034 1956 1981
1844 1854 1979
2067 2124 2004
2075 1962 2022
2122 2129 1958
1986 2116 2064
888 309 1961
2055 1984 2056
1995 2126 2043
843 2117 2133
1966 2104 2023
2132 2109 1988
1988 1987 1981
2118 2044 2100
1995 1994 2126
2089 1966 1989
2111 2046 2088
1344 1378 1980
2125 1969 2037
2046 2006 2088
2112 2131 2000
2126 1960 2133
2123 2122 2026
1378 2132 1980
2026 2122 2099
2127 2572 1959
1982 1979 2119
293 1481 1955
2091 2004 2005
2124 2125 2037
2112 2000 2041
2066 2111 2088
2115 2123 2027
2095 2079 2108
1961 1994 2061
1954 2032 2098
2032 2024 2098
1960 842 2133
2106 2029 2031
2094 2074 2073
1976 1964 1963
2104 2069 2023
1998 317 1985
1958 2127 1959
2130 2112 2041
2037 1969 1970
2115 2027 2075
2123 2026 2027
2080 2085 2015
317 889 1985
2016 1971 2060
1979 1854 2119
1854 2020 2119
2270 293 1969
1969 293 1955
889 925 1984
2087 888 2019
1854 1864 2020
1865 2034 1981
1987 1865 1981
309 311 1960
1481 1376 1955
1376 1344 1980
1376 1980 1956
1980 2132 1988
1970 2036 2005
2134 2135 1117
2136 2137 2138
2139 2140 1121
2137 2141 2138
1634 2142 2143
2138 2587 2136
2144 2145 2585
2147 2145 2144
1679 2147 1678
2134 2141 2135
1678 2586 1634
1117 2140 2134
2143 2142 2587
2143 2587 2138
2143 2138 2139
1679 2148 2147
2587 2146 2136
2144 2586 2147
1690 2148 1679
1927 2145 1929
1929 2148 1690
1923 2585 1927
1937 2135 1926
1926 2149 1925
1925 2137 1924
1924 2136 2536
2138 2141 2134
2135 2141 2149
1121 2140 1117
2147 2586 1678
2138 2134 2139
2585 2145 1927
2136 2146 2536
1926 2135 2149
1924 2137 2136
2149 2137 1925
2147 2148 2145
2145 2148 1929
2134 2140 2139
2149 2141 2137
1117 2135 1218
1218 2135 1937
2150 2151 2152
2153 2154 2155
2589 2157 2158
2159 2160 2161
2589 2158 2588
2161 2160 2163
2164 1544 2160
1624 2165 2589
2166 2167 2168
2169 2156 2170
1623 2166 2171
1623 2167 2166
2160 2172 2173
2593 2175 2590
2177 2178 2179
2160 1544 2172
1624 2156 2169
2180 2181 2182
2588 2158 2183
2161 2163 2184
2185 2591 2186
2589 2165 2157
2164 2160 2159
2187 2018 2188
2152 2189 2190
2191 2192 2193
2194 2195 2196
2197 2159 2187
2192 2198 2193
2163 2160 2173
2199 2200 2201
2187 2159 2202
2197 2187 2188
2203 2204 2170
2205 2150 2152
2154 2203 2155
2206 1674 2207
2205 2163 2173
2162 2203 2170
2208 2206 2207
2209 2210 2211
2212 2213 2214
2215 2216 2217
2186 2209 2211
2157 2194 2196
2218 2205 2173
1544 1623 2171
2206 2208 2219
1623 1624 2167
2156 2162 2170
2184 2163 2152
2588 2183 2591
2181 2220 2182
2191 2166 2192
1504 1544 2164
1624 1650 2165
2190 2180 2182
2183 2209 2186
1179 2195 2194
2195 1185 2221
2093 2222 2223
1179 1185 2195
2093 2071 2222
2159 2161 2202
2158 2157 2196
1123 2215 2217
2213 2034 2214
2183 2158 2209
2161 2184 2224
2225 2226 2227
1170 1179 2194
2163 2205 2152
2203 2162 2155
2222 2187 2202
1650 1674 2206
2226 2228 2227
2229 2230 2231
2175 2593 2232
2178 2177 2233
2071 2018 2187
2017 2035 2230
1152 1161 2208
2034 1865 2214
1121 1123 2217
2200 2192 2201
2191 2193 2234
2224 2184 2182
2175 2232 2235
2233 2177 2225
1555 2229 2231
2591 2183 2186
2184 2152 2190
2592 1544 2171
2230 2229 2236
1624 2169 2167
1504 2164 2229
2188 2017 2236
1123 1152 2215
2035 2034 2213
1161 2237 2219
2233 2225 2227
2215 2208 2207
2230 2213 2231
2164 2197 2229
1185 1184 2221
2087 2093 2223
2210 2209 2238
2157 2239 2194
1152 2208 2215
2230 2035 2213
2208 1161 2219
1555 1504 2229
1170 2194 2237
2017 2230 2236
2018 2017 2188
1161 1170 2237
2215 2207 2240
2231 2213 2241
2165 1650 2206
2166 2168 2192
2216 2240 2242
2241 2212 2243
2194 2239 2237
2184 2190 2182
2244 2245 2246
2247 2248 2249
2169 2178 2233
2593 2592 2232
2223 2222 2250
2216 2215 2240
2213 2212 2241
2244 2221 2251
2223 2248 2252
2235 2232 2234
2227 2228 2201
1632 1634 2242
1550 1568 2243
2157 2165 2239
2164 2159 2197
2195 2221 2253
1867 1868 2212
2143 2139 2216
1588 1555 2231
1674 1664 2207
2221 2244 2238
2248 2223 2254
2171 2166 2191
1568 2241 2243
2240 1632 2242
594 505 2180
356 438 2255
505 549 2181
354 356 2256
2192 2168 2201
549 563 2257
390 354 2258
1568 1588 2241
1664 1632 2240
1588 2231 2241
2207 1664 2240
2161 2224 2202
2209 2158 2196
553 594 2259
438 439 2185
2087 2223 2252
2221 1184 2251
2239 2165 2206
563 514 2249
389 390 2246
552 553 2189
2288 458 2594
2232 2592 2171
2169 2233 2167
2222 2071 2187
2167 2233 2227
2245 2244 2251
2248 2247 2252
2232 2171 2191
2261 2218 2174
2204 2262 2178
2261 2174 2176
2178 2262 2179
661 552 2151
458 459 2153
2193 2263 2234
2204 2178 2170
459 394 2154
690 661 2150
514 558 2247
562 389 2245
2220 2254 2182
394 424 2264
676 690 2265
424 737 2266
706 676 2267
737 574 2262
2308 706 2261
574 580 2179
679 693 2590
580 581 2177
719 679 2175
581 742 2225
645 719 2235
742 747 2226
643 645 2263
747 675 2228
675 654 2199
733 643 2193
654 656 2200
656 733 2198
2220 2257 2248
2258 2210 2244
2178 2169 2170
2172 2174 2173
2229 2197 2236
2203 2264 2204
2265 2205 2218
2143 2216 2242
2212 1868 2243
2255 2185 2186
356 2255 2256
2180 505 2181
549 2257 2181
2258 354 2256
2202 2224 2250
594 2180 2259
2255 438 2185
1867 2212 2214
2216 2139 2217
2218 2261 2267
2262 2204 2266
2244 2210 2238
2220 2248 2254
2204 2264 2266
2265 2218 2267
1865 1867 2214
2139 1121 2217
1634 2143 2242
1868 1550 2243
2258 2244 2246
2248 2257 2249
390 2258 2246
2257 563 2249
2168 2167 2227
2232 2191 2234
2224 2254 2250
2185 439 2260
553 2259 2189
2181 2257 2220
2258 2256 2210
2259 2180 2190
2174 2218 2173
2209 2196 2253
2254 2224 2182
2151 552 2189
458 2153 2594
2151 2189 2152
2594 2153 2155
514 2247 2249
2245 389 2246
2154 2264 2203
2265 2150 2205
2221 2238 2253
661 2151 2150
2153 459 2154
394 2264 2154
2265 690 2150
676 2265 2267
2264 424 2266
737 2262 2266
2261 706 2267
2239 2206 2219
2308 2261 2176
2262 574 2179
580 2177 2179
2175 679 2590
719 2175 2235
2177 581 2225
742 2226 2225
2263 645 2235
2226 747 2228
643 2263 2193
675 2199 2228
2199 654 2200
2198 733 2193
656 2198 2200
2196 2195 2253
2255 2186 2211
2200 2198 2192
2222 2202 2250
2238 2209 2253
2256 2255 2211
2228 2199 2201
2254 2223 2250
2210 2256 2211
2197 2188 2236
2237 2239 2219
2168 2227 2201
2263 2235 2234
906 562 2245
1184 906 2245
558 888 2247
888 2087 2247
1184 2245 2251
2247 2087 2252
2185 2260 2591
2189 2259 2190
