2595 2
-2.60985385432304 -0.621739431774934
-2.79970589191327 -0.50148917112885
-2.79003762020729 -0.811078800578259
-2.98583442761528 -0.651607718434182
0.113031880801433 -2.95792312588724
-1.07311864375175 -9.62624444024781
0.106009400119916 -2.7061959445957
-2.87769636707818 0.766510019903702
-2.6585231887223 0.532995286014762
-2.6440492437804 0.766727982010154
-0.617536736844359 -2.40231888185965
-0.683730247778381 -2.08853211976939
-0.863474458022517 -2.23973665174096
-2.87431081824732 0.576801554210635
-0.820631121524058 -2.51093356025206
-0.784570772549976 -2.80657847959875
-0.631873169551359 -2.64470196051472
-2.11186480795949 0.971728910559654
-2.22724507739278 0.776390058613359
-1.93874019541408 0.777142222679588
0.360445320600192 -2.73037817309392
-2.05111765550748 0.605306062700649
-0.377890536188721 0.430610489916333
-0.559968019693848 0.285308162623276
-0.349697808024596 0.165496097611904
-0.145957515303109 0.333952299373609
-1.01275986992019 -2.6398419809038
-2.52308415915913 -1.72479675127885
-2.7140170002313 -1.3927506818341
-2.72442452549428 -1.69211075587021
-2.50853706978497 -1.43520156803073
-2.50408546832168 -2.0244573334232
-2.68283849940839 -1.97652443118898
-1.85222932798766 -2.71373888510195
-2.05116729210117 -2.59426068942929
-2.02137336914303 -2.9116324736
-0.457938005134368 -2.21901063730071
-2.6539550398486 -2.61791912986255
-2.42925226806102 -2.73235516966886
-2.48216616304493 -2.47239895617196
-2.76784524643319 -1.09211883679201
-2.59644791314374 -0.889178424165921
-2.56489954408503 -1.1842599442523
-2.22554866144119 -2.73506691514139
-2.64710944342469 -2.2956564913517
0.194892379537691 -0.570548597634872
-0.0603245211803354 -0.450124659306494
-0.0136069815088765 -0.733578738082968
-2.63349075082183 -2.84541175568659
-0.531282225141267 0.764087364903148
-0.758726755987532 0.763240650023706
-0.603258667270519 0.541003057930594
-0.251637291698592 -0.61486338391809
-3.11419531681349 0.747395146517661
-3.01097370601251 0.479216713708488
-1.4030072337677 0.515348038401412
-1.22654824014398 0.633985639645677
-1.45806262188869 0.754455872627528
-3.24498799393898 0.602356364792369
-0.14833591244906 0.0913080413865317
-2.42727314610748 0.766062234160353
-2.25408136454527 0.541186857047435
-2.45807271825786 -2.25813245187718
-0.324388338734193 -0.0912417000829834
-0.11351706138918 -0.174969354402726
-0.834160351472371 0.587632010368772
-2.47570468633867 0.590262694265468
-2.79345679619718 0.380224657696026
-2.9094774257774 0.23250337011584
-2.94746638861069 -0.135684056548254
-2.97166047160478 -0.38723866999566
-2.80567519192741 -0.248400227898048
-0.28502282698044 -0.345875806463616
-0.304481606326682 -2.07413343682086
-0.51245968700696 -1.95112285359796
-2.71260493748178 0.139502971246191
-1.803467376961 0.533640398650503
-1.719272326627 0.756990501127429
0.255757375763333 -1.11417240989092
0.241620634733638 -0.839752537920398
0.0113596785494875 -0.998475839314618
-1.25207766269622 0.832540359671118
-0.245347812976899 -2.32736534524838
-0.294867412226287 -2.80634937833649
-0.210656828736478 -2.59227055647916
-0.443842589589044 -2.62214358231966
-0.190201394967083 -1.40882681556418
-0.372633244673737 -1.54916214486291
-0.182163139099459 -1.67947334733477
0.00234708304173352 -1.54090250795675
-0.902351356167486 -1.96719916366007
-1.11792276535919 -1.84164227142723
-1.08655394454241 -2.11042409831204
-0.0121882737990721 -2.43937483484547
-1.59010169450807 0.588224037603067
-2.63352703181998 -0.355792196490067
-2.65973263739822 -0.105554809542025
-1.30354871019018 -1.98526003969201
-1.3337727492259 -1.71483793321146
-1.18712496505484 -2.77865958408983
-1.13105883151824 -3.08137441354811
-0.987831203349169 -2.86378124407265
-1.58638471601502 0.380992199885926
-1.77281082443445 0.26180765410151
-0.0985873154601882 -2.19296925654102
-1.997844160403 0.388687224581091
-1.9563817798623 0.134729701811647
0 0
0.233744697497853 -1.39400298679621
0.0154768866858189 -1.26433643346623
0.240968185253263 -2.53696550866924
0.121872406648314 -2.30350351926625
-1.51922483246313 -1.85802758887744
0.382245133474104 -2.39634353069257
-1.73759383898047 0.00436367219289382
-0.96410739630337 0.267366834563577
-1.18334142008724 0.391132222261106
-1.15143160365302 0.135803189897318
-1.65696821389731 -2.5452185728135
-1.87014322825074 -2.43141611030178
-2.56762258757775 0.275584234863812
-2.41790634291836 0.392050532609724
-0.0276206608091669 -1.81966930268616
0.164969167244147 -1.68205251334354
-3.00671381697619 0.107197534974568
-2.83522562350432 -0.00817822032860014
-1.88229307703402 -0.381926273313158
-1.70269979042226 -0.253920718217335
-1.91788816903422 -0.122110606798633
-2.86441472432617 -2.49536342550994
-3.38927378629267 0.482566511024999
-3.11863597880157 0.354635913614331
-3.00000000000082 -8.19788681383216e-13
-0.176886252594461 0.596586389097861
-2.858829167139 -1.83674217055094
-3.00000000000076 -2.00000000000009
-2.85322866554072 -2.17254038697753
-1.5474141703437 -1.58604017184065
-1.68061405544855 -2.27978415242348
-1.8967304418725 -2.15145253946726
1.4210854715202e-14 -2
0.0374383206091885 0.223035312075152
0.00876729698840623 -2.07211402740776
-0.93417940664016 0.0119208829803003
0.525054262372684 -2.63735144940339
0.0686412041892782 0.464185027948051
-2.9542492635156 -0.935074093328936
-3.16249348500891 -1.03974465736442
-2.94163778697593 -1.21912176100911
-2.09475724316943 -0.247755144347097
0.216078582598859 -2.17626366021187
-3.1747167584203 -0.763626186254302
-3.06067353057289 -1.63071817935636
-2.90472319725792 -1.51350250132737
-3.50979500308589 0.730531538208121
-2.64562685977834 -2.02121707423171
-2.08988120947123 -2.30405293445889
-2.28673560480267 -2.46234317437856
-0.158736412889895 -1.94163071217912
-2.32310013418787 -2.08504795634936
-3.23498621488663 0.240941857455144
-1.52099669655248 -0.12499703149184
-1.55485614117401 0.131996049295216
-0.746721697530363 0.14551161496623
-2.35030148164776 0.142794676734638
-1.23786772457883 -2.5207761483059
-2.13417595540878 0.010342409515892
-2.17690387362809 0.265028630986369
0.0824483015242702 0.716840576692396
-0.346379639072531 -1.81329097980343
-3.10613674778096 -0.240913926067883
-0.722557892962302 -1.82535773718294
-1.70683325044874 -2.00326142148949
-1.36987467626627 0.261062007284206
-1.33701584992975 0.00506563601821811
-2.30633604346518 -0.112541914858361
-1.34231611379059 -2.90840467699079
-1.46035470677361 -2.40151220471815
-1.73355728888227 -1.72712020337351
-1.92029735133675 -1.87071093455833
-3.1232211961378 -1.32683636472564
-0.779691040892328 0.391827403274415
-0.54749528620894 -1.68725824038456
-1.4908032711972 -2.13117813584985
-1.76074263602932 -1.45246211042776
-1.94567017039028 -1.59156056200999
-1.66903665221556 -0.514962220130451
-3.15771285792199 -0.496645113310458
-1.36294844280359 -1.44532901527296
-1.57650164296559 -1.31432915495651
0.116852686731082 -0.301757260079622
-1.84903022527826 -0.644742144429344
-1.63706083595744 -0.778774836677003
-0.755664923104878 -1.56120097606269
-1.27219949936358 -2.25511263762842
-0.935349860540235 -1.70022680307419
-1.05134348830484 -2.37528028471184
-0.967080489632983 -1.43471571971737
-1.60620737513502 -1.04528537213966
-1.393197397655 -1.17728542353145
-1.42454232259686 -0.910746693632122
-1.81810228625619 -0.91072090519571
-0.719362023113406 -0.111888832215948
-1.48782230004882 -0.384476593845986
-1.14898687883745 -1.57366474606595
-1.97229255873321 -1.31525386144931
-1.3048708309072 -0.253309300320362
-2.10905981462863 -2.01731926847722
-1.21094537010963 -1.04099470241663
-1.17994346674327 -1.30695895279448
-2.50938068593221 0.0239925743114271
-1.12025643394034 -0.121263185041449
-1.01865283537613 0.757413616441569
-0.999594788541078 0.506364763739973
-0.904540474060251 -0.246715656515791
-2.06001723727522 -0.508887411308116
-2.29933947137116 -2.15664332902128
-0.997614306348904 -1.16960385347419
-0.874330573907134 -0.507577444991962
-1.0893786636774 -0.380908682431321
-1.05909350368727 -0.642642311925191
-2.26884314084808 -0.37134631856873
-2.23687528589317 -0.634434143740681
-2.4146632914293 -0.757977247770394
-2.2084035711239 -0.902207480104813
-0.534760754470275 0.0236900379770253
-1.78881125946748 -1.18007768421329
-1.27326747347872 -0.514008850974884
-0.785390494126195 -1.29673426508817
-0.844182470768928 -0.769975660197538
-1.24209848180424 -0.776131913571746
-0.393097693356989 -1.28534808682955
-1.02787346089987 -0.90530727089066
-1.45583981791703 -0.646266436989974
-1.62486195524488 -3.13360268635059
-1.37758979914362 -3.10672725906663
-1.52579327050315 -2.88701374641868
-0.575979454731358 -1.42321062537184
-2.15617654486531 -1.45099722687681
-2.44175343872524 -0.4922663780889
-0.814269952284896 -1.03319375801201
-0.658444871445056 -0.633414593520532
-0.628894555494723 -0.896940871780678
-2.02859421981856 -0.77382477178762
-0.440319480585335 -0.758814024386876
-0.414148988545737 -1.02242825311667
-0.884708971665967 -3.0573550219801
-0.638429890693035 -3.03403478048279
-1.62989044048747 0.973117618856749
-1.8706413477161 0.97208279296039
-0.400332560309427 -2.43421965408944
-2.12491980668188 -3.19477267147664
-1.87387681654902 -3.16313368710197
-2.38989929050648 -1.02974710951328
-2.4639297678626 -0.23494434603929
-0.908472251980963 0.977911273730648
-1.14894754212307 0.976354882915592
-0.218646557495509 -0.883916681794635
-2.38009176875023 -3.22921705181061
-2.27002570279161 -2.97121432992726
-2.35349349556599 0.972214076770182
-2.59635044753828 0.973514940806167
-0.390628357196613 -3.01025200801086
-0.141015040808524 -2.98534528185662
-2.13129310382781 -1.73267602448667
-2.3177782794272 -1.87453296622174
-1.99961119893226 -1.04260999691123
-2.1818904767966 -1.17433651628682
-0.667332335186994 0.978926718547315
-0.505597268132896 -0.234718054932673
-1.38945874839806 0.974628379553754
-2.64167010680151 -3.26520834917204
-2.51230389869629 -3.00810685427239
-0.68919516530327 -0.371452664829818
-0.472410928928646 -0.495117793093512
-2.91389327823257 -3.30109112700021
-2.75536482727803 -3.0394650334203
-0.424407518340922 0.979003401080904
-2.84083686944791 0.975485702574625
-3.08870749689601 0.977818402907228
-2.87232251023862 -2.81322410329656
-2.33239835772066 -1.58947978455718
-0.200069152220707 -1.14401144456032
-2.35703400043129 -1.30885026862558
-0.60205980604006 -1.15992787686398
-1.99736620826382 -2.14821368540102
-1.44867641403449 -2.68336879694184
-0.177282876932411 0.977820439498965
-0.308038860025386 0.78521127801545
-3.34208323947242 0.98024921527567
-0.534855260862072 -2.84233205591461
-1.66544557840971 -2.75681900082906
-1.76464843724754 -2.93659813046724
-1.11037787050038 -9.35131345207099
-0.402496652248357 0.630065229089384
-0.0889740730864548 -2.80251579793497
-3.60637948114437 0.982480775064097
-3.34472788170586 0.798731792253054
0.078684447938799 0.975460932882307
-0.106253857623743 0.79716055005233
-1.66735684495719 -2.19999887096095
-2.96895931478279 -3.08489756630112
-4.84186834956558 -5.93801525841526
-4.84988252903521 -5.78500928701604
-5.06373585157735 -5.84283431640461
-3.99873065259906 -5.96153574338852
-4.35127374421682 -5.93415763344604
-4 -6
-4.62184772351047 -5.85746182461043
-7.04416222652078 -6.19264492047724
-7.23006870476216 -6.0268013266775
-7.27610213044221 -6.13442156421641
-8.11213393545752 -5.34522571933308
-8.13357770591347 -5.52473876529242
-7.90939973977092 -5.42882912974236
-8.7223051889747 -6.26772360274546
-8.88574717280145 -6.29512272403781
-8.67510650126716 -6.4474199383274
-8.51754238843317 -5.51260290066812
-8.32806828815239 -5.6029236704728
-8.31219048264019 -5.43024724542045
-3.87276053281044 -5.81786946089085
-7.91783965313052 -5.5975229318843
-8.14459404498715 -5.68796946106468
-7.91803516813701 -5.74749733156692
-7.01151766432042 -6.10300709813932
-8.96859919669254 -6.01656498672333
-9.13039710351202 -5.79940690820799
-9.04181127336495 -6.08000547215699
-4.42219888269179 -6.0508133067409
-8.80300795877736 -6.4744474173183
-7.68852403448072 -5.81339208218778
-7.90517231139218 -5.87909584623017
-7.66087347938943 -5.97060105126787
-9.1885958560164 -5.93643781426561
-7.4737391677783 -5.90584154348631
-7.69765362862695 -5.67007488394477
-8.36066240221233 -5.74655981130414
-8.53804400084569 -5.65890877853414
-5.93024835005355 -5.99274108831706
-5.70356465999606 -5.99477553283498
-5.68944036150848 -5.84702820055379
-9.39565895992991 -7.32840271969263
-4.65990068689474 -5.55661149113331
-9.4804760040944 -7.53647380389634
-4.6416956719396 -5.71704573272987
-4.416362894177 -5.79406104870757
-4.43975799753743 -5.6463095611282
-8.11917564581925 -5.8260558195102
-8.13973819921114 -5.94348121760897
-3.73265919933412 -5.77155975518269
-5.10204309708901 -5.96124047854617
-4.86034724205217 -5.63475754899425
-5.9050166395545 -5.82405036439935
-6.09667026133119 -5.61750024719243
-5.88257868151638 -5.49302836536901
-6.08785685257219 -5.44319812913871
-7.9022534006171 -5.9848176255943
-5.68118764845662 -5.69846992376316
-5.67781314943394 -5.54168622366304
-5.89202000936828 -5.66262296384425
-9.57296775828989 -7.74528448611621
-9.67365338050657 -7.95285570659596
-4.87005064443643 -5.47707050994075
-5.88094204112182 -6.08254380246735
-5.72160635408544 -6.1362019523948
-8.59368998400541 -5.77121857276769
-4.46996855906158 -8.05926575153601
-4.60630558272921 13.8039434669492
-4.46679201846677 13.7021158054325
-5.67190567792462 -5.37522223869592
-9.20155110120448 -6.32862035681926
-5.88099464628618 -5.32200890106409
-4.34940288151271 13.8292162974816
-3.95842544864991 -6.18866421133887
-4.13830791650368 -6.31974612089592
-4.03481247611132 -6.420284228431
-5.06222349834662 13.9540735305587
-5.20498633250927 13.8145928194524
-5.06490563895627 13.7127671148134
-9.36518704896385 -6.07845159670759
-9.19481305035198 -6.08891567598352
-9.31452619805023 -5.92272597944495
-9.02409426854652 -6.32877068999014
-8.84091046128106 -6.32927803789885
-8.96062205647478 -6.1260386352078
-8.45956144111989 -6.32971851449231
-8.3861617357801 -6.13059911483253
-8.57936703143353 -6.13227571031641
-6.12369125087644 -5.9512599053512
-6.10831505141818 -5.78701889881225
-5.66841902397804 -8.04037466897833
-5.81491147233897 13.8192303564916
-5.6735553495765 13.7203178125757
-8.51017329842913 -5.9326546909233
-9.1430521529228 -6.12491427323632
-3.82746368500576 -5.98427939695616
-4.93644137522084 13.8377855536859
-3.90382880081925 -6.29901008083761
-5.54032649042453 -6.01731044553396
-6.28305140490394 -8.03917989410376
-6.43018826438064 13.8213227294077
-6.28915666402985 13.7234192064849
-8.06383033320304 -6.32965721710122
-8.18740742750877 -6.13079399920336
-8.26406115669909 -6.32884524587257
-8.65288946788448 -6.32935787373398
-6.59777788079425 13.5352663063385
-6.49985473360459 13.6716599896925
-6.69652736552859 13.6897824373279
-4.93860318582708 -6.70205886339826
-7.70313353038769 -4.25934721846387
-7.51229141496561 -4.16709101737973
-5.97962082707377 13.5338881444079
-5.88166798010903 13.6692028462412
-6.07608973922629 13.6883345890517
-6.60568085180437 13.8256222188683
-7.20403844924508 13.7869189691457
-7.35815315954936 13.694484499574
-7.21509498392211 13.5333311557838
-8.7716647963377 -6.1294119217345
-5.36522497948469 13.5287472586358
-5.26957407820764 13.6642992037653
-5.46214546149718 13.6844596280585
-8.31261188134859 -5.93448787874631
-4.7588744262363 13.5182259836455
-4.6673387269348 13.6540112303702
-4.85668303144875 13.6755005893757
-6.89973924398394 13.9586782429068
-7.05166250057577 13.8136525970321
-6.90644786623412 13.7230694299902
-5.54133948822162 13.8453993853844
-7.08665974720064 13.6654487910161
-9.26023391754126 -6.23154793403369
-5.97727797154783 13.8084015076192
-7.80770087564787 13.7770506514489
-7.96688396203631 13.6845430431694
-7.82695118536305 13.5272694615961
-6.08122833094946 -5.26438237381487
-6.07623387159126 -5.08144189402424
-5.36513586174249 13.8051839759268
-7.86381329265568 -6.32764610008993
-7.98587261805214 -6.13025057852696
-7.51238962464729 13.9531079759468
-7.66083282742145 13.8067674159157
-7.52013481623871 13.7191343826649
-7.78180150661732 -6.13151792972983
-8.40567443910687 13.7627955544982
-8.56262194431822 13.669723809872
-8.42931226976966 13.5151807805342
-7.22018169450916 -6.70696662692346
-7.33664095143865 -6.51374555871533
-7.42693085776356 -6.70721113191776
-4.76329851729742 13.7965448711154
-6.90178495295987 -6.89689070314962
-7.01519170361798 -6.70454146514099
-7.10871966544273 -6.89570278277607
-4.8443739113197 -6.89362635260503
-8.89472815541042 -5.92755141927076
-8.7042081815491 -5.93040505426173
-6.15520549299726 -8.15182156112899
-8.98699344302099 13.7383305191525
-9.1425482979805 13.6415695134742
-9.01903838339578 13.4931529903421
-6.48664220860884 -6.89490815667355
-6.27369623412372 -6.89650420548628
-6.3865071808775 -6.70383034557188
-7.6877254317043 13.6640275454253
-6.17646137189766 -6.70331894635403
-8.11479741610159 13.9426779031631
-8.26294387234176 13.7953117481309
-8.125060059882 13.7102277098893
-7.66127090372793 -6.32468828934958
-5.86030343663429 -6.89375042662647
-5.65020956822535 -6.89562171422562
-5.75626188251524 -6.70277217225008
-5.55020548602497 -6.70235562897078
-5.24584298862779 -6.89368187464189
-5.04424663932366 -6.89338043431604
-5.14023695887141 -6.70219930952061
-7.50710704449678 -5.10847210649262
-7.50414091193135 -5.28338376201819
-7.30811530390654 -5.21527958084954
-7.5739103140858 -6.13132192261883
-6.69396640385245 -6.89656496372818
-6.80934639473963 -6.70372198813817
-6.60135625388819 -6.70356457100135
-8.70150088289692 13.9241902298686
-8.84800674125458 13.7742615181473
-8.71657263780219 13.6932609610049
-6.06701574787039 -6.89495128775066
-5.96740013108986 -6.7026454007816
-7.703444304315 -5.18438634787745
-6.77305371388292 13.8492892221923
-5.35713035191313 -7.83512415959284
-5.25404122687197 -7.64770945049587
-5.45910326275453 -7.64575738639967
-7.48557581103741 -5.76399205538295
-7.27319023337446 -5.8687433389633
-7.28639987683425 -5.71576316547681
-8.68460017545582 -7.29909683532089
-8.77763720340406 -7.49385245554566
-8.58782055861685 -7.48788216429485
-7.10762345973502 -5.32606392041607
-7.10051943888149 -5.49909845885129
-6.90596743776159 -5.44278354581205
-8.30070331785326 13.6473792756234
-7.07637360354944 -5.82583548017418
-7.05476981722913 -5.97343929303274
-7.29625656160964 -5.55554758505582
-7.3029334135689 -5.38879391220448
-7.50023895591614 -5.45169140998928
-5.44742241437647 -6.89435944190024
-5.34613318520386 -6.70184235650998
-6.8696876826183 -5.94926932364899
-4.92113438470338 -6.31928241950138
-5.03484848784673 -6.51098275213388
-8.10916178089268 -7.28633746066288
-8.20495477740949 -7.47684339545626
-8.00716227022025 -7.47380726101853
-7.5093899835147 -7.27890253507559
-7.60868898384526 -7.46734023731166
-7.40467448596715 -7.46580626181046
-7.31938815631551 -4.27839785321801
-5.96761662732095 -7.83280007317028
-5.86356073614136 -7.64593839656295
-6.06866589029003 -7.64529240161182
-7.12549688051089 -4.19458139472453
-9.66391987672257 13.6273473985453
-3.8502348912069 -6.39956398992385
-9.78606203033626 13.436668674168
-4.7600094434245 -7.84304689388348
-4.6629441871293 -7.65650074890312
-4.8580499249267 -7.65206409201059
-8.96377393782925 -6.43195782531464
-9.08552651647499 -6.24248858643198
-7.12985592980119 -6.51223760235339
-7.12005203485264 -4.77833653091918
-7.31678532079409 -4.66490161653363
-7.31490156661821 -4.85260236258291
-7.49416543526933 -5.61218576059428
-9.20036854731073 -6.56903295690925
-9.14063557124333 -6.40374272820567
-10.3220140892519 12.6166583662002
-7.09097803057289 -5.66709609778639
-8.7284485642772 -5.5972275339296
-8.75723966351902 -5.75240049802376
-7.11725385542822 -4.96528887398556
-7.12404325909593 -4.39315213169375
-6.89682193536002 -5.61672899475337
-7.31792219272043 -4.47368417539647
-7.12197571255489 -4.58741577812558
-6.92276827653345 -4.89527731944754
-6.91848745340686 -5.08174703925186
-9.97679462420314 13.4168329918237
-7.83558637795425 -6.71122064562538
-7.63302993002555 -6.70895739785592
-7.74615276048995 -6.51969896310039
-6.84940854898611 -6.10703969893226
-4.16825570644012 -6.60439248987475
-8.81710264975494 -6.61249008533862
-9.00920765429887 -6.58992458802288
-6.14408651305105 -6.109883738813
-6.88504795977314 -5.78562264200571
-9.2984150521266 13.6435182107261
-9.47965213281909 13.6409399858262
-9.40463488848968 13.4696687970682
-5.26829765157191 -5.78052791792389
-5.0682174942797 -5.7074284487886
-7.51070446979902 -4.74612270476887
-7.50936401019421 -4.92963717181928
-5.27392588431048 -5.64835460348672
-5.06970351868236 -5.55893817679196
-3.7913623268487 -6.14407396591928
-7.90641717950496 -5.93759460171039
-9.31024694942842 -7.12605295469628
-9.22309906431417 -7.32081744816784
-16.4654417818047 3.41759444064125
-3.50669354821092 13.6345112980348
-3.69275599794498 13.6473274646064
-7.69788331810229 -5.93909830240427
-7.48560558610413 -5.94072311662697
-9.14026014858903 -7.11884607512804
-8.88936915756012 13.626432557169
-9.59562174064327 13.4544175384868
-9.31111942224086 -7.52320508648067
-9.40400287364303 -7.7264856195225
-3.87987862143692 13.6553421122952
-3.77484834790742 13.4787632657277
-7.11298250005796 -5.14807159331596
-5.0720075815216 -5.40073595409685
-7.70449911665597 -4.8288853204519
-8.50386778613194 -5.3417596900273
-7.70032590658166 -5.51500357376106
-6.9130687475596 -5.26420989139066
-9.0488561863131 -7.31225781210595
-10.3911240478837 12.449553540173
-7.31176143419409 -5.0359216612333
-7.38977065369238 13.842920558551
-5.95181670450211 -6.19522404333845
-8.30144117236504 -5.25331129825206
-5.27260444523349 -5.49373279439311
-8.70792952716332 -5.43483507273998
-9.21250288115909 13.4824870342359
-9.47078036090651 -5.90767629476102
-5.48072943252542 -5.74199154308334
-5.47327595879431 -5.89198329651904
-3.96874072462862 13.4898590488583
-4.07368485795225 13.6712355446857
-4.26585310323509 13.6783727932494
-4.16397539278719 13.4991097428244
-8.4002772243689 -7.85891688873666
-8.30132536412042 -7.66805556098959
-8.49329512620248 -7.67372715482035
-9.13838279491221 -7.51156806991674
-8.78392785027507 -7.87480301743538
-8.97004450898398 -7.88350012648078
-8.89176215714628 13.9327745426902
-9.07290936322449 13.9287362125802
-7.7076665757008 -7.65687835625742
-7.90675229931679 -7.65978945762342
-7.80646772578563 -7.84578009993112
-7.36435826688718 -6.13172145587659
-7.09796124360675 -7.64984728639989
-7.30158370998858 -7.65163843557527
-7.19906764850404 -7.83807826331209
-6.07230188194623 -6.51331864195047
-5.8608129612153 -6.51239108681223
-6.37691619658632 -7.45875868470736
-6.17140144600892 -7.45847732885624
-6.27399461276769 -7.27141835741664
-5.65640851858585 -7.27081988385258
-5.7606242292434 -7.4584949780807
-5.55799257503445 -7.45845136970377
-8.96394874474428 -7.1126496892421
-8.86938583130461 -7.3048309069458
-6.06227566531848 -6.13364756075614
-6.17508801838774 -6.32373674277534
-5.96076367295791 -6.32309370836652
-8.78235511619598 -7.10755554209434
-7.92606101475517 -6.90221694486028
-8.12439163057512 -6.90403619306328
-8.01675046638702 -7.09382881745237
-5.94555412763002 -5.9432557551155
-5.84608427559967 -6.13259992459603
-5.72773245837051 -5.94160431159868
-8.59277732883331 -7.86457589879168
-6.71696925909923 -6.13450578566103
-6.93462513050662 -6.13391006746235
-6.82132665740344 -6.32396830375099
-9.5033086313028 -7.92879293273067
-6.60599191548482 -6.32412690256689
-7.51150766105798 -4.55791221619333
-8.59631469393989 -7.10317237788739
-6.60986389250934 -5.94538831419109
-6.49846157247964 -6.13468509289319
-6.3876657751846 -5.94535419885698
-8.50269247430667 13.9560514046918
-8.49582398045888 -7.29396020970179
-6.28000263644973 -6.13436649541997
-5.47323324008957 -5.4320755928505
-6.92616378170136 -4.70494948785735
-7.15079489383526 -6.13300117679922
-7.24533199229762 -6.3215850070351
-7.03554312137005 -6.32348442771755
-7.51202336345925 -4.36577002351092
-8.40649307056856 -7.09943389715202
-5.44333895779582 -6.51185840269024
-5.23786006417971 -6.51085937769732
-8.30455935299744 -7.28959390586874
-6.39037570253369 -6.32405984604273
-4.36081281523802 13.506743945321
-6.71101781822814 -6.51376882402434
-6.4978726478995 -6.51333680241701
-8.68460315738865 -7.68075889884539
-6.83143915368198 -5.94481442407736
-6.93137975573521 -4.31366047224182
-5.42081302300407 -6.12976645906236
-5.21236732216952 -6.1283123046491
-5.30055208954936 -5.93758280347584
-5.53748636409004 -6.32139502781453
-5.63216203632713 -6.13125179421026
-5.74806161376975 -6.32230353226951
-8.96030679060325 -7.50230352690138
-8.62739965291165 13.5091995120814
-8.82397796218929 13.5019494195831
-8.21327717465172 -7.0965155672943
-5.32933771839427 -6.32040562811089
-5.12396485836756 -6.31963569714214
-5.0072634632886 -6.12683537340586
-6.92897798242764 -4.51106751313607
-7.7245168423436 -6.90019776950028
-9.06115906426685 -6.918959462961
-5.09217779319218 -5.93558252988011
-8.39755601168374 -7.48226722387001
-8.00632518088513 -7.84840138836361
-8.20475127627661 -7.85487798464171
-8.31276964276821 13.9554135475643
-8.69873534277852 -6.91133017691077
-4.95758278937971 -7.83851682708333
-5.05667498454674 -7.64823504202058
-5.15722568166086 -7.83841244119772
-5.65110782775725 -6.51194773920992
-7.90835057220806 13.9713078156251
-5.3542988005811 -7.45919670461652
-6.28487752240234 -6.51324876973269
-6.93351458863819 -4.11262266587573
-8.51107724676337 -6.90854443612491
-8.10477161665109 -7.66249412643931
-7.91117814534154 -7.28321434914251
-5.55993082679595 -7.83282357666156
-5.66095349226951 -7.64539627300727
-5.76411962249728 -7.83450730109585
-8.0289903682809 13.5240353164239
-8.22977620006055 13.5200440075447
-8.31942360718017 -6.90587430704336
-7.81741383984403 -7.09131532678627
-7.71186040288956 -7.28056666786546
-4.55915557987535 13.5130293362797
-5.51281660435725 -5.93969831709146
-6.92250532092679 -6.51294355643781
-7.60656242718524 -7.84362219456482
-7.70615737898843 13.9676573166641
-6.17316914105758 -7.83164615406157
-6.27570598694656 -7.64508593254572
-6.37937658327939 -7.83439886773535
-7.80818769429173 -7.47088334343524
-7.40316586750472 -7.83905150722986
-7.61593593181445 -7.08938460643661
-7.504974662633 -7.65288459278959
-6.78961826336165 -7.83396228235392
-6.89251993225855 -7.64687805911208
-6.9957121220032 -7.83734551962383
-6.16620856496127 -5.94459606602967
-7.41986535782185 13.5318134391021
-7.6238564816283 13.5298086836172
-7.30192074399264 13.9800275847143
-8.11140874805978 -5.93606486535549
-4.95985755416202 13.5224980660477
-5.16200791914215 13.5259641898445
-6.80386842667236 13.5350019037294
-7.00967217243025 13.5343525289892
-7.27010151100382 -5.94230955436651
-5.56933215726671 13.5309608978196
-5.77417023621772 13.5326523729948
-6.18549408850952 13.5347348684626
-6.39159826237881 13.5351906431934
-7.05181910992638 -5.94373791427844
-7.0962765479102 13.9749055695824
-7.41239413218845 -7.08776434427922
-7.30526734568118 -7.27683587084455
-8.88257270383452 -6.91510205163578
-7.19988485079318 -7.46388021817728
-7.10039967628679 -7.27513473944885
-7.20725137974574 -7.08645131238969
-6.58377593562148 -7.83422932467626
-6.68723654873117 13.9845645716772
-7.00070339343794 -7.0856654010117
-6.48022777329773 13.97844270291
-7.54340433009299 -6.51523260283828
-7.31559670931945 -6.89719514995141
-7.5209835314984 -6.89837108441914
-6.89406791411069 -7.27392890412301
-6.79336847988003 -7.08459057618592
-6.37721366864962 -7.08317512724658
-6.58552309451138 -7.08386261925403
-6.0705852106177 13.9858687828275
-6.68745555873569 -7.27323531623625
-6.58384346898906 -7.46096274631967
-6.48121103200311 -7.27220673708162
-5.8643168820146 13.9787333038364
-8.14839350588662 -6.52196383211118
-8.03627893208879 -6.71268829980228
-7.9487467753607 -6.52100477332582
-5.75570654083609 -7.08188788230981
-5.96212064671375 -7.0822030842367
-6.16925973238232 -7.08248578011339
-6.06686622130287 -7.27112520684577
-5.96580071619049 -7.45931836613478
-5.86138085245857 -7.27095955535917
-5.45828099821135 13.9836754634804
-5.25494097797957 -8.02479911344011
-8.34448532713901 -6.52374462699814
-5.14677263791568 -7.08271597570933
-5.34782475254199 -7.08215985748172
-5.55083766608228 -7.08156884368812
-5.45248113748015 -7.27130588787287
-5.25078113487397 -7.27207661628963
-4.85676513345506 13.976458990768
-4.56549118982477 -7.84918803509892
-4.65838733195136 13.9658536584127
-8.53723079163101 -6.5250269659696
-5.05139225725853 -7.27352515113077
-9.61605797272131 13.8815315542402
-8.085631567817 -4.43982085725334
-4.64921531707056 -6.89215935609385
-4.75263627389212 -7.0838902504377
-7.89495943978183 -4.72847026281038
-7.89342418266647 -4.5415116018983
-8.08795081780916 -4.62867144066534
-8.2880012610153 -4.90102165759499
-8.47927744623003 -4.80963443298516
-8.48570393317267 -4.99154707360651
-4.94842677477437 -7.08332869797921
-4.85448113380516 -7.27457278261357
-4.75980530612109 -7.46567138961162
-4.66028242486254 -7.27712504720988
-7.70321346966222 -4.45297901158361
-9.23137104929577 -7.71136517975983
-4.37220923651196 14.147316600431
-9.2341998899943 -6.92361425321559
-4.46933098585025 -7.27987074665614
-8.47458062807043 -4.62373635985023
-8.28340903012596 -4.71790205028014
-7.70443326846913 -4.64374353068035
-8.72605678132281 -6.52618729170709
-7.70226443223504 -5.35341167223514
-8.09102390981819 -4.81352022404624
-4.1831586534985 -7.85949200576182
-4.27108211573411 -8.04548060159347
-7.45452518596793 -6.32220443473723
-8.09513371363189 -4.99396664079154
-7.89736630188526 -4.91086805598664
-8.91054690343851 -6.52708745686901
-8.49338901730853 -5.1693198028032
-4.56624271891268 -7.46934466672378
-8.29376772570446 -5.07952766804543
-8.86805617615303 -5.00242140733695
-4.08148293888344 13.9465036030811
-8.87857298600504 -5.18393552430077
-3.89494068080615 13.9363749933624
-8.10102030541902 -5.17021852548976
-8.89245105227111 -5.36068856620195
-3.71291911037949 13.9279293900018
-7.90319948852364 -5.26028420092418
-9.09018941060067 -6.5274916627738
-9.26430325659287 -6.52716923212497
-7.90074027286182 -5.08845488440522
-7.70439822307854 -5.00933361579797
-9.54376772503191 -6.07389016132043
-5.27364084117813 -5.33122583830007
-5.47542123061813 -5.59213392300916
-7.51783764591991 -6.09126655085321
-7.76648822715386 -6.06509082303084
-4.2019690563791 -6.10256607054047
-8.28653670076766 -6.05517404993659
-8.43277048771626 -5.95911987798791
-8.57361790839232 -6.05686078845844
-4.7133678012003 -6.05068531953478
-4.97784557820283 -6.05116865575078
-9.33064964216957 14.0907456624575
-9.15334780521485 -7.89307110019559
-9.44027117910701 -8.0945979357336
-8.6930422550659 -5.26291026498017
-6.99564603347225 -7.4611627669384
-6.79042071162474 -7.46068644277946
-8.72028993971716 -5.95948052680835
-9 -6
-8.79077678891422 -6.1060930190756
-5.23311178948498 -6.06338183256191
-5.34863723493806 -5.98647735872316
-5.48179769427946 -6.09142477209474
-6.47965083968794 -7.64671000140217
-6.68623457342625 -7.6472861903454
-8.23345247869973 -6.71350470693926
-9.16104609361143 -6.72416902669652
-9.25766606991431 -8.07474884889475
-8.6819679099326 -5.08596744052166
-9.05475171352657 -7.69947479791753
-8.87197848041261 -7.6892296344412
-8.42740238890756 -6.71519545647947
-8.98507659830194 -6.72175910217272
-8.61752114635311 -6.71737029829676
-8.80362222940698 -6.71955899781824
-8.67331464399238 -4.90447776742957
-4.95540132955523 -7.46180436341098
-5.15339433943288 -7.45966073199006
-8.02191760436446 -6.05430326024636
-7.99525835910776 13.8339476821755
-4.28101910597383 -7.66647989825274
-4.47042159456562 -7.66127404568207
-4.08907925918176 -6.14469647408589
-8.58298071255457 13.8145222044205
-4.31296558917854 -6.43814566692716
-4.26844329657957 -6.26070098974787
-5.24976145330313 -5.88755561759609
-8.54052642014243 -5.86227484435003
-4.59567066767856 -5.96252562846253
-6.8249548023516 -6.2638709636721
-8.62230463517072 -6.6349490101842
-7.43650371248517 -6.02013414529742
-6.02403922097855 -6.13306735019744
-4.19141957143836 -6.47182991837665
-4.36185679032212 -6.62502106333522
-8.89257803315855 -6.13929308574796
-9.17708952693052 13.7914226882197
-8.32284439536906 -5.86202955769265
-9.37128787157923 13.7708076548162
-3.4293404411684 13.7690734199877
-3.95208174651275 -6.02278317149955
-9.73650963439675 13.7277792673971
-9.55722101762584 13.748409538737
-3.61310588476662 13.7852846543956
-3.7933801265616 13.8004270381817
-3.98059416340375 13.8119692858533
-4.17096539361997 13.8211652631705
-6.16871179999051 -6.26831538798658
-9 5
-8.97373888383651 6.33930010714904
-3.65017370537288 6.8855357043925
-6.72673414711159 13.3330438010885
-6.91587658519235 13.3651781191982
-6.88923336104364 13.1332755520927
-8.78998704984247 3.53714582986357
-4.15573081700675 -6.78312691625711
-4.49592747079698 -7.13011749642728
-10.1393246809834 12.9588721694747
-4.48500976444721 12.6431705723224
-4.0159788760982 12.3733506070915
-4.10074622461653 12.8463462669957
-6.61478640621211 13.1640727681424
-4.4614648088221 12.0751986014873
-8.08261665204025 12.4193586790944
-7.67897287843505 12.6282987411724
-7.97068002980604 12.850488513179
-8.48277500097388 -7.14040234973607
-8.82392766336599 -6.79474028594203
-9.83052701780692 11.9459350035975
-3.81312354885055 11.7747871483937
-10.1461585327304 12.6810831471729
-9.68552027286131 12.7659995582139
-9.8546835078064 13.0074288511489
-5.74072081498112 6.9750837815842
-4.9649409827183 5.69032260982577
-4.64740587429777 7.45162543950284
-7.73245025776746 13.3085093516698
-7.65232423054188 13.0091650532196
-7.53354621353834 13.3041401999131
-6.09249488086643 13.0904392534617
-5.88354911399834 13.3400062710437
-6.08580243014092 13.3691763198266
-3.5358794567743 9.20816425940095
-9.01573078882411 7.69704304785107
-12.7362751071877 4.12539745344893
-7.63067705033979 12.1233579524067
-11.0971007580268 3.60691949328131
-4.87206514312421 12.8413031069806
-4.61617147423092 12.8877739749409
-7.16894744984389 11.6790759152601
-7.06598825023798 12.265707600001
-6.58747148430278 12.5369831688365
-7.0184837928076 12.7617970917344
-8.21111077416209 10.700578726512
-9.09003195709926 11.0354210647011
-9.12683124189173 10.2723376896108
-4.63313302891496 13.2998681341046
-4.44087881202753 13.014121319354
-4.41052413334737 13.2897877962198
-6.65538495948734 12.9180750548052
-5.76959768509496 13.1532872069718
-9.89443206458158 11.6578079023147
-4.89333705213398 12.3905955314656
-8.62357715769435 12.3145116955954
-8.37730084650951 12.7689354679855
-8.71120026160574 12.7473435246207
-4.49744900465558 8.7393659960708
-6.53501986382994 11.3003310334971
-6.63837470907104 11.9625552426036
-9.80631125891395 11.2049801992145
-15.4781720478696 3.73990962658951
-8.23057559198265 11.876730685644
-9.39624557084158 11.4590133615491
-4.47840121637937 11.3929239993857
-9.26907416981467 12.875269935814
-9.02545780299268 12.5851716072975
-8.90770000024161 13.0047054125517
-13.9914384471976 3.18270726773172
-14.3563634074167 3.85891230603535
-9.45092939128818 12.461205137107
-10.0005783220861 9.58624969646418
-9.19859313535862 10.1277684047034
-7.80199822273386 11.429936690313
-9.15887129770932 12.1026106793532
-8.65128221812797 13.0669258155962
-8.38684133870327 13.1055896288379
-6.15268395931567 12.6746581737749
-5.78769575493507 12.8749868476931
-4.57897132138484 -7.53056799518891
-10.1905259970555 12.1944304034244
-4.72447633770585 13.083971587142
-5.85630373959307 11.4630857817026
-5.21110139057914 11.1734906918318
-5.4485030984758 11.7341758673469
-6.20459993453817 12.2297128951574
-10.1698992421581 10.9557546949172
-9.51449059134034 13.0745652455783
-9.71830334453169 13.2664372248228
-6.84204141323318 8.59072244449622
-7.6922484236114 8.02356005683773
-6.4881688699446 7.74788407145117
-5.81596788916789 12.4518582714643
-9.09588236042021 9.0334886499947
-16.0296099274664 3.23373270086733
-3.66600873102288 13.2754400917901
-3.87823356759606 13.2915664900146
-16.1381058090895 6.22830833732524
-15.0434801038195 6.12624806623232
-9.91743667060514 10.5312671503263
-9.87260310388446 11.1958528878735
-7.42103902378315 13.113154335166
-5.38252175037109 12.2558027042654
-4.97495977198237 11.7737515599462
-3.58247720957513 12.2449042220433
-8.94145707787216 13.2979283790724
-8.74605642382776 13.281112441739
-10.0408415084599 12.2083201172023
-8.54269809269899 6.92592178682621
-7.16280562126598 6.87223837325362
-8.41133281519884 11.323221052687
-9.29921024238053 10.9052343752772
-16.9152673174901 6.32730849551127
-7.26814884118367 10.9496869281939
-10.147194811707 11.66625117743
-9.44480009765748 11.6149123512562
-9.70572746361112 12.0774320582468
-5.9289552928035 10.7706272599827
-9.51212452775609 13.3115378288751
-7.35207445345168 12.5213266433284
-15.6472730153676 3.28948922121672
-7.20476689509639 13.0715304295819
-7.39108038693115 12.8493898784578
-6.20994218050831 11.7921577239247
-5.20643398860446 12.6808636713018
-5.81701415478801 12.0050238697868
-8.76121819250607 7.93669883481459
-9.08528685156182 13.1243754812759
-8.14346021918012 13.0816066500423
-5.16010311560033 13.0531836097399
-5.06064322283948 13.3155414974533
-5.26175100797393 13.3181718900092
-9.74954468662914 10.7218238098045
-10.1012695863487 11.9958961015845
-6.49498530490649 5.65777959415755
-13.7077025713764 6.03982824741252
-12.3440097013101 5.98618662544402
-9.74373001623871 8.40526208587396
-7.88620390613552 13.1175700412245
-10.5409353795077 12.0984563636694
-9.76515165634184 7.06183245835299
-9.84432293401734 12.4261429074608
-7.10582238532406 13.3249173746541
-8.33385336298687 9.78007232305556
-6.38764932128167 12.8649145406895
-5.53487891047611 12.6400886911271
-7.93225337919089 13.338087853608
-9.95173159115349 9.56865470906888
-8.13417037560603 13.3588237064007
-8.33658084698892 13.3305227109063
-8.02642232408345 5.68911530508621
-5.56263737257543 13.1147521729467
-5.41533907179221 12.9008470062809
-10.1894429404098 11.7819192472836
-4.53164021865062 10.6252730213305
-5.63826934169245 8.28731959221239
-6.28780170139161 13.346924093888
-9.53116798395795 5.78764378526702
-9.93729158517861 13.2221455774097
-8.79440787627092 11.6992818371547
-10.4710850437893 11.8706027057127
-5.27371556558104 10.2893336971005
-6.39034891253175 13.1224566014821
-8.55950958230114 8.84219482292581
-9.11448412046198 9.46328980191121
-6.65686469408308 10.4514691947661
-4.9338794160606 13.1237178327685
-11 6
-6.13289365175636 9.11530315304454
-4.24418380335347 13.1214744852473
-7.65332043242583 9.21423615185333
-7.4575438414597 10.1277468315983
-4.22777634055658 13.3158690335714
-8.52679296648794 13.3074119497305
-4.03950522789585 13.1420053010988
-6.49438976859334 13.3408763543452
-7.32370667488534 13.331668196354
-4.53670916913972 9.77286615052526
-10.4636689849708 12.2711050836756
-9.32739507680318 13.2925394321515
-10.2659190460225 12.2524297384849
-9.13146907937928 13.3030910340601
-9.2551712286089 13.1254468877235
-5.67057897330167 13.3343992731417
-4.85179035770531 13.3248449714138
-5.46394022766355 13.3348198733143
-6.79102101090515 9.56682409375774
-5.34993003663568 9.36941155548541
-6.02372247411819 9.9145823094984
-5.37278047642669 13.1443309076319
-13.1590386636029 3.27824936781439
-4.05442538381994 13.3341362291984
-10.3383584837533 12.0450817862071
-5.42976092504285 -7.19001725587492
-5.69053300149747 -7.56919971848069
-4.97979469524307 -7.33341914877766
-6.79180468026301 -8.13096102633513
-7.64550739934497 -8.18115960098566
-16.2191316419934 4.36665275457942
-5.25256860674947 -6.63061618207977
-5.34063301665198 -6.41158622576611
-5.74586138029693 -6.59424750538177
-17.1896858418429 5.83693677929482
-4.96909630380984 -6.43371693358738
-13.2589609310671 -11.364542605984
-13.5586124045961 -11.8989717910423
-12.7234936354675 -2.09692316454153
-13.8299954444638 -10.3544036238966
-13.1911709773601 -9.93378840884459
-15.3360840778067 -7.76328696423801
-4.49683335911699 -6.45230122825487
-4.64424940774143 -6.3793917421694
-4.85795579988638 -6.57632639642101
-14 -8
-13.3391941323 -8.86257345893662
-12.7948415632214 -7.96539645914833
-13.9644164191059 3.65829493541985
-13.2187223114659 2.74445523584991
-12.3453565772555 3.59728225810088
-5.95597528478753 -6.38485549685307
-5.74910749777287 -6.26240007406428
-12.7129899065728 -10.8626344708537
-13.2797606381741 -1.50772169226237
-11.8090430057572 -11.210658550616
-11.9781144867859 -10.1729814143057
-13.162211697739 4.78695245997974
-5.66668564494724 -6.40840627789843
-13.889388327409 -11.5689400299985
-12.5359313143298 -9.22412906913298
-11.3796351787087 -9.20895065763797
-12.283589880246 2.04017805211673
-12.1972494511517 0.624760467873833
-11.2643181546263 1.23074071061878
-13.1859759208773 0.182982028321533
-12.5724544885375 -0.210625464608827
-6.24285685726321 -6.53938181178016
-13.9041719327683 -11.0075443998106
-11.1654550800068 2.7127664685788
-5.10048757828359 -6.85661734388788
-4.64585518461403 -6.66514953035759
-10.9493108578436 -10.6016872995481
-9.96930437110253 -10.0091354345292
-13.7185629891613 -12.374388724308
-12.2376864485889 -2.50452185273609
-11.3920151379759 -7.72764795659348
-12.9671391851081 1.16424386164843
-9.91800433497372 -11.1690985100225
-6.1457574934242 -6.85930414649716
-4.75605984612687 -6.92713762213175
-5.60968166654595 -6.89632120590404
-12.9425116414043 -0.775169333019875
-10.0426790706883 -8.70007606490409
-8.82203961246876 -8.45859572501154
-10.0003033499846 -7.4308983737322
-15.8575460849279 3.23318958981446
-4.99622751191148 -6.28167476247176
-7.02908742230886 -7.53909632731894
-4.96650061308665 -6.1544598829822
-7.88800558276736 -7.47240290163439
-5.23528107904635 -6.24654436115568
-5.50502304723264 -6.28128782529213
-8.62540305853998 -7.74161471747077
-8.7754069208186 -7.11110244434771
-4.71259089731744 -6.1511136537769
-15.5917622363532 5.23831243725654
-16.9060058248283 5.08207618077864
-16.3142940552585 5.3812658423494
-8.81773407866104 -10.70993824389
-12.0627413272541 -2.13519407765249
-6.70049260013022 -6.78716841623349
-11.0643449760741 4.32178303616787
-7.88589406167376 -6.84504210895878
-7.2189254472561 -7.07629899199212
-11.3349406042181 0.144264991070878
-16.69342842243 5.77127494354011
-14.4724311028541 4.98966668657958
-6.76491041188054 -6.47587137776226
-7.2381217559183 -6.63511288184314
-8.8775466346133 -9.49822567462671
-11.9012463997922 -0.29249639696378
-4.41680498730156 -6.20615299381518
-4.69450195929266 -6.26179262054506
-4.45419081140125 -6.54525290929843
-10.6416963442516 5.38509516579072
-12.5603966869882 -1.38433817115718
-5.06359568687469 -7.09094711947575
-5.37298222343495 -6.17011929186608
-15.2544141204467 4.17812381915225
-11.9797260467638 4.93223768334697
-12.1396863020183 5.5847018247723
-12.5821032271532 5.75049778320019
-13.9596522063703 -12.0025801786384
-7.92512111747793 -10.0260655505334
-11.9323323345749 -1.38107444729875
-12.2869127656362 -0.824010821637098
-13 6
-18.4038144852191 -7.78612870049376
-11.7859847477777 -0.869875364967872
-5.96988584648117 -7.23490622640816
-12.2485910313183 -1.7551322577349
-6.33128017724329 -7.62250654667252
-6.55978032504675 -7.18845127364915
-4.40091554090633 -6.27996094279344
-13.3794200678003 -10.7038155415251
-11.2111543018839 5.42150426267591
-11.6799487136764 5.47799175952551
-5.16037428131494 -6.13454613752338
-13.332091353009 1.86649100860643
-5.57156509869078 -6.18795497964789
-17.3197852441111 -7.6197238246357
-16.7678167203394 -7.62517887539011
-4.44640143390178 -6.13239287178371
-11.8599900221564 -1.81176116797523
-17.8624397950426 -7.67301701056835
-0.690377048753812 2.64380797988031
-0.455620533906519 2.55278241444818
-0.471316108325675 -10.1271055955709
-0.235393964637221 -10.2451650027282
-1.42268339278646 -1.72141762212264
-0.591414433904202 1.19449168505506
-0.778078471539479 1.43178907974336
-0.83220849863922 1.19057303938263
-1.96102252443029 -3.84450382133273
-1.91025511769267 -4.16150670279557
-1.69561414657598 -3.98074946921352
-0.553717216429785 1.3909311754816
-1.72649896461658 -3.70671360726473
-1.74370221788007 -3.39985478020538
-1.91995587002251 -3.58236283356319
-1.26090185164042 1.17368877147301
-1.55617900506097 1.16925657207477
-1.44845305504172 -1.99257837150803
-1.4319692857387 1.34370291090386
-3.25350755606164 1.51589144767706
-3.06281584562509 1.65437029951141
-3.33690926730093 1.77866102676286
-3.5551898634072 1.61598707903666
-1.51271588807699 -3.55941342302958
0.302851381130362 -9.77755354008663
-0.548215754107404 -9.57630697448364
0.300526360134383 -9.51974095061383
0.572948640094057 -9.7987220513885
0.189198523615671 -4.0349152410636
0.0550460726720202 -9.57256708788305
-0.623378747158218 -3.45282324661828
-0.397965518287812 -3.55627331295259
-0.462500061170594 -3.26678621480138
-2.16529714290478 -4.06962628890907
-0.497381636488546 -9.70981120569495
0.00406545448009199 -3.41683820568485
-0.358758221395433 -9.88988261692123
-0.494832395632576 -9.85218560940173
-0.702609931148913 2.91347596398784
-0.735302448331289 3.19765258118993
-0.222580825422108 -3.42220952587858
-0.219445114099468 -9.65311756594568
-3.47069699990543 1.93785677778926
-3.68396188713027 2.38727791304662
-3.69267778546346 2.62554713958391
0.21115852101633 -3.31050044668707
-3.01987228506225 1.18673735273421
-2.77843137458048 1.18508703276768
-2.97819262838007 1.40403974505701
-3.44002275157168 2.50587771925845
-0.344432304164718 1.21664457273112
-0.377855563892169 1.49470360206558
-2.11377030363325 1.42478847538862
-2.29639007685727 1.30798433342811
-2.04991966524781 1.18926637112271
-0.166734880476205 1.36741956081101
-3.63201151286851 1.86641416459224
-1.05456871393103 1.18754432009115
-1.21293668546072 1.41303014074065
-3.38888918563267 2.02966581440042
-3.68247289007935 2.13457977367718
0.109980160411976 -3.83227941794938
-2.71901991347878 1.35574006048338
-0.597128913420581 1.59456357804758
-0.415939120298387 1.75455001246407
-0.983031396618541 1.36832574761753
-0.233939788189267 2.17196427962942
-0.229597094863902 -10.5316949600683
-0.448751452566261 2.27767719552617
-3.42527581982257 2.26877068655884
-0.638059651035579 1.84592800472041
-2.37156403772776 -4.27266348030173
-2.12153540492303 -4.33674410641096
-1.68953637517699 1.4111839911947
-1.78112417968131 1.18755085150759
-0.0643655408088923 -1.93319379707465
-0.0594030946385997 -1.74272781877738
-0.299933507465956 -1.8270490267658
-2.25879109000707 1.11280690262359
-2.4094955823376 -3.99877233156524
-2.25761084087454 -3.42906819449249
-2.39400939960079 -3.68703416094763
-2.12780460105995 -3.62542425823754
-3.49798459755295 3.11358072633887
-0.257575146414436 -1.29468319919071
-0.296981431518085 -1.53287280514568
-0.274530606400593 -2.15335211523084
-1.6636949203249 -4.24800524937875
-1.42074781114505 -4.34273749978197
-1.44998726044617 -4.08408446577791
-1.08921742904588 -1.67364547963817
-1.91504003978071 1.3542659418717
-0.670211375925119 2.36878414899505
-0.661009964571519 2.10419626829932
-1.20802930337269 -4.18399213736389
-1.17622329106128 -4.44109522739996
-1.32535859635911 -3.41080025257394
-1.52932990342841 -3.3313463890289
-1.91844794420644 1.55905236495923
-1.71442752615928 1.68100616613953
-2.63160660018137 -4.21935403216908
-1.47616048209957 1.56040323894233
-1.5073156039206 1.81368007498098
-4 2
-0.0753807467639511 -2.08406992774407
-3.7068830053098 3.00409245671934
-1.18956741361928 -1.95202349963086
-0.856580975203806 -1.91414283583945
-0.964246436320451 -4.28581030857686
-0.982159461815479 -2.22610588957528
-1.74505892310721 1.93469539643353
-2.60152595727482 1.66579371030604
-2.35388449435153 1.54544161639273
-2.3972877691476 1.79302828260087
-0.824041394606444 -3.61919498346238
-0.585437596164623 -3.71575999111903
-0.835220634862215 1.69597842773338
-1.01987007659931 1.57007401081211
-0.137606138341699 -9.33491857672932
-0.414503896633933 -9.40578011226651
-0.268635705898501 -1.76760705910294
-0.0774394924479479 -2.15576429033122
-0.327860956605245 -9.12156352080404
-1.56665427489311 2.3237670041654
-1.77632023645695 2.1871644067852
-1.53729060966674 2.06826843938144
0.0245166302872933 1.490166650147
-0.20947976147566 1.62578129523496
-0.0112288355900736 1.7401146703587
-0.2163168986917 1.89192033775735
-3.44257229310042 1.35382502110241
-0.932191474168401 -4.54276552083716
-0.78889079850383 -3.87025344343364
-0.541228070704273 -3.9755549206927
0 -2
-3.83011137337614 1.72856445787367
-0.500616326311133 -1.84345082323359
-2.64626812638184 1.91138514899562
-1.33143912633491 -2.23270224383938
-3.75401842938871 1.4828388019509
-0.27988490348249 -9.96366461158433
-0.0469478083992865 -9.80251511614574
-0.286169699670051 -9.68896322383038
-0.442256191811581 2.01373557996531
-1.32786806561922 2.20483637993984
-0.587163441840207 -2.16984921219323
-0.0294324285961004 -10.0776446166754
-0.0830871544362942 -9.28007304064755
-0.318407269231296 -9.15035843453781
-0.304216693771585 -9.42397747272258
0.0584800641616414 1.23491544678925
-0.32954768695135 -3.81985293004247
-0.118174677910728 -3.66313738077861
-2.57928673832509 -4.49128298129918
-0.587823484315982 -9.17412431831596
3.41060513164848e-13 1.99999999999966
-7.105427357601e-15 -9
-1.98448996706115 2.05338932123284
-1.95048272914155 1.80336069918464
-2.85642799605748 1.78544732331899
-1.06584110331015 1.82326536848469
-1.27481900983635 -3.66500262205402
-1.2998204466252 1.94699078408197
-1.27222043915975 1.69099538327443
-3.68601759901257 1.23447292954989
-0.478302379837674 -1.33123971453486
-0.0231931899158653 -10.6516458145784
-1.87716321385105 -4.41505979117226
-0.752557038584979 -4.13065168053821
-2.15368368172627 1.67362549667429
-2.19164078384888 1.92197053204306
-1.09106707186829 2.08270166137688
-1.16426283302333 -3.27738992130613
-1.03389731116554 -3.7679695070504
-0.718267050745046 -4.3903187578073
-0.504856596763793 -4.23675334722079
-0.069799604040904 -9.53623110277229
-2.79905080907426 1.54693285438523
-2.08750750277651 -4.58074288347931
-0.997616592166715 -4.02645463128251
-1.68610283252905 3.35096270496752
-0.471012670149755 -4.49764012227845
-1.80750836865736 2.43999436999757
-0.022470969106374 -10.3592708044345
-2.14539115496751 3.30496393945445
-1.90037314430101 3.20098084207011
-3.70386269828038 1.93741937222717
-1.59614921538182 2.57971510920566
-1.83826371769187 2.69310328120121
-1.84455320424476 -4.65823643890204
-1.24036960076849 -3.92420895411015
-1.63337722623901 -4.50158756323202
-1.48092332077225 -3.82409416584014
-1.60145512683226 -4.74718363422095
-1.86924555988931 2.94661046306361
-2.11359891291732 3.05353239535694
-2.08119204760472 2.80317506314688
-1.62555206950246 2.83605888392139
-2.8994389932303 2.03094797168506
-2.01756890357542 2.30340816331341
-1.38975346536298 -4.59559834543601
-0.439657184490115 -4.75797410263054
-2.22713209229485 2.16999166357841
-0.289985639864019 -4.08234939371309
-2.32550243849846 2.90951310225116
-2.35777326875209 3.1560404628386
-0.86542753264184 1.95539264652592
-2.43658196496536 2.0395092809788
-2.50637099577889 1.18818764370383
-2.54695096443573 1.43359448839677
-2.68497106296295 2.15620876564944
-1.35515957223619 2.46340434639816
-0.0729221239971602 -3.93743475441665
-2.56967368343081 3.01096106832664
-2.71947189093562 2.39835269923121
-2.47235759641479 2.28502667593836
-2.5051831663596 2.52882700347482
-1.11606420260404 2.34390112694482
-1.14117374219932 2.60628821423437
-0.924038899460799 2.75269187186654
-1.16688190685861 2.86898253700863
-3.11661949934027 1.90785533968587
-1.65537131881064 3.09309648705133
-2.26072166468803 2.41732603034677
-2.81307717306378 3.1054500181416
-2.75128646587432 2.63690826646257
-2.29316901594135 2.66321080326728
-3.26412170558727 3.04945180325302
-2.53807392834527 2.7701349319483
-2.0495062268113 2.55314629169093
-0.974970069782403 -3.29526391429332
-0.945079711639343 -2.18993467747371
-0.222293140500735 -4.60715570657084
-0.900989972631598 2.48613462828751
-2.78244668545484 2.8719897957781
-2.96801111730796 2.50995608918071
-2.99706268456836 2.74131819289279
-1.38269518040817 2.7226564917956
-3.21603562877752 2.61988668753552
-3.23942087691899 2.8392878754616
-2.20525318806786 -3.84254046997207
-0.947810585563826 3.01882917907763
-0.89140015887115 2.22214612909226
-3.45993327238266 2.72787177575647
-0.209644695229062 -3.21103516128692
-0.254522999416382 -4.34470727765526
0.192366888744887 -10.0349158557806
-1.4106937681309 2.98218873798487
-1.19348527818302 3.13109726865157
0.0405651669894922 -3.17557797607536
-3.15743110428975 2.15239731705697
-2.93635744544368 2.27284347613924
-0.677098426894548 -9.50028393679529
-3.18939539870203 2.38987982439404
-0.856883312804131 -9.70654795409479
0.45424939642035 -10.0117950980758
-3.47624758020331 2.9265565864478
0.715864142413591 -9.983103274535
-3.02505385911335 2.96649200058009
-0.84892108197594 -9.2472305664918
-1.05056990459595 -3.49500774214435
-3.25295227452145 1.16785498391106
-2.00020292063285 -3.37449082003216
-0.824196493480758 -3.41742289575054
-0.731331387012915 -3.24549265330455
-3.18490962540685 1.31930789209602
-2.47739241750992 -3.44607973680867
-0.125487199238256 1.16462918425336
-3.46383873635272 1.15665341894877
-0.904282270043663 -9.4892400108629
-3.7976320656266 -2.30945776112282
-4.49549679787143 -2.03758596519332
-3.89138915199626 -2.98158427104759
-3.12964790867565 -1.81347066233022
-3.02359403437895 -2.1667052076105
-2.86112613913879 -2.0556794884821
-1.69453340901223 -2.53830342195262
-1.10409512786135 -3.1124235550602
-1.02400705415753 -2.5753700510305
-3.76480200570915 2.58951051456596
0.984522173488391 -1.43916087722835
0.916533814711105 -1.09111284338004
-3.93104206519117 -4.00498856578609
-5.18376395442982 -3.36080493978895
0.686954220422562 -1.63768513173523
-5.26468232049999 -2.30207853518922
-2.46487223918766 -2.58932231974949
-2.25935077329935 -2.30634239464719
-3.54109434049573 0.126388425334139
-3.69183576084725 -0.534714400613273
-3.3475714617334 -0.280493512991393
-3.8157207992777 2.29412413703986
-4.03030572106139 2.40217316141842
-3.36170944928308 -0.583396031481546
-3.43618719914529 -1.76199981769105
-2.58403614047454 -3.19777736915438
-3.09654756139092 -2.60866949552043
-4.00542380736786 2.15470057151153
-4.269630818813 2.89683181717864
-4.26994562131312 2.53969933794068
-4.0182645422986 2.68090931853591
-4.23594856079569 1.46437027706349
-3.96142631066909 1.43270999905182
-4.16730199209263 1.70645957054668
0.336255031890573 -2.4455002387207
0.160092397177821 -2.59448256921456
0.483481096731864 -3.0542991257324
0.808269722786464 -2.13544842422864
0.404614546826114 -1.79243522301571
-1.55824677946636 1.52189963007336
-1.24647817966393 1.69212913541565
-1.56794426617044 1.85431210733327
-4.29765289843896 1.21241994410718
-1.83202711316144 1.59968732005127
-4.29412719354095 0.890774049114509
-3.89698766614465 2.01654050344804
-3.11840163460967 1.61410662483569
-2.98214697586035 2.07596380944954
-2.5707680173974 1.77507581942645
-2.29308710789486 2.140382726766
-3.78468523935479 0.846649491169111
-3.67556579155978 0.5558312674559
-5 -4
-4.06669266499828 1.27936295584619
-3.41666296708783 -0.87373474943437
-3.65063568196356 -1.18819038996585
-3.96030503417441 1.69929035835196
1.18107045205162 -2.82407272367032
1 -4
-5.3082137533712 -0.994389367060934
-4.27493501786955 -0.858738891406577
-5.28000005563537 0.485239185695858
-3.53368714911403 1.25529716581808
-2.73377906784783 -3.91226789501601
-2.03605660965386 1.82330553316455
-1.78178157469884 2.1924681999353
-4.52198857947686 0.700293323274312
-1.19334764610624 1.96721529544727
0.685757393199227 -2.57043247969699
-0.518475208813741 1.78092800742271
-0.861877725194838 1.90040061173865
-4.60705042204523 2.04701881430699
-4.14724384197155 0.685121056557598
-3.64470102320736 0.596723322699033
-0.0555491672592915 -2.86013322368238
-0.524885072699473 -2.8909069707945
-0.104831611852648 -3.77658266379533
-4.57988673195525 2.72564103968016
-4.47714453267154 2.30402687433225
0.428130908768495 -2.14564383115037
-4.36010751936212 1.27890798272264
-4.99999999999999 2
-4.4335471707827 0.261964574841423
-4.06160332281767 1.01710805397767
-3.98727515315664 0.682427562687982
-4.20007441457889 3.22764032789686
-3.77477553370148 3.27807988722744
0.370679119797656 -1.47092891735589
-3.97792909723194e-13 1.9999999999996
-4.60659488181655 3.13304808296926
-1.32982511271679 2.21318899532405
-0.88464393855243 2.18787872036186
-4.10999052703653 1.95314848925212
-4.22521691531414 2.21546932609809
-3.96569754580894 1.94036221896728
-3.85273327519213 2.08305549665746
-1.45778063704166 -3.81578299106058
-0.685302712812436 -2.46854754390545
0.154247928348081 -1.63302973625645
-4.00892550726532 -1.61609782096844
-1.83413437155614 -3.08109979889595
-3.86993894404209 1.1316934883992
-1.27070087116831 1.41973713010641
-3.862940918848 0.340081986553647
-3.52842572482872 0.275119092650508
-3.61826730800289 2.13249095139587
-2.98053712196121 0.688806549793888
-2.98515091164106 0.319980465191516
-0.449130504538256 2.11813741416087
0.13453728355986 -2.10663632389605
0.159143062667467 -1.88339232278844
-4.12581898386625 -0.0135708013875865
-3.30752478682165 0.883557841544577
-3.47649302800711 -2.09381609940801
0.939883415489926 -1.71832621895459
-4.33603255799443 1.98888831307778
-3.19647487788399 0.0741392351863436
-4.14274390771272 0.0237598497495655
-3.33022031026737 -1.18286452341551
-4.21898293935604 0.490852342203534
-2.5948524896655 -2.21882743989523
-0.0301314294862481 -2.35477923862654
0.0688922262251755 -2.27441115936922
-3.26675018160991 0.448879415158749
1.28018412207458 -1.6628324414251
-3.29789417415801 -1.48569990030086
-0.30538023299257 -2.45157893690663
-8 2
-6.48370385487416 0.870580207176078
-6.51015661827582 2.047202514682
-6.56791888858565 -3.52268032215375
-6.50660776846337 -4.18774521619863
-8 -4
-7.81772849920027 0.437719877366937
-7.85227509747025 -3.3704546917812
-6.53340572895507 -2.77866713328329
-7.81783124769342 -2.30605083283174
-6.54494360235643 -0.271021355948439
-6.54647970525494 -1.62317233366858
-7.80423191556556 -1.01107028918025
-12.7811070694309 -3.79744795755177
-13.4088971261602 -2.89267421950356
-14 -4
-11.6611993833189 -1.59114227852547
-12.3590893036579 -1.23270810025905
-12.6135868608255 -2.29841816019705
-11.6122031317557 -2.70310294942283
-12.9560422044246 -1.58842605413536
-13.4535478236632 -2.10321213886798
-11.6257403480906 -0.646687407159341
-12.3469807176886 -0.37263994201811
-11.6377613883473 0.20730841598329
-12.2939950803209 0.340220979537473
-10.9731915277985 0.657206408205419
-11.4856647774202 0.835697309762496
-12.5194268837292 0.806258860074352
-12.9001696147213 0.432990378305283
-10.8874184704925 -0.0596656495771464
-9.0801596845196 -4.0145890776198
-10.1359580559034 1.80081245877707
-10.4941210891907 1.2070433660202
-9.72040431614495 1.15486132816491
-9.29015293135555 -1.87920341513125
-10.6365508058615 -1.83814836837886
-10.4171557648764 -2.87409857677982
-9.99212470515089 -1.04988983079741
-12.9196081949452 -0.887629489996235
-13.4656551049935 -0.912985609884443
-13.4340145972825 -1.40678852059606
-12.6798812584621 -0.00632281818463985
-13.3312247328932 -0.439862852612335
-10.2529155682027 0.499850837988232
-11.512581446519 -3.85364993696041
-11.9674893239234 0.735885321642106
-12.2709960215879 1.11643341816501
-13 1
-12.6688900684885 1.34252776232195
-9.03964343404021 -0.539165730373184
-11.5437141520642 1.3377850464384
-11.9408531448946 1.18908503255634
-9.18672003535284 1.86704663710968
-9.09003382609869 -3.08164913640156
-10.2747252249697 -3.94036455067926
-10.8341831392838 -0.899934165548497
-12.91358858043 -0.393160313946541
-8.74472739731888 1.10629437553716
-13.9501286100447 -2.61520867884553
-13.9017281089427 -1.77804747858244
-9.41836197064421 0.364751889552842
-10.8413495263489 1.75127014806976
-11.359520656436 1.71240139212329
-11.1178166558998 1.2995668564804
-13.1744386944812 -0.00160944397336465
-13.426530757142 0.428635722386772
-13.7821541507366 -0.638550554127322
-13.6437509294564 -0.101499852357748
-12.2569272203912 1.53183595224063
-11.8143185769327 1.65090660272774
-13.8578770891636 -1.18854080666325
-10.0544889122725 -0.290601466104442
-2.76585871781272 2.74114275643726
-2.17326350113638 2.72103703637987
-2.20933148655099 3.12125218663176
-10.9429695081206 2.38321268863991
-10.3326253414986 2.48517781869364
-10.8931654885866 2.83960384323206
-9.95034395368523 3.98638295744752
-10.1908891380917 4.64631159333856
-10.4927022124258 4.2058274655861
-2.72506755725639 4.61550865932935
-2.1855573572678 4.39243103539499
-2.18030405729708 4.78381476116331
-2.5792299845298 3.30600454593444
-10.5012928574667 3.10165302857506
-4.22070612935942 5.24484252460489
-5.70091749758559 5.15365306211733
-4.55809515819485 4.33935585313762
-2.55575870116025 4.14787709887148
-10.5682533151205 0.576005826032233
-3.13946076212746 5.31188700194001
-3.57382945412727 4.58025708118196
-3.05573181978395 4.03096645444157
-4.30331634114797 2.69140417693781
-8.75207563382923 2.64982367977003
-6.43668629189184 3.71617148525591
-6.28040650571583 2.30785798209632
-5.31601186467724 2.93971900357094
-10.4746950796839 5.03244109789726
-2.36048051855546 5.36429698356322
-2.50318914486892 5.03836928539324
-8.37991471130078 3.27223203653525
-9.76775335770421 3.45910555694631
-9.02619037906833 2.31413538538081
-5.38242508364201 3.90581981964166
-3.43828878152655 2.67708189847236
-9.63077791841812 2.50347857741348
-7.60461976222282 3.93952484856877
-7.6820801558511 4.32231840878747
-6.54301972206515 4.12039306840493
-10.3823128405688 1.62564697990681
-10.9011980105051 3.80341077641404
-10.4376306512704 3.62621609959496
-3.75366463626838 3.79856905753298
-3.11635250806824 3.36647142942066
-9.23654250364305 3.76814292201576
-9.93726135106937 3.22138889579819
-7.31500285016532 5.05907799344569
-4.21350205790585 4.41182848193532
-8.49929072643091 3.43816194956997
-9.21154883828377 3.11736427153472
-5.47678770654914 4.35796320315683
-10.9356535960282 4.27626098763473
-10.6390896031701 2.15514383386793
-2.47756876905951 2.47758729083274
-8.90637736374021 4.55460765154859
-5.90807768770889 3.13032761810322
-10.8942438162774 5.09710748177561
-1.79978120226131 5.40463494511544
-2.11386771223899 5.11983366841225
-7.66106100105062 3.92684188313527
-7.15251640399909 3.11136646486456
-2.62105030572696 3.73672215305641
-4.48922385632543 3.46134191882986
-3.82023405099938 3.19889323180409
-11.0249463085381 2.03269228736005
-2.10282136818843 2.42114907091361
-10.7905305557333 4.69697394082072
-1.78721218543321 2.57759486591396
-1.79230858685846 2.97783982991693
-11.3263234929252 2.62517206389041
-11.341914789927 2.1602399348857
-1.79678474894789 3.38575732180546
-11.3110697755084 3.09853608245779
-1.80045607499957 3.7976480584304
-2.18325200375177 3.56464340330297
-11.2943885112751 3.57374274360444
-10.9059805771221 3.33976704616421
-1.80308275093741 4.20948871343004
-2.19158022554655 3.97471117349902
-11.2757103560464 4.04847243891846
-1.8040900412591 4.61851875331184
-11.2549997993443 4.51793628077919
-1.80329687122928 5.01949211786676
-11.2330495580912 4.97770251609004
-10.0589926401613 4.79595368668073
-1.36573341526492 4.43187294303282
-1.10174552515717 4.06005955999797
-0.881666850528342 4.45940009812733
-1.39592226053251 3.62998994589252
-0.904654950014933 3.68130931125669
-1.09374135448149 3.28882576364568
3.68132854734047 -5.74704828623819
1.01532704958565 4.11511248986276
0.850758374469631 3.75039827702419
-0.237142852571937 5.36342315936073
-0.223209601730491 4.85276945196084
0.188389643311312 4.98977785064365
0.182232161069812 5.50027788808513
-1.03051615117798 4.83119998838387
-1.144198853985 5.18853323122307
-0.703210287288446 5.27559960953397
4.42693394326593 -7.31333878658564
-0.607256489647027 4.88030649720757
4.45938858525821 -6.89053063384384
2.3883099229714 -1.01913352912853
-1.49335950243496 4.02579246204222
3.58422787728439 -6.20106878382131
-0.676138790376595 3.3078681739923
-0.241168759674042 3.32140614232874
-0.456842578593006 3.70846950351538
-0.45236558648303 2.91928909478671
-0.023007377810404 2.92371840181426
-0.23744490301023 2.50223395513842
-1.43912859619218 4.85553703151798
1.65457863024081 -1.05241511769806
-4.18897917487573 4.00241791200414
-4.38525035180538 3.57579432036619
-0.0183054837004777 3.7291347521824
2.28853577216776 -1.39621361553021
-4.80707969738051 3.51273341544449
-4.59096612914296 3.94700152657847
0.62974107897745 3.35780169292434
0.197798435907327 3.33743881900801
0.418734992390103 3.74464042755919
-0.670869363909444 2.53173724938793
-0.865435279633221 2.92962327183767
-0.233154205273511 4.11990179898426
0.624970171913231 4.13874951663255
4.1411547464421 -6.54713088769232
0.402757974324401 4.53828208457243
-0.667613535342216 4.09146923849235
-1.3399023471879 5.46210760483958
-0.888715750099431 5.56761688767548
1.18588455669762 -11.6153089460059
1.28819759008016 -11.1910795075791
-0.447148318731872 4.49794260895432
-0.448917157549277 5.73019749483888
0 6
0.202485425928488 4.13825970571779
-0.0132817740903904 4.53136679094068
3.22333911719522 -6.39090807850527
3.22534346313544 -5.95212874387383
3.23508705424057 -5.51557050332934
3.25436431648197 -5.08771847551358
3.2299498144631 -6.82593344552245
3.56947784719138 -6.61340763530722
3.24664564400066 -7.25008921229992
3.58108957534746 -7.03287822762267
-1.47028243255961 2.79551049322305
-1.1264826843587 2.58928443505683
-1.47603747887259 3.19006342619056
3.93216154141434 -7.2693941977766
1.34206494041302 -10.7421159890684
3.85351792707012 -6.83014909733087
1.89284376836993 -1.40389707847976
1.67528398689976 -1.71264116678457
-1.20283348808406 2.96821242876007
4.14840906985351 -6.97343079486359
-3.8630877835024 4.04468024848163
1.56686750160045 -1.38622534246459
-1.47303919938894 5.16017527418036
3.5756568062609 -7.3661828640574
1.34533498222886 -10.2768796113957
-1.47720015775204 2.48142971930944
3.82627625703681 -6.46147687036107
2.02788725774824 -5.07190950407064
1.85467043613438 -2.18590895484016
2.76500548479861 -5.78661738737203
2.39869989229274 -6.3701974641743
2.89827747338042 -6.2182510316197
2.77960272759908 -7.15513548661979
2.01186662599622 -6.8206501543617
1.24040900855003 -9.07842703135166
1 -8
1.57023056491621 -7.29709052386357
1.22496983497051 -6.57302657766764
1.22992169446504 -5.27895145515889
1.6277519914867 -3.40442699521393
2.83573225536086 -6.61563060148387
2.496221203231 -5.36174421942248
1.98089624859587 -5.9172757514216
2.94044938898852 -5.31014637410285
-11.7663951519116 2.87082551928376
-12.0310780158583 3.3319014755671
-12.2672264956633 2.87585569644282
-11.7065664020438 3.80892812317434
-12.2269813392087 3.80041656438684
-12.0068934049527 4.24400551333301
-17.2390127431219 -5.93898072023197
-15.4884343001711 -0.394894543489405
-15.8948403748938 -0.205235644243694
-12.8933339899723 1.82239115181077
-12.9525903326811 2.46115442220177
-14.3495726159623 0.601602346903876
-13.3356795591814 1.72013287477538
-12.1144938940408 2.41896297217273
-12.0017101255196 1.983280885795
-12.4374507015521 1.89769519938248
-14.0363489456343 0.173122869144372
-12.5470779734114 2.39005738200875
-14.5253460195016 0.186333045900332
-17.5929170617101 -6.32906322123518
-11.622138473302 3.3368973545907
-15.431761793332 -0.866942128592697
-12.4546396752643 4.27096329795008
-12.9331224604467 4.30282076392518
-12.7111890180359 3.81556619423679
-12.6697296421278 4.76616710825035
-13.1514846727243 4.8067573532544
-12.8561825775523 5.30816100962336
-11.7015706508574 2.36682870815857
-17.5492522492761 -7.18293222160676
-17.8468495403485 -6.76704804470235
-18.1000566479093 -7.26285881859154
-13.19879729505 3.83643367067164
-17.1378097708293 -6.46839066381191
-14.669725290253 -12.6389061757701
-13.6628994181388 4.81068928689974
-13.9413445402008 4.33673520252018
-13.4333781719157 4.32579580264114
-13.6991593250338 3.86134062146496
-12.3966123038689 5.20732917779181
-12.2255623594417 4.70017893529991
-12.9629220938544 3.34642976305377
-15.4184192162861 0.0630254032810678
-14.9707981423746 -0.200243315978822
-13.6695235590246 2.92128397484639
-12.4910916724733 3.33592602741765
-12.7257071339197 2.86924171889597
-13.4505420815745 3.37198866347448
-13.198574579363 2.87661731244033
-15.2575626466094 -1.29061342928574
-16.7004420659899 -5.74553353855152
-16.7001435066648 -6.23393643033928
-16.7097325544029 -6.71513070883733
-14.7753026197953 -1.27094073192552
-14.968587747161 -0.873676901027699
-14.3056353336026 -1.23801283759571
-14.4975801030862 -0.847456158568488
-11.5784928332442 4.77355224677086
-11.9225693857796 5.06759471631331
-11.598647437622 4.31325066507304
-14.1790483399392 -0.422653224934289
-14.6858562374405 -0.530450778699777
-17.1191678608527 -6.92137787766237
-16.7317794012549 -7.18070233944973
-11.8711131060283 4.60862738269365
-14.4779813481655 -0.175942620372035
-17.4487065403275 -6.73443932512349
-17.1301353484839 -7.29353299492212
-11.6747901420357 2.00563490138146
-14.1288048193806 -0.843861632680624
-11.5481943876549 5.13876186054846
-15.108897866978 -0.573791649623671
-8.17788343463575 9.59467860829899
-8.00709631530306 8.54804255642754
-6.14611818406611 -9.71908348530563
-3.5172711175431 -10.0874703148338
-4.94617654142439 8.37294090481591
-4.2043734095868 8.34844302140187
-6.39573438842365 7.61693164521214
-6.8736953221114 8.3559229076818
-7.67828576383326 7.36676738472562
-0.994276947845978 -9.06545863916382
-0.467686266142145 -8.61476980519759
-4.26060361980037 7.44527815811012
-3.74065791719798 7.37755079966666
-3.81218822380088 7.73491964186974
-7.36056033040533 -6.22335795418553
-7.06850226227463 -6.3460053609388
-3.6837729185733 6.10335333704452
-4.25506498146863 6.35506955206813
-5.1487655677897 6.14903706207409
0.927640888085747 -1.84516778439576
0.738879647203734 -1.49470419379689
-3.06801042404114 -9.66517461858222
-2.54583974246399 -9.81942352436738
-1.47209145612877 -9.32426878882669
-1.64170889667337 -8.90531251888449
-8.233233561424 10.3659414105343
-4.12376648650089 7.89113600617057
-4.2585848393624 -9.98799215205164
-5.82007585243163 8.38191684314511
-5.71098194985126 7.0290990960775
-4.70885115629019 6.87537516544747
0.630005789441657 -10.7335403181135
0.96593859839408 -10.8898507484356
1.04457323139144 -10.506037460919
-0.138167203716455 -8.9243482043543
0.206177235839214 -8.50111078090454
0.736845051035574 -10.2689686160928
-4.93316724288211 7.42558307791022
-8.25065006918191 -6.89177783949883
-8.45819673095237 -6.61627944870923
0.396504014331934 -9.24594134230556
0.599606359540844 -8.77250556798474
0.202153002754005 -8.96356616425873
0.79785469918345 -1.11270467508092
-3.73703252900512 -8.75757475018803
-4.15161595855812 -7.95800257690534
-4.5759832566506 -8.61883495225507
-7.22805301508136 -6.65319081557797
-7.3539613760312 -6.38959136141711
-7.65538790004275 -6.43176950917131
-0.195424845133452 2.32514874825803
0.430853273606287 -11.0623841348422
-8.47945770667787 -6.45248455806823
-8.14963734751763 -6.53933603592401
-8.36533680028307 -6.36449093801947
-7.74573007713216 -6.61643197848459
-3.18102859233659 -8.20696819208005
0.17538800178754 -11.0671403992016
-2.2259933764501 -8.988947679941
-2.21750841738047 -8.32568977442782
-6.41332463534058 -8.90604338769852
0.940204770217599 -11.2822555553974
0.719764267750874 -11.0227840816402
-0.433312123519442 6.67693576351802
-1.53996376787724 6.44318425637743
0.405722932869535 1.71040387045486
0.272596736158809 1.43318510228595
-2.25895645947203 6.06213084041657
-1.9025568764884 6.04873003613246
-2.07755498314668 6.26522004552414
-8.76371181187127 10.7015086006668
-2.93953591028866 -7.42322088073206
-4.18624809600025 -7.10549751105814
-6.7462617169623 -6.52787958251838
0.861435958340476 -9.72901494124982
0.459668365401584 -10.0553043960245
-3.2760759352854 5.78193131947276
0.587900281582368 -1.80277175067789
-6.33963115989883 6.14792184134727
-2.59320918134179 5.75216584424854
-3.71942616312876 6.72248135665031
-3.39341441439772 6.50390787367433
-5.13016531968769 -9.8573475681116
-1.56876589730396 6.14015428816685
-1.58368331034815 5.79102016779713
-1.2513491866032 6.03158610020404
-7.69850491050257 6.1250586432506
-2.08278741624436 5.72164347404798
-0.109715837326786 -7.85173181480031
-1.51820981531452 -7.68991208408777
-1.15799305400052 -8.39275505418615
-1.8581921480315 -9.24811257590254
-8.27135415899604 -6.64810820636879
-8.0652851034155 -6.37612319362839
-8.26070658326398 -6.18101420261661
-8.35057240525405 -6.26134000512814
-2.8749032076203 6.02301648753288
-7.92344127888786 -6.25828833932518
-6.49983119211316 -7.60845654706174
-7.21051444790628 -7.67458644813567
-6.63366314917623 -8.17754524696674
0.436181989545555 1.27540282624152
0.166923976263432 1.70713849487486
-4.58364281254803 7.86685999056112
-5.40350419962148 -8.99750652489008
-2.46861840361191 6.71183591618772
0.297383791250741 0.831120655013084
0.735353761258282 -9.26001381906381
-7.4611357720392 -6.92029940359332
-7.96953144666207 -6.78312830024748
-7.87528239361874 -7.04454836062146
-0.511146256460295 6.09942616852169
-0.949271644746033 6.19271639221425
-0.862296045998123 5.88898713407065
-8.32979011927654 10.8825600424916
-7.09012798293711 -6.48011380949586
-7.00733036450506 -7.23607122327458
-6.83625168185728 -6.86134843331814
0.462132537132456 -9.65253235417516
-1.20188038266615 5.74963748676266
-5.18312734219304 -8.23927254452706
-2.69306072401755 -9.30328913499792
0.22453175608489 -1.89599645904879
0.293035092259622 -1.91680670189254
-5.19087055297401 -7.49460855974093
-5.08666738328589 -6.83949128276067
-5.72908693841331 -7.05390583800053
-2.61114112536602 6.21546674579873
-2.72828643234856 6.49810415083763
-3.1361027886291 6.25235975942412
-0.252012367893467 6.3686409418834
-0.682937317623222 6.39798520108525
-6.27859961196225 -6.78184716490537
-8.04215910034324 -7.34770041502302
-1.78872447425267 6.3158467165467
-7.80981961151422 -7.80002587567105
0.409406650530328 -10.4500243552244
0.256712842407269 1.96481252852971
0.23282482366457 -11.330167988919
-1.98586704041064 6.48252028002762
-4.47562932072728 -9.28685586529569
-6.22194531983052 -6.47014783313273
-5.89971720560296 -8.44415018604703
0.490567253146879 -1.26636083725801
0.487946300670833 -0.951815929540293
-2.8534714700673 -8.73845373208172
-3.21512485025303 -9.1882038885111
-5.74301268138625 -6.62962762792994
-2.34047855117723 6.42237814900247
-7.58352335456194 -7.25631883860006
0.0605646228792542 1.95239350266715
0.106346188468051 -10.8538886394424
-6.88993367122542 6.8583684885926
-4.04600880053865 7.04202595693967
-5.96645587674429 -7.45673118366987
0.189544440901518 -10.2362026661844
-3.72329924871696 -9.48647026406784
-5.40067859961513 7.81670282652083
0.434201718740801 -1.57666854367023
0.284872526909448 1.12462212896533
-1.27092709778432 6.31974772238173
0.167919670047514 -10.5529436807572
-7.6640958488965 -7.52717011043691
0.122794330733746 -9.26872287846741
-2.7623077163971 6.76128657616166
-5.86770049768706 -7.90010240191902
-8.57663921901531 -6.2094147013853
-8.06823279150226 -6.14099729049957
-3.02204190637782 6.87308629544056
-3.0701325870813 6.62062559806399
0.168246557970736 -9.59277975442425
-7.84512407498096 -6.15825178640119
-6.40028469043145 -7.1649967853066
0.99696541134768 -10.1957506011308
-1.00297985536852 6.48365923323367
0.184474595674811 -9.91267941665186
-3.56092678020598 7.07207992008104
-3.33407621798474 6.81094433213681
-2.20749722040996 -9.45531401351741
-1.84561125179063 -9.53063974446158
-7.63022715369716 -6.27136858339724
-3.45646643225248 7.63909881298425
0.231123757744045 -0.0765052835886633
-3.3727746934908 7.34615869070654
-8.54525880296671 -6.1448701926206
-8.58976174407968 -6.28427632412461
0.0212810372893776 -9.09271299397394
-7.62418031062716 -6.16190555844247
-15.2763522648015 -6.81852704713536
-16.1377061197758 -7.00674492002378
-16.1045829560275 -5.51341874788401
-16.2044547010482 -6.0415132220429
-15.3759018259226 -5.94882897509779
-14.345372257207 -6.5409029170655
-14.7249300312189 -7.28840117539714
-15.8117276172951 -6.45170930791375
-14.9529318628747 -4.53052175979127
-14.3421688267852 -5.21333335116399
-15.0417005537652 -2.42850183464915
-14.5815518782401 -1.72449097128348
-16.254248277261 -5.05373296028168
-14.4288000674063 -2.23953076209912
-14.2133872917246 -1.62635260132098
-16.340716130241 -6.48039498378192
-6.71664636000273 -4.64554174366639
-6.7463086921701 -4.85168213869038
-6.472041451151 -4.96069214511525
-8.85168565372484 -5.75154031943476
-8.64551861266832 -5.72123821540984
-8.95465639598873 -5.50883827956132
-8.7251822586382 -4.49123499915016
-7.92713094504036 -5.49979779809628
-7.28672516357882 -5.34324245027425
-5.05921995361771 -5.49280315039423
-5.48362681226073 -4.72160221278169
-5.70207280020458 -5.3390766799369
-8.78918084634957 -5.10404611325211
-6.09726148992815 -4.78702274077775
-4.41965143250198 -4.8904289641271
-8.48868775663639 -4.90822763343892
-6.38463563131397 -4.97718515193576
-7.3280085878341 -4.90845027323071
-6.83456425667274 -5.23489532505271
-7.93579055544296 -4.83371602492
-8.29740564623345 -5.17116856432083
-5.65303664444404 -4.79083297795401
-5.83775245149133 -3.93050237212589
-6.16085647820471 -4.27856510747307
-6.41606650544563 -3.96676923164833
-5.36467921538921 -5.6065646051463
-6.73150930880138 -3.83292508581086
-7.63447836878054 -5.60796269706719
-7.96738755385236 -5.41842457856938
-7.83212671292057 -5.73343420620112
-6.60882007600616 -5.41344061632453
-6.62297795602007 -5.57387260935015
-6.30271335045158 -5.55498820906307
-6.80976783192125 -5.22210218879468
-6.15457742811418 -5.23597101832055
-6.29482410577706 -5.19395084201236
-6.52424092993001 -5.32832238240722
-4.83540010549832 -6.38893862969364
-3.59758955763679 -6.63214013494697
-6.72584719056171 -5.01614783278651
-6.52294178974734 -5.24464758727169
-5.88042913741043 -5.26450017848281
-6.38256243832477 -5.49605147732014
-6.01997634446598 -5.65761043162241
-8.30169382934503 -6.32335110496887
-7.53609342395771 -6.28632745182913
-7.46927468343216 -5.80906256516259
-4.06374680311892 -5.77577682217114
-6.30688648568591 -5.76568567205192
-6.75821720630568 -5.77148556644645
-6.51998105548772 -5.7350099976793
-6.84874459794603 -5.50514732038504
-5.51512445021406 -5.80517451490791
-8.57351886457766 -5.43962393974836
-8.24715990604863 -5.52921476834801
-6.44391689933464 -4.57308489265462
-9.71788862761802 -5.05381820502488
-11.0432916341823 -5.03430384507121
-10.6440439109288 -6.22302658386948
-6.85639340460957 -5.61078727154
-6.55856542165392 -5.71304867887125
-6.57909167718847 -5.53997889024595
0.205770734387583 -5.87262435420708
-0.976072581387694 -6.29323820442624
0.188164330741314 -6.93528741769627
-11.9788450762294 -6.32908227480479
-13.2162141956228 -5.8798688393854
-13.1704458959849 -6.9763412784993
-6.55674928002238 -4.24238306878028
-9.67514825826465 -5.95924463192789
-6.44141351282336 -5.74660065133289
-6.97481411866656 -6.19810298650253
-5.44418452020101 -6.28173192431545
-6.01071283842975 -6.19354070702807
-5.94182084299121 -5.65514971723841
-7.40486793841216 -5.62632356443114
-7.17937218288953 -5.65617248920246
-7.197599172112 -5.41215145167176
-6.97457663477798 -5.68661553079077
-3.25232442925896 -5.01806316298236
-2.31127046840603 -6.19943928140659
-1.92352921741143 -5.01020118950539
-5.4294989240709 -5.36230021436482
-7.58347671453818 -5.35347406015402
-5.75816214015511 -5.55545494296179
-5.59839795169508 -5.72940247816584
-3.24638690302108 -5.90355377182386
-9.19148755119644 -6.59052711404629
-6.83701660706363 -5.90194489098458
-8.93280678940287 -5.76088660043176
-12.2308498390011 -4.99718727307956
-0.730308962746388 -4.97344298088313
-13.5014746811251 -4.54843584709184
0.510091411046647 -4.55560525423199
-6.54352609536031 -5.95502351075316
-6.32795476163213 -6.08343873107889
-6.31165939056681 -5.91465217537416
-6.66371390794457 -6.08027864958784
-6.4469327115037 -5.94977222631982
-6.68019167346954 -5.91221209309283
-5.7731270225204 -6.02018505806807
-6.63693125932669 -6.20749997033747
-6.35164330624352 -6.20324184261938
-7.1370795373057 -5.93941438763716
-6.15084684002953 -5.89868373240257
-6.30455495928458 -5.38729419007037
-6.30330881290695 -5.5714014132458
-6.67781182310014 -5.74716914770113
-6.31427142577161 -5.74905551380414
-6.73110123659709 -5.23009895082174
-6.25655356817788 -4.99620578904215
-6.68744536147612 -4.03774197921055
-8.03743345441157 -5.69000116799653
-5.80491666039963 -5.75319260725652
-8.43468438933636 -5.71351521991278
-6.7096271847946 -4.43477761857588
-8.23530282753721 -5.74298869567088
-6.73983927988158 -4.23566716313064
-3.02121707423238 -2.35437314022251
-3.08504795635003 -2.67689986581297
-1.36264855059662 -9.47494573762732
-1.26962182690609 -9.63955467939981
0.373755559752188 -2.92688135624826
0.648686547929013 -2.88962212949963
-3.1482136854017 -3.00263379173703
-4.03846425661148 -5.99873065259906
-8.98343501327667 -5.96859919669254
-4.22844024481731 -5.73265919933413
-9.47707050994075 -7.12994935556357
-9.55661149113331 -7.34009931310526
-5.66841902397804 13.9596253310217
-9.6463095611282 -7.56024200246257
-5.67137964318074 -5.20155110120448
-9.73265919933413 -7.77155975518269
-9.82746368500577 -7.98427939695616
-4.74065278153613 -6.70313353038769
-5.87508572676368 -5.1430521529228
-6.15520549299725 13.848178438871
-9.08144189402424 -5.92376612840874
-4.83290898262027 -6.51229141496561
-7.31928241950138 -4.07886561529662
-9.32201408925193 -6.38334163379982
-3.97679462420314 -6.58316700817633
-8.92272597944495 -5.68547380194976
-3.67365338050657 -5.95285570659596
-3.58240555935874 13.4654417818047
-9.8502348912069 13.6004360100761
-10.2003685473107 12.4309670430907
-8.90767629476102 -5.52921963909349
-10.5066935482109 12.6345112980348
-9.40073595409685 -6.9279924184784
-9.0729093632245 -8.07126378741981
-8.70150088289693 -8.07580977013139
-8.89176215714629 -8.06722545730977
-7.12683537340586 -3.9927365367114
-8.50269247430668 -8.04394859530818
-8.1147974161016 -8.05732209683688
-8.31276964276822 -8.04458645243573
-6.93558252988011 -3.90782220680782
-7.90835057220807 -8.02869218437492
-7.70615737898844 -8.03234268333586
-7.5123896246473 -8.04689202405316
-7.30192074399264 -8.01997241528569
-7.09627654791021 -8.02509443041765
-6.89973924398394 -8.04132175709317
-6.68723654873117 -8.01543542832277
-6.60568085180438 -8.17437778113175
-6.48022777329774 -8.02155729709004
-6.07058521061771 -8.01413121717255
-5.97727797154784 -8.19159849238075
-5.45828099821136 -8.01632453651955
-5.25494097797957 13.9752008865599
-5.06222349834663 -8.04592646944125
-4.65838733195137 -8.03414634158731
-4.85676513345507 -8.02354100923203
-3.61605797272131 -6.11846844575979
-4.56017914274667 -7.085631567817
-4.56549118982477 14.1508119649011
-4.46996855906157 13.940734248464
-8.27987074665614 -4.53066901414975
-4.37220923651196 -7.85268339956902
-4.27108211573411 13.9545193984065
-8.85949200576182 -4.8168413465015
-4.37626364014977 -7.47458062807043
-4.08148293888345 -8.05349639691888
-7.89215935609385 -4.35078468292944
-9.05349639691888 -4.91851706111655
-9.06362500663759 -5.10505931919385
-5.47283076787503 -5.26430325659287
-9.61605797272132 -8.11846844575979
-9.07207060999821 -5.2870808896205
-9.33122583830007 -6.72635915882187
-9.07389016132043 -5.45623227496809
-9.440271179107 13.9054020642664
-9.50330863130279 14.0712070672693
-9.33064964216957 -7.90925433754247
-9.2576660699143 13.9252511511052
-8.66647989825274 -4.71898089402617
-5.86431688201461 -8.02126669616361
-5.81491147233898 -8.18076964350837
-6.28305140490393 13.9608201058962
-4.18213053910915 -5.87276053281043
-8.79940690820799 -5.86960289648798
-9.42934044116841 -6.23092658001233
-9.24759950197624 -5.75723966351902
-10.4293404411684 12.7690734199877
-3.73650963439675 -6.27222073260288
-3.5437677250319 13.9261098386796
-9.88553570439249 3.34982629462711
-10.1557308170067 13.2168730837429
-8.83052701780692 -7.05406499640248
-11.6970430478511 4.98426921117589
-12.2081642594009 3.46412054322569
-9.48277500097389 11.8595976502639
-3.39308050671867 8.09710075802686
-14.7747871483937 3.18687645114944
-10.1410876939647 10.3563634074167
-3.76626729913266 13.0296099274664
-10.7716916626748 11.1381058090895
-15.2449042220432 3.41752279042485
-9.04084150845994 -6.79167988279765
-10.5789713213848 12.4694320048111
-10.2600903734105 11.4781720478696
-3.81729273226827 10.9914384471976
-10.6726915044887 11.9152673174901
-3.71051077878327 12.6472730153677
-10.9601717525875 8.70770257137644
-16.27544009179 3.33399126897711
-13.5862496964642 3.99942167791393
-10.8737519337677 10.0434801038195
-3.46285417013641 5.78998704984248
-9.87460254655107 8.73627510718766
-10.495927470797 12.8698825035727
-14.9557546949172 3.83010075784192
-10.339300107149 5.02626111616349
-11.013813374556 7.34400970131006
-15.8706027057127 3.52891495621071
-10.5824055593588 12.4654417818047
-3.7217506321856 10.1590386636029
-16.2711050836756 3.53633101502922
-16.0984563636694 3.45906462049233
-12.5077216922624 -11.7202393618259
-14.3983127004519 0.0506891421563739
-13.0969231645415 -12.2765063645325
-13.5045218527361 -12.7623135514111
-13.8309014899775 1.08199566502628
-7.76681041018554 -9.14245391507206
-5.91792381922136 -8.09399417517172
-13.789341449384 -0.8090430057572
-14.9908645654708 1.03069562889747
-14.29006175611 2.18226592133896
-17.4694320048111 6.42102867861516
-6.63334724542058 -8.78086835800664
-5.16306322070518 -7.81031415815715
-11.3850951657907 -0.641696344251558
-11.7504977832002 -2.58210322715317
-11.4779917595255 -1.67994871367642
-11.4215042626759 -1.21115430188393
-14.9739344494666 3.07487888252207
-15.5017743253733 2.1224533653867
-12 -3
-14.3748211246099 -10.7678167203394
-11.5847018247723 -2.13968630201828
-14.3269829894317 -11.8624397950426
-14 -13
-14.3802761753643 -11.3197852441111
-14.236713035762 -9.3360840778067
-0.235393964636538 2.75483499727182
-2.9925783715087 -3.55154694495913
0.576306974483634 -9.5482157541074
0.290188794305048 -3.50261836351146
0.11011738307877 -3.64124177860457
-0.702609931149595 -10.0865240360122
-0.735302448331971 -9.80234741881007
-0.583161794315157 -9.99593454551991
-0.689499553312937 -9.78884147898367
-0.471316108324993 2.87289440442905
-0.16772058205063 -9.89001983958802
-3.93563445919111 2.93319379707381
-3.70006649253404 2.82704902676496
-3.9405969053614 2.74272781877654
-0.705316800809291 -2.25757514641444
0.802347418810067 -9.73530244833196
-2.72141762212332 -3.57731660721438
-2.67364547963885 -3.91078257095497
-0.22959709486322 2.46830503993166
-0.780645967831762 -1.63160660018069
-0.232392940897059 -2.2686357058985
0.150358434537799 -9.31840726923129
-0.467127194854322 -2.29698143151808
-0.508717018701669 -1.57928673832442
-2.33123971453554 -4.52169762016317
-1.14539115496819 -4.69503606054554
-3.93785677778926 2.52930300009457
-0.900373144301687 -4.79901915792989
-0.686102832529729 -4.64903729503248
-1.35777326875276 -4.8439595371614
-1.113598912918 -4.94646760464306
-1.56967368343149 -4.98903893167336
-1.43965718448944 3.24202589736946
-0.502015402447055 -2.11358072633971
-0.419257116521539 -1.08750750277584
-1.81307717306445 -4.8945499818584
-0.189934677473715 -1.05492028836066
-2.05492028836133 -4.81006532252713
0.0349152410635933 -9.81080147638433
-0.0349158557805996 -4.1923668887449
-3.93741937222717 2.29613730171962
0.293452045905213 -3.14311668719588
-1.22229314050006 3.39284429342916
-0.293116994690205 -2.00409245672018
-0.523752419796686 -1.92655658644864
-0.983103274534325 3.2841358575864
-0.0117950980758134 -4.45424939642036
0.0168967254649999 -4.7158641424136
-3.05492028836066 3.18993467747287
-0.735878294412731 -2.04945180325387
-3.19999887096162 -3.33264315504365
-0.519740950613837 -9.30052636013439
-0.0231931899151832 2.34835418542163
-0.0224709691056921 2.64072919556547
-3.56083912277249 2.98452217348839
-3.36231486826562 2.68695422042256
-4.59968732005291 1.16797288683856
-0.952981185693009 1.60705042204359
-4.78092800742435 2.48152479118626
-3.9088871566208 2.9165338147111
-3.52907108264496 2.37067911979766
-3.36697026374439 2.15424792834808
-3.20756477698514 2.40461454682611
-3.68880654979553 0.0194628780387947
-5.00000000000124 2.9999999999996
-2.29970667672569 1.52198857947522
-4.41973713010805 1.72929912883169
1.27807988722744 -1.22522446629937
-2.97624015025043 1.14274390771107
-3.11660767721241 2.15914306266747
-3.25727218122346 1.9405969053614
-3.31998046519316 0.014849088358942
-4.521899630075 1.44175322053364
-2.73803542515858 1.43354717078106
-9.42399417396777 4.56825331512053
-9.85573500892912 5.33494060421814
-9.93952484856878 2.39538023777718
-7.41182848193531 2.78649794209413
-4.69214201790366 3.28040650571584
-8.37435302009319 4.38231284056877
-7.68586461461919 3.02619037906833
3.98467295041435 -6.11511248986276
0.540611414741794 4.89053063384384
4.14924162553037 -5.75039827702419
3.98086647087147 -5.3883099229714
-4.37025892102339 4.35780169292435
0.409033870857885 2.94700152657847
4.61530894600585 -7.81411544330238
4.1910795075791 -7.71180240991984
0.192920302620332 2.51273341544449
3.60378638446979 -5.28853577216777
3.74211598906839 -7.65793505958698
0.573066056734066 5.31333878658564
-3.98086647087232 4.3883099229714
-3.94758488230278 3.65457863024082
2.08771847551358 -1.74563568351803
0.858845253557904 4.54713088769232
2.04468024848163 -1.13691221649844
3.27687961139574 -7.65466501777114
1.01913352912853 3.3883099229714
2.07190950407064 -2.97211274225176
1.59557300478607 -4.6277519914867
2.81409104515984 -4.85467043613437
2.07842703135165 -7.75959099144997
-17.6051054565106 -5.4884343001711
-13.3983976530961 2.34957261596226
-13.7201328747754 0.664320440818555
-17.1330578714073 -5.43176179333203
-18.3371005818612 -6.81068928689974
-18.0586554597992 -6.33673520252018
-17.7947643557563 -5.89484037489379
-18.3008406749662 -5.86134062146496
-13.8999433520907 5.26285881859154
-13.3610938242299 5.33027470974696
-14.9212839748464 0.330476440975387
-18.6389061757701 -7.33027470974696
-14.2138712995062 -12.4038144852191
-14.2052356442437 3.89484037489379
-13.9369745967189 3.41841921628606
-16.7093865707143 -5.25756264660936
-3.73887964720373 8.49470419379689
-3.92764088808575 8.84516778439576
-4.51727111754311 8.9125296851662
-3.79785469918345 8.11270467508092
0.325148748258035 -10.8045751548665
-7.14611818406611 9.28091651469436
0.566687876480558 -11.323064236482
0.556815743622567 1.46003623212276
-2.92764088808574 -10.1548322156042
-2.58790028158236 -10.1972282493221
-7.41332463534058 10.0939566123015
0.7177444446026 6.0597952297824
0.676935763518023 6.43331212351944
0.368640941883399 6.25201236789347
0.330167988919047 2.23282482366457
-6.1301653196877 9.14265243188838
-6.40350419962148 10.0024934751099
0.684153283453304 1.21127552574733
0.517479719972376 1.01413295958936
-7.23323356142399 -8.6340585894657
-8.80981961151423 11.1999741243289
0.577621850997532 0.65952144882277
0.06714039920161 2.17538800178754
-5.25858483936241 9.01200784794835
-5.47562932072728 9.7131441347043
0.545839742463997 -2.18057647563261
-1.28959612954514 6.59427706713046
0.106346188468733 2.14611136055764
0.167919670048197 2.4470563192428
-0.146111360557644 2.10634618846805
0.288164083812278 0.531381596388094
0.50189584916237 0.27171356765144
0.238713423838344 0.237692283602897
0.384691053994151 5.81411544330238
-9.04215910034325 11.652299584977
-3.48794630067083 7.95181592954029
0.104003540951225 -2.22453175608488
0.516340766766327 1.99702014463148
-2.10400354095122 -9.77546824391511
-3.23112375774405 7.07650528358866
-7.32979011927654 -8.11743995750843
-0.76717517633543 6.66983201108095
0.126913704559444 -0.0220419063778153
0.456466432252479 -0.639098812984252
0.46936025553842 -2.15438874820937
0.675731211173309 -2.52790854387123
0.0220419063778153 0.126913704559444
0.372774693490797 -0.346158690706545
-15.0537329602817 -1.74575172273903
-14.5305217597913 -3.04706813712533
-15.5714981653509 -5.04170055376523
-6.89595388674789 -4.78918084634957
-7.50876500084984 -4.7251822586382
-5.16707491418914 -5.73150930880138
-6.49116172043868 -4.95465639598873
-5.06949762787411 -4.83775245149133
-5.03323076835167 -5.41606650544563
-8.99620578904215 -5.74344643182212
