4556 3
0 1 2
3 4 5
6 7 8
2 9 0
10 11 12
3 13 4
6 1 0
14 15 16
17 18 19
20 21 22
8 1 6
23 15 14
24 21 25
18 26 19
27 28 29
1 30 31
32 33 34
10 35 11
36 7 6
25 37 24
38 39 40
41 33 32
38 21 20
2 1 31
12 42 10
8 30 1
43 40 44
40 39 44
38 40 45
46 40 43
44 39 47
48 25 49
50 0 51
22 21 24
27 52 28
20 39 38
53 3 54
8 7 55
56 57 51
58 59 60
61 38 45
62 7 36
63 53 54
46 43 64
45 40 46
60 59 65
10 42 56
66 53 63
67 68 47
61 45 69
0 9 51
49 25 70
71 0 50
47 68 44
72 73 41
74 75 76
77 45 46
78 3 53
79 80 81
82 83 84
56 42 57
85 86 87
51 57 88
89 53 66
59 90 86
91 92 93
94 16 95
80 73 81
82 75 83
96 97 98
25 21 61
29 28 58
99 46 64
100 101 102
66 63 31
63 54 103
54 10 103
65 59 85
89 78 53
104 58 60
22 60 65
105 106 107
66 31 108
109 48 49
50 51 88
55 7 64
104 29 58
85 59 86
65 85 110
111 89 66
112 30 113
114 22 65
41 115 116
117 118 74
114 65 110
111 66 108
98 101 119
106 114 107
120 97 121
96 98 119
122 90 28
105 107 123
124 115 120
102 118 125
70 61 69
36 6 71
124 120 121
100 102 125
113 30 8
63 103 2
105 47 106
67 47 105
110 126 107
121 97 96
81 73 72
76 75 82
127 128 78
119 101 100
72 41 116
117 74 76
85 87 129
24 104 60
57 42 92
116 115 124
125 118 117
63 2 31
48 37 25
10 56 103
107 126 123
130 67 131
22 24 60
114 20 22
104 23 29
108 30 112
67 105 132
114 110 107
106 20 114
69 45 77
43 55 64
47 39 106
133 108 112
67 132 131
31 30 108
89 127 78
133 111 108
129 126 110
105 123 132
28 90 58
134 5 135
136 122 137
130 68 67
111 34 89
138 130 139
85 129 110
130 131 140
113 8 55
133 141 111
142 11 134
70 25 61
6 0 71
139 133 112
130 140 139
138 112 113
143 19 136
135 4 144
145 68 138
89 34 127
146 12 142
147 27 148
138 139 112
141 34 111
145 138 113
43 44 145
44 68 145
99 64 62
145 113 55
134 11 5
144 149 150
151 17 143
139 152 133
140 152 139
43 145 55
136 19 122
5 4 135
138 68 130
133 152 141
33 153 127
58 90 59
12 11 142
64 7 62
106 39 20
77 46 99
144 4 149
51 9 56
17 19 143
127 153 128
75 154 155
155 154 87
54 35 10
61 21 38
149 156 150
151 157 17
75 155 83
150 156 158
159 157 151
149 13 128
48 15 23
34 33 127
78 13 3
74 154 75
88 57 91
86 26 18
109 15 48
5 35 3
146 160 12
27 161 148
23 37 48
56 9 103
86 18 87
4 13 149
28 52 122
41 32 115
104 37 23
87 154 129
147 52 27
162 163 94
93 164 165
122 52 137
166 163 162
167 168 79
84 169 2280
115 171 120
165 164 172
97 173 98
118 174 74
16 15 95
115 32 171
120 175 97
101 176 102
91 57 92
98 177 101
158 168 167
2280 169 159
118 178 174
102 178 118
87 18 155
3 35 54
129 174 126
174 178 126
154 174 129
97 175 173
98 173 177
14 161 27
120 171 175
101 177 176
29 14 27
102 176 178
74 174 154
19 26 122
23 14 29
172 160 146
148 161 166
126 178 123
11 35 5
122 26 90
160 42 12
178 176 123
155 179 83
123 176 132
176 177 132
128 180 149
83 179 157
132 177 131
95 15 109
177 173 131
90 26 86
79 168 80
83 169 84
73 33 41
131 173 140
73 153 33
173 175 140
80 153 73
140 175 152
128 13 78
171 32 141
141 32 34
103 9 2
175 171 152
152 171 141
92 164 93
94 163 16
16 161 14
137 52 147
149 180 156
24 37 104
80 168 156
157 169 83
17 179 18
92 42 160
157 179 17
156 180 80
156 168 158
159 169 157
18 179 155
80 180 153
172 164 160
161 163 166
160 164 92
16 163 161
153 180 128
181 182 2281
184 185 186
187 188 189
183 190 2282
191 192 193
184 194 185
187 182 181
195 196 197
198 199 200
201 202 203
189 182 187
204 196 195
205 199 206
202 207 203
208 209 210
182 211 212
213 214 215
191 216 192
217 188 187
206 218 205
2283 2284 221
215 214 222
219 199 198
2281 182 212
193 223 191
189 211 182
224 221 225
221 2284 225
2283 221 226
227 221 224
225 2284 2288
229 206 230
231 2282 232
200 199 205
208 233 209
198 220 219
234 184 235
189 188 236
237 238 232
239 240 241
2285 2283 226
243 188 217
2286 234 235
227 224 245
226 221 227
241 240 246
191 223 237
247 248 249
250 2287 244
251 252 2288
2285 226 253
2282 190 232
230 206 254
2289 2282 231
2288 252 225
256 257 222
258 226 227
259 184 234
2298 261 262
247 249 263
237 223 238
264 265 266
232 238 267
268 2287 250
240 269 265
270 271 272
273 197 274
261 257 262
275 276 277
206 199 242
210 209 239
278 227 245
279 2290 281
250 244 212
2286 235 282
235 191 282
246 240 264
268 2291 2287
283 239 241
200 241 246
284 285 286
250 212 287
288 229 230
231 232 267
236 188 245
283 210 239
289 248 290
264 240 265
246 264 291
292 268 250
293 294 279
295 211 296
297 200 246
298 299 289
290 248 247
297 246 291
292 250 287
300 280 275
285 297 286
301 276 302
300 275 277
303 269 209
284 286 304
302 299 305
254 2285 253
217 187 255
222 294 306
293 279 281
301 302 305
296 211 189
2286 282 183
284 228 285
2292 228 284
291 307 286
277 276 301
262 257 256
308 2293 2291
2294 280 300
256 222 306
298 289 290
306 294 293
264 266 310
205 283 241
238 223 271
305 299 298
244 2281 212
229 218 206
191 237 282
286 307 304
311 251 312
200 205 241
297 198 200
283 204 210
287 211 295
2292 284 313
297 291 286
285 198 297
253 226 258
224 236 245
228 220 285
314 287 295
2292 313 2295
212 211 287
268 308 2291
314 292 287
310 307 291
284 304 313
209 269 239
315 186 316
317 303 318
311 252 251
292 213 268
319 311 320
264 310 291
311 312 321
296 189 236
314 322 292
323 192 315
254 206 242
187 181 255
320 314 295
311 321 320
319 295 296
324 203 317
316 185 325
326 252 319
268 213 308
327 193 323
328 208 329
319 320 295
322 213 292
326 319 296
224 225 326
225 252 326
278 245 243
326 296 236
315 192 186
325 330 331
332 201 324
320 333 314
321 333 320
224 326 236
317 203 303
186 185 316
319 252 311
314 333 322
215 334 308
239 269 240
193 192 323
245 188 243
285 220 198
258 227 278
325 185 330
232 190 237
201 203 324
308 334 2293
335 336 266
235 216 191
248 336 335
248 335 249
242 199 219
330 337 331
332 338 201
331 337 339
340 338 332
330 194 309
229 196 204
213 215 308
259 194 184
267 238 270
265 207 202
288 196 229
186 216 184
327 341 193
208 342 329
204 218 229
237 190 282
265 202 266
289 336 248
185 194 330
209 233 303
222 214 294
283 218 204
294 343 279
266 336 310
328 233 208
344 345 273
272 346 347
303 233 318
348 345 344
349 2296 260
263 351 352
347 346 353
279 354 2290
299 355 289
197 196 274
294 214 343
275 356 276
280 357 275
270 238 271
339 2296 349
352 351 340
299 358 355
276 359 302
302 358 299
266 202 335
184 216 235
310 355 307
355 358 307
336 355 310
2290 354 2297
275 357 356
195 342 208
210 195 208
279 343 354
276 356 359
302 359 358
289 355 336
203 207 303
204 195 210
353 341 327
329 342 348
307 358 304
192 216 186
303 207 269
341 223 193
358 359 304
335 360 249
304 359 313
359 356 313
309 2300 330
249 360 338
313 356 2295
356 357 2295
274 196 288
269 207 265
2298 350 261
249 351 263
257 215 222
312 2297 321
257 334 215
2297 354 321
261 334 257
321 354 333
309 194 259
343 214 322
322 214 213
282 190 183
354 343 333
333 343 322
271 346 272
273 345 197
197 342 195
318 233 328
330 2300 337
205 218 283
2299 2296 337
338 351 249
201 360 202
271 223 341
338 360 201
337 2300 2299
337 2296 339
340 351 338
202 360 335
261 361 334
353 346 341
342 345 348
341 346 271
197 345 342
334 361 2293
362 363 364
365 366 367
368 369 2304
371 372 373
374 375 376
94 377 378
379 380 381
382 383 384
385 386 387
388 389 372
390 391 392
372 389 393
2301 395 396
2302 383 382
398 399 400
401 402 403
387 404 385
400 399 379
372 393 373
405 406 407
364 408 362
409 410 411
412 413 414
2315 416 417
418 2303 394
419 420 421
422 423 424
425 426 427
365 428 366
429 389 388
430 426 425
2304 2326 368
432 433 434
435 372 371
436 437 438
439 2305 440
441 442 443
444 389 429
376 375 445
2306 433 432
446 447 448
449 413 412
381 380 450
451 452 453
453 454 451
392 455 390
456 457 458
459 460 461
2307 463 464
465 466 467
424 468 422
374 469 375
470 471 472
409 411 473
2304 369 474
407 406 475
393 476 477
399 380 379
441 443 478
479 480 477
481 482 483
484 2328 486
487 488 489
490 491 492
493 456 494
495 420 419
496 497 498
499 500 501
95 377 94
377 502 378
391 503 392
88 504 505
432 434 447
504 506 507
508 402 401
403 402 509
510 420 495
511 496 2308
513 514 515
393 389 476
417 516 2315
517 518 519
520 521 522
405 523 406
367 366 505
411 410 524
462 525 2309
494 526 527
445 375 528
515 514 529
2308 496 530
531 452 532
2315 516 462
486 434 484
508 408 533
449 412 534
506 535 507
500 536 501
470 472 537
492 491 488
467 466 400
538 447 446
453 452 531
385 404 539
494 540 493
495 541 510
475 542 543
544 545 546
438 547 436
387 548 549
451 550 551
510 541 552
553 554 555
556 557 558
559 550 451
560 471 470
561 497 496
562 563 564
519 518 565
552 566 510
469 567 568
436 569 437
570 571 467
504 507 505
572 2336 574
544 363 362
386 575 387
546 363 544
576 577 578
482 579 483
475 406 542
522 580 520
434 433 484
522 521 581
582 2318 584
558 557 585
586 423 422
467 571 465
400 466 398
516 587 462
390 455 588
589 590 591
592 497 2310
527 540 494
594 595 441
596 597 598
599 545 2311
498 497 592
366 428 2334
602 500 499
445 528 603
604 480 605
606 607 608
441 609 442
585 557 610
611 612 613
614 555 615
577 388 578
616 617 539
578 372 435
464 463 618
619 620 474
459 461 378
447 434 448
427 426 591
621 622 623
624 625 626
627 597 628
2312 2316 631
564 563 632
493 457 456
441 595 609
572 633 2336
634 635 636
490 492 637
459 638 460
639 576 578
483 423 586
640 641 526
642 589 591
478 443 643
644 456 458
626 625 645
530 496 498
533 408 364
646 647 648
390 588 649
600 650 2313
651 652 653
391 654 503
477 476 479
655 656 635
393 657 373
658 521 659
448 490 660
655 635 661
488 491 489
662 663 664
665 666 667
664 482 481
668 669 670
393 477 657
671 616 2314
673 491 486
489 491 673
506 414 535
526 641 527
674 650 537
387 575 548
663 482 664
675 416 2315
676 666 665
396 677 2301
446 448 660
474 369 619
678 679 680
649 588 681
477 480 682
631 2316 2317
467 684 570
611 613 685
671 617 616
636 686 634
421 420 687
446 660 688
689 690 577
691 689 576
534 412 662
481 483 586
637 692 651
693 694 589
695 696 697
698 415 2307
699 700 701
702 703 704
705 432 706
528 396 707
708 387 549
448 486 490
109 709 95
625 607 606
710 707 711
555 554 690
712 594 441
653 652 621
549 548 713
714 715 716
555 717 553
688 651 653
538 446 718
713 548 697
2318 431 584
706 447 538
621 623 719
700 720 701
663 676 482
432 447 706
603 528 710
570 684 721
722 449 723
614 717 555
537 724 674
623 725 726
565 567 424
727 669 2338
729 654 391
689 577 576
665 730 676
582 2319 2318
416 547 417
713 697 732
733 2320 735
736 606 2324
737 738 739
591 740 427
741 742 367
743 488 487
735 2320 744
709 377 95
648 2333 745
544 362 746
747 748 632
615 555 689
693 2344 694
91 504 88
693 589 750
751 666 676
752 633 753
691 576 754
477 682 657
653 621 755
756 757 398
662 664 758
759 518 517
760 679 678
534 662 761
682 480 604
762 763 764
765 391 390
490 637 660
766 451 551
681 588 760
507 741 367
697 767 695
768 616 769
770 771 772
705 2306 432
773 668 670
757 399 398
694 590 589
690 554 774
662 412 663
678 680 775
776 777 778
430 764 757
728 705 2321
691 615 689
436 416 780
689 555 690
669 781 2338
455 782 588
458 609 644
760 588 679
610 2322 593
2338 781 440
783 784 401
785 494 786
787 374 376
618 693 750
639 578 435
778 777 788
610 789 585
710 528 707
442 614 615
645 625 790
682 604 791
663 751 676
543 792 475
618 463 693
501 536 703
570 721 793
774 794 690
530 2323 2308
736 2324 672
670 669 727
664 481 796
642 591 797
643 691 754
528 375 396
739 647 798
705 706 799
643 443 691
737 739 800
371 373 801
698 2307 464
716 715 802
697 722 732
803 430 804
805 510 806
807 436 780
712 441 478
494 456 786
673 2325 2350
810 532 811
812 813 702
785 526 494
2314 616 768
814 667 815
769 708 816
430 757 804
446 688 718
817 610 818
819 2342 2360
791 802 822
368 2326 583
721 612 611
823 564 634
824 498 2345
470 537 826
529 737 800
798 647 646
2327 415 698
766 452 451
727 2338 827
646 648 745
828 544 746
829 611 830
747 632 831
680 520 775
739 512 647
710 711 832
673 2328 2325
486 491 490
708 549 833
711 2329 397
834 410 835
449 534 723
692 652 651
512 795 647
2302 382 773
784 836 401
659 521 680
829 721 611
791 604 802
684 612 721
657 421 373
509 594 837
546 545 599
742 365 367
567 468 424
738 2330 512
568 838 469
529 514 737
807 569 436
729 391 765
2304 474 2331
442 458 614
754 576 639
481 586 840
792 715 841
597 842 598
419 421 657
750 589 642
768 769 843
765 390 649
605 716 604
596 844 574
423 845 846
811 532 847
769 404 708
848 2332 2330
850 2333 2339
851 362 852
853 748 854
398 466 855
780 416 675
697 696 722
395 2329 707
603 710 856
71 366 2334
388 794 429
837 594 712
2335 809 812
574 2336 70
853 634 748
858 455 392
601 733 36
668 859 669
539 860 616
567 861 568
805 420 510
812 702 862
800 739 798
863 409 473
864 403 509
621 719 755
785 786 865
711 397 866
662 758 761
745 2333 850
746 362 851
854 748 747
451 454 559
802 543 822
847 532 867
2303 868 383
602 2337 2347
448 434 486
764 399 757
847 867 562
610 557 818
505 366 50
532 452 867
706 538 871
771 703 702
489 2350 872
69 596 574
867 766 873
388 372 578
49 573 874
601 2320 733
855 466 875
876 785 533
877 584 878
879 880 881
756 398 855
863 473 882
864 509 837
824 530 498
668 883 884
586 422 885
766 551 886
887 602 2347
577 794 388
2338 779 827
804 757 756
888 455 858
62 733 628
681 760 889
508 836 408
549 713 890
786 644 891
660 651 688
591 426 797
733 735 628
584 892 878
705 799 2321
893 702 704
374 567 469
405 636 523
894 570 793
895 853 854
850 2339 896
851 852 897
93 667 814
793 721 829
664 796 758
483 845 423
442 609 458
898 624 626
880 899 881
443 442 615
760 678 900
901 792 902
903 461 904
623 726 719
803 426 430
501 703 770
510 566 806
905 899 655
753 633 572
875 466 465
538 718 906
2302 773 2340
908 409 863
909 403 864
738 512 739
422 787 910
668 884 859
771 819 772
704 500 911
580 912 520
489 673 2350
473 569 882
769 816 843
710 832 856
628 597 99
725 368 726
623 913 725
773 382 668
835 409 908
783 403 909
914 818 915
701 916 917
790 606 736
2341 734 918
881 899 905
502 459 378
499 501 418
682 791 419
919 817 818
481 840 796
920 500 602
678 775 921
414 413 535
708 833 816
2342 2343 2360
640 526 876
647 795 648
77 597 596
2344 2361 694
775 923 921
396 395 707
819 813 2342
924 825 817
925 379 926
406 552 542
722 723 553
792 841 902
475 792 901
875 465 927
905 655 928
929 835 908
930 783 909
839 931 752
713 732 932
634 564 748
773 670 933
379 381 926
593 789 610
785 865 533
645 790 934
764 763 380
422 468 787
693 463 2344
2312 824 2345
841 715 714
573 935 874
2341 918 936
937 842 938
461 460 904
550 848 551
711 866 832
786 891 865
801 421 687
537 650 826
498 592 2345
939 912 580
436 547 416
552 541 542
790 625 606
707 2329 711
790 736 940
691 443 615
665 667 165
791 822 495
941 654 729
627 842 597
867 873 562
568 518 870
472 923 537
480 942 605
362 408 852
730 579 482
507 367 505
938 842 627
817 2322 610
943 892 370
944 661 895
897 784 945
946 571 894
2349 834 947
834 948 410
676 730 482
898 949 624
586 885 840
766 886 873
764 425 762
788 777 654
501 770 950
941 729 951
706 871 799
460 692 492
952 587 516
853 635 634
688 653 953
760 900 889
682 419 657
788 654 941
787 376 954
915 557 556
535 741 507
549 890 833
397 907 866
877 582 584
631 955 2312
736 672 956
702 813 771
422 910 885
879 566 880
515 957 513
729 765 958
670 727 959
407 475 901
960 640 961
548 767 697
373 421 801
695 767 741
914 919 818
378 461 162
534 761 774
919 924 817
604 716 802
925 400 379
786 456 644
811 847 962
765 649 963
783 401 403
503 964 392
773 933 2340
653 755 965
678 921 900
776 752 753
770 772 966
903 904 743
924 629 825
640 876 967
778 839 752
722 553 732
2351 939 2346
970 556 971
876 533 364
887 2347 759
69 574 70
71 601 36
2335 812 862
846 845 700
847 562 823
972 878 973
438 915 556
737 974 738
649 681 975
865 508 533
550 2332 848
376 445 976
727 827 977
93 814 91
2314 768 2348
790 940 934
523 979 406
738 848 2330
654 777 503
543 542 822
791 495 419
670 959 933
713 932 890
895 661 853
894 571 570
852 784 897
683 834 2349
50 366 71
437 914 915
411 980 473
921 923 472
596 598 844
876 526 785
414 751 412
538 906 871
872 2350 857
70 573 49
377 619 502
919 524 924
925 467 400
517 519 699
49 874 109
88 505 50
487 489 872
445 603 981
787 954 910
36 733 62
681 889 982
768 843 983
984 925 926
729 958 951
810 531 532
688 953 718
918 385 936
862 702 893
603 856 985
736 956 940
943 370 839
819 2360 986
844 572 574
987 877 878
799 585 2321
832 453 856
640 967 961
77 596 69
602 499 2337
742 386 365
62 628 99
893 704 911
847 823 962
876 364 967
765 963 958
672 978 956
816 527 843
457 988 458
830 989 560
973 892 943
920 602 887
438 437 915
501 950 418
622 990 623
869 568 870
649 975 963
430 425 764
2311 545 828
525 991 2309
977 561 959
827 2310 977
727 977 959
720 916 701
992 898 993
637 651 660
970 438 556
987 994 995
985 902 981
982 926 975
960 641 640
2351 674 939
891 402 865
376 976 954
911 500 920
551 974 886
735 627 628
681 982 975
813 808 2342
534 774 723
962 405 407
898 626 996
2309 991 749
99 597 77
603 985 981
445 981 976
768 983 2348
2351 2313 674
886 513 873
921 472 997
960 961 969
867 452 766
811 962 407
519 700 699
811 407 901
633 2352 2336
810 901 902
963 450 958
941 951 972
755 998 965
626 645 999
769 860 404
982 984 926
653 965 953
882 569 807
679 659 680
590 740 591
874 709 109
865 402 508
1000 970 971
648 2353 2333
914 411 919
645 934 858
843 641 983
907 559 866
858 392 999
906 1000 971
972 987 878
921 997 900
598 949 844
810 811 901
917 665 165
910 605 885
856 531 985
983 2354 2348
732 717 932
985 810 902
764 380 399
994 427 995
960 969 2354
728 2306 705
165 667 93
961 968 969
770 966 950
983 960 2354
1000 417 970
776 778 752
956 581 940
939 580 2346
758 444 761
584 431 892
741 767 742
383 868 384
406 979 552
953 1002 718
906 971 871
870 518 759
919 411 524
519 565 846
709 620 377
994 425 427
840 479 796
1003 608 1004
626 999 996
439 859 986
556 558 971
835 410 409
726 1005 719
922 1006 1005
778 943 839
460 492 904
987 995 877
645 858 999
94 378 162
162 461 903
890 493 833
934 888 858
941 972 973
2360 439 986
606 2355 2324
959 1008 933
976 714 954
814 815 506
479 942 480
772 884 966
2331 1009 2356
553 717 732
983 641 960
898 996 993
499 418 394
819 986 772
761 429 774
1004 938 627
524 630 924
516 1010 952
844 992 572
735 744 1004
417 1010 516
581 521 658
469 677 375
424 423 846
527 641 843
2341 936 2357
844 949 992
965 952 953
788 941 973
985 531 810
924 630 629
402 1011 509
385 539 936
718 1002 906
566 979 880
453 531 856
904 488 743
523 1012 979
634 686 823
778 788 943
878 892 973
852 836 784
966 384 950
382 883 668
992 753 572
375 677 396
900 685 889
551 848 974
1013 1014 944
1015 1016 946
945 1017 1018
947 1019 1020
1021 762 994
814 504 91
992 993 753
561 1008 959
499 394 2337
374 468 567
822 541 495
818 557 915
993 776 753
535 695 741
788 973 943
889 613 982
685 989 611
927 1016 1015
928 1014 1013
1020 1019 929
1018 1017 930
967 546 961
866 454 832
700 845 720
940 658 934
986 884 772
951 1021 972
458 988 614
708 404 387
368 583 726
987 1021 994
755 1006 998
725 369 368
412 751 663
722 696 449
405 686 636
492 692 637
519 846 700
833 540 816
444 429 761
565 424 846
925 684 467
979 1012 880
832 454 453
735 1004 627
608 938 1004
562 564 823
775 912 923
968 546 599
744 1003 1004
608 2355 606
620 1009 474
926 381 975
961 546 968
952 1002 953
607 937 938
535 413 695
933 2358 2340
816 540 527
762 425 994
982 613 984
1001 580 522
799 558 585
685 613 889
588 782 679
770 703 771
997 685 900
949 937 624
583 731 1005
934 658 888
902 841 981
972 1021 987
997 989 685
998 991 1023
2313 650 674
874 1024 709
814 506 504
687 420 805
936 617 2357
377 620 619
975 381 963
815 414 506
859 884 986
989 471 560
1023 587 952
559 454 866
748 564 632
886 514 513
1022 550 559
923 724 537
802 715 543
752 931 633
827 2359 2310
963 381 450
581 658 940
493 540 833
906 1002 1000
543 715 792
624 607 625
907 1022 559
871 558 799
2334 428 734
904 492 488
978 522 956
899 656 655
1008 2358 933
539 617 936
473 980 569
401 836 508
726 583 1005
450 1025 958
429 794 774
1001 522 978
981 841 976
474 1009 2331
719 1006 755
974 514 886
974 848 738
417 547 970
787 468 374
806 566 879
624 937 607
971 558 871
2360 2305 439
956 522 581
809 808 812
932 457 890
734 428 918
690 794 577
873 563 562
976 841 714
694 1026 590
737 514 974
621 652 622
462 587 525
914 980 411
951 1025 1021
1021 1025 762
585 789 2321
776 1027 777
992 949 898
1005 1006 719
777 1027 503
1000 1010 417
518 861 565
958 1025 951
823 686 962
812 808 813
2346 580 1001
890 457 493
771 813 819
808 485 2342
418 868 2303
680 521 520
970 547 438
797 426 803
384 883 382
392 964 999
740 1028 995
2310 497 977
476 389 444
2361 1026 694
632 957 831
616 860 769
661 635 853
891 1011 402
984 684 925
369 1029 619
611 989 830
665 916 730
605 942 885
552 979 566
774 554 723
993 1027 776
995 1028 877
815 751 414
967 363 546
840 942 479
542 541 822
569 980 437
825 2322 817
565 861 567
410 948 524
1023 991 525
427 740 995
614 988 717
831 957 515
944 1014 661
784 1017 945
946 1016 571
834 1019 947
502 913 459
758 1030 444
704 536 500
623 990 913
998 1023 965
1024 1009 620
683 948 834
815 666 751
824 2323 530
996 1027 993
828 545 544
524 948 630
826 650 600
486 2328 673
509 1011 594
598 842 937
605 1031 716
598 937 949
1005 731 922
892 431 370
476 1030 479
880 1012 899
910 1031 605
717 988 932
714 1031 954
364 363 967
795 2353 648
484 433 821
885 942 840
779 2359 827
950 868 418
730 916 720
617 1007 2357
444 1030 476
428 1032 918
479 1030 796
644 595 891
716 1031 714
2319 1026 2361
571 1016 465
661 1014 655
835 1019 834
783 1017 784
820 2328 484
622 652 692
636 1012 523
966 883 384
520 912 775
1027 964 503
437 980 914
720 579 730
667 666 815
962 686 405
824 955 2323
869 838 568
918 1032 385
568 861 518
365 1032 428
2301 838 869
767 575 742
513 563 873
465 1016 927
655 1014 928
929 1019 835
930 1017 783
965 1023 952
1022 2332 550
608 607 938
413 696 695
984 612 684
977 497 561
630 948 683
1003 2355 608
385 1032 386
912 724 923
725 1029 369
2301 677 838
742 575 386
845 579 720
996 964 1027
1008 849 2358
408 836 852
674 724 939
561 1033 1008
671 1007 617
723 554 553
609 595 644
590 1028 740
2312 955 824
386 1032 365
877 1028 582
952 1010 1002
913 990 459
888 782 455
658 659 888
749 1034 922
496 1033 561
1002 1010 1000
1024 620 709
796 1030 758
590 1026 1028
380 763 450
384 868 950
999 964 996
954 1031 910
548 575 767
472 471 997
849 1033 511
1006 1034 998
635 656 636
884 883 966
874 935 1024
459 990 638
563 957 632
1028 1026 582
859 781 669
440 781 439
619 1029 502
439 781 859
460 638 692
922 1034 1006
703 536 704
917 916 665
659 782 888
450 763 1025
932 988 457
613 612 984
656 1012 636
449 696 413
502 1029 913
594 1011 595
511 1033 496
404 860 539
679 782 659
931 2352 633
939 724 912
1024 935 2356
595 1011 891
483 579 845
997 471 989
692 638 622
1025 763 762
838 677 469
2356 1009 1024
582 1026 2319
1008 1033 849
513 957 563
913 1029 725
525 587 1023
899 1012 656
638 990 622
1034 991 998
749 991 1034
1035 1036 1037
1038 2362 1040
1041 1042 1043
1044 1045 1046
1047 1048 1049
1050 1051 1052
1053 1054 1055
1056 1057 1058
1059 1056 1058
1060 1061 1062
1063 1048 1064
1065 1066 1067
1068 1069 1070
1037 1071 1035
1043 1042 1072
1073 1074 1075
1067 1076 1065
1055 1077 1053
1078 1079 2363
1081 1054 1053
1082 1083 1084
1064 1085 1063
1040 1086 1038
1087 1045 1044
1088 1089 1090
1091 1092 1093
1036 1094 1095
1052 1051 1096
1097 1098 1099
1079 1100 2363
1101 1077 1102
1103 1104 1105
1106 1066 1083
1107 1108 1109
780 2364 1111
1093 1112 1091
1113 1114 1115
1116 1086 1117
1053 2365 1081
1119 1102 1088
2364 2377 1111
1068 1120 1069
1121 1122 1123
1124 1125 1126
1062 1061 1127
1128 1059 1058
1129 1130 1131
1132 1133 1134
267 1135 1136
1043 1116 1117
1137 1138 1139
1140 1141 1142
1143 1036 1035
1144 1145 1146
1147 1138 1137
1148 1108 1107
1083 1066 1065
1049 1149 1047
1107 1094 1036
1074 1150 1151
1152 1153 1154
1155 1156 1157
1088 1090 1158
1131 1159 1129
1160 1161 1162
1163 1164 1165
272 1166 1167
1168 1141 1140
1169 1077 1055
1102 1077 1169
1089 1170 1090
1171 1172 1168
1171 1173 1174
1175 1176 1177
1178 1179 1180
2402 1182 1183
1183 1184 2402
1084 1083 1185
1186 1103 1187
1104 1188 1105
1101 1102 1119
1189 1190 1191
1157 1156 1192
1193 1194 1195
1196 1061 1060
1197 2367 1199
1200 1201 1146
1168 1140 1171
1129 1202 1203
1204 1205 1206
1049 1048 1063
1081 2365 2366
806 1208 1209
1210 1059 1128
1211 1194 1193
1165 1164 1212
1213 1122 1121
1160 1214 1161
1135 1215 1136
1134 1133 1216
1196 1217 1218
1154 1153 1219
1220 1221 1222
1177 1122 1175
1223 1190 1189
675 2364 780
1209 1208 1224
1189 1225 1226
1227 1228 1229
1230 1203 1231
1166 1066 1232
1206 1233 1204
1074 1151 1075
1067 1066 1166
1234 1235 1236
1237 1238 1079
1239 1150 1240
1241 1239 1240
1242 1123 1243
1115 1042 1113
1043 1072 1116
1199 2367 2368
1230 1129 1203
1245 1246 1247
1248 1143 1249
1186 1104 1103
1132 1120 1133
1174 1172 1171
1036 1095 1037
1250 1251 1252
1133 1120 1068
1253 1254 1225
1255 1256 1257
1162 1161 1258
1151 1150 1259
1226 1179 1178
1260 1070 1261
797 1262 1085
1187 1103 2369
1139 1264 1265
1158 1090 1266
1267 1268 1269
1270 1271 1272
2384 1184 2370
1146 1145 801
1275 1073 1075
1276 1277 1278
1166 1232 1167
1272 1271 1279
1280 1281 1282
1283 1242 1243
1116 1072 1284
2399 1100 1286
1287 1288 1289
1082 1106 1083
1290 1291 1267
1292 1052 1096
1234 1268 1235
1293 1294 1295
1296 1238 1237
1252 1251 1297
1298 1256 1299
1300 1301 1295
1125 1302 1126
642 1085 1064
1225 1254 1303
1304 1305 1306
1207 1307 2371
2399 1286 2372
1243 1288 1287
1300 1295 1309
1136 1310 1311
1274 2373 2374
1312 1313 1173
1188 1314 1113
698 1230 1231
1070 1069 1261
1315 1212 1316
1218 1217 1317
639 1318 1319
1087 1044 1320
1099 1321 1097
1064 1322 750
1323 1087 1320
1126 2387 1124
1240 1150 1074
687 1200 1146
1067 1324 1076
1146 1325 1144
1326 1289 1327
1202 1296 1203
1249 1143 1328
1082 1329 1330
1044 1331 1291
1332 1065 1333
1223 1189 1226
1326 1223 1334
1096 1207 1335
1257 1256 1298
1058 1336 1337
1173 1313 1174
1338 1289 1326
1105 1188 1113
1291 1228 1267
1085 1262 1339
1202 1340 1296
1341 1129 1230
1333 1076 1157
1102 1342 1088
1113 1314 1114
1227 1343 1228
1326 1344 1223
1345 1346 1347
1038 1086 1116
1338 1326 1334
1323 1303 1087
1348 1349 1350
1128 1337 1351
1352 1091 1353
1354 1176 1175
1337 1082 1084
1128 1058 1337
882 1264 1139
1355 1190 1176
1356 1044 1291
1185 1083 1332
1222 1357 1220
1283 1243 1287
2375 1281 1280
1341 1130 1129
1338 1334 1359
1246 1360 1247
1278 1277 2379
1362 1175 1363
1364 1125 1365
1366 1242 1283
1280 1282 1367
1368 1338 1369
1346 1370 1347
804 1211 1193
2377 1371 1111
1209 1224 1372
1373 1374 478
1203 1237 1231
1375 1138 1147
1376 1053 1377
1367 1059 1210
1258 1161 1358
1299 1272 1279
1065 1076 1333
1058 1378 1336
1220 1379 1380
1097 1381 1098
1144 1382 1145
1253 1225 1383
1113 1042 1041
1210 1128 1384
1385 1314 1188
1269 1268 1386
1282 1059 1367
1387 1297 1388
1359 1178 1389
1330 1106 1082
1175 1213 1363
1357 1379 1220
1390 1035 1352
1231 1110 2327
1391 1115 1392
1393 1054 1081
1266 1090 1366
1039 1394 2376
1356 1291 1395
1235 1343 1227
270 1135 267
1287 1289 1368
1115 1114 1165
1395 1291 1290
2377 1080 1371
1316 1154 1396
1397 2362 1038
1398 1112 1093
1175 1122 1213
1353 1091 1399
1341 1230 464
1248 1036 1143
1176 1190 1344
1400 1318 435
1223 1226 1334
837 1401 1402
618 1322 1341
1332 1333 1403
1399 1091 1404
1079 1405 1100
347 1166 272
1123 1170 1121
1406 1310 1136
1209 1200 805
1407 1408 1314
1409 1245 1069
1214 2381 1161
1399 1404 1220
1411 1148 1412
1380 1379 1205
1413 1304 1401
1414 1415 1060
1293 1295 1416
1119 1088 1158
1417 1124 2386
1123 1419 1243
1420 1207 2382
1422 1171 1423
1332 1083 1065
1328 1143 1390
1338 1359 1369
1185 1332 1424
1392 1165 1212
1425 1426 1252
1365 1125 1417
371 1400 435
618 1341 464
1366 1283 1427
1191 1383 1189
643 1373 478
1290 1267 1269
1358 1161 2378
1076 1324 1428
1046 1045 1429
1297 1156 1252
1430 1431 1432
1433 1434 1435
1129 1159 1202
1225 1179 1226
1297 1052 1388
1380 1205 1204
1292 1096 1335
1436 1160 1162
698 1231 2327
687 1146 801
1437 1148 1248
1278 1357 1276
1392 1212 1438
1439 1382 1144
1412 1148 1437
1415 1440 1060
1441 1105 1041
639 1319 754
642 1064 750
1391 1392 1442
1115 1165 1392
1443 1057 1056
1422 1173 1171
478 1413 712
780 1111 807
806 1209 805
804 1193 803
1038 1116 1444
1436 1445 1160
1421 1376 1446
1335 1207 1420
1299 1447 1298
1337 1084 1351
797 1085 642
1128 1351 1384
1207 1118 2382
1448 1299 1449
1052 1251 1050
1413 1401 712
2375 1280 1450
1417 1125 1124
1333 1157 1451
1452 1270 1453
1124 1263 2386
1366 1090 1242
1454 1391 1442
1455 1278 2379
1438 1212 1315
1390 1143 1035
1090 1170 1242
1456 1457 1458
1295 1294 1433
1371 1264 1111
1459 1460 1461
1180 1462 1178
2393 1183 1464
1315 1316 1396
1397 1038 1444
1465 1466 1467
1404 1221 1220
1388 1052 1292
1468 1356 1395
1280 1367 1469
1376 2365 1053
1183 1431 1464
1465 1434 1466
1470 1130 1322
1127 1211 756
1407 1314 1385
1437 1248 1249
1266 1366 1471
1472 1321 1473
1474 1475 1112
1368 1289 1338
1376 1377 1476
1327 1177 1344
464 1230 698
1390 1352 1477
2380 2375 1478
435 1318 639
805 1200 687
1260 1479 1236
1352 1092 1091
1283 1287 1480
1367 1210 1481
1161 2381 2378
1348 1482 1349
750 1322 618
1420 2382 2391
1192 1156 1387
1105 1113 1041
1484 1320 1356
1406 1057 1443
1485 1154 1219
1456 1039 1486
274 1229 1429
2383 2404 1216
1303 1254 1087
371 1145 1400
255 2383 1216
1488 1354 1362
756 1211 804
1328 1390 1489
1244 1198 1490
1491 1323 1320
1236 1235 254
1197 1492 2367
1362 1241 1493
1216 1133 217
1494 1495 1049
1422 1423 1496
1265 1264 1371
1287 1368 1497
1229 1046 1429
1337 1336 1082
1322 1498 1470
2402 1184 2384
881 1348 1350
855 1062 1127
1355 1176 1354
1442 1392 1438
1499 1364 1500
1354 1175 1362
1265 1137 1139
1444 1116 1284
1364 1501 1125
1279 1447 1299
1396 1154 1485
2385 2362 1397
1282 1056 1059
1386 1268 1234
1080 1499 1371
1275 2395 1244
1267 1343 1268
1147 1457 1375
478 1374 1413
1192 1387 1503
1368 1369 1504
1268 1343 1235
1136 1311 231
1355 1354 1505
1299 1256 1449
1506 1422 1218
1417 2386 2376
1227 1229 288
1431 1217 1432
1362 1363 1241
2369 1103 1441
1124 2387 1263
1377 1101 1507
1508 2367 1509
1177 1176 1344
253 1260 1236
230 1235 1227
1332 1403 1424
1470 1048 1047
837 1402 864
882 1139 863
881 1350 879
855 1127 756
1510 1275 1244
1452 1163 1270
1387 1388 1511
1365 1417 1512
712 1401 837
1142 1513 1140
1514 1241 1240
243 1133 1068
1221 1475 1515
1516 1517 1518
1064 1498 1322
1519 1433 1435
1520 1456 1486
1485 1219 1521
1430 1432 1522
1464 1431 1430
1435 1434 1465
801 1145 371
1079 1523 1237
1515 1524 1221
1366 1427 1471
1525 1383 1191
1402 1526 864
1191 1190 1355
1187 1527 1186
1252 1156 1155
1078 1523 1079
1099 1098 1528
1529 1191 1355
1253 1383 1530
1377 1077 1101
1531 1247 1532
1372 1533 1209
1443 1310 1406
1429 1534 273
909 1526 1300
1334 1178 1359
1535 1482 1536
1333 1451 1403
905 1348 881
875 1062 855
1254 1045 1087
1421 1446 2388
1281 1537 1282
1344 1190 1223
1499 1285 1364
1101 1119 1538
1411 1108 1148
1068 1070 278
1347 1539 1540
1541 1449 1542
1399 1220 1380
2375 1450 1478
1543 1448 1449
1353 1399 1544
1326 1327 1344
1545 1132 1134
1534 1045 1254
1536 1348 905
1414 1062 875
1240 1073 1546
1388 1292 1547
1376 1476 1446
864 1526 909
1548 1453 1448
258 1070 1260
1304 1549 1305
2369 1441 1117
1312 1173 1506
1280 1469 1450
1210 1384 1550
1240 1074 1073
1270 1272 1453
1551 1457 1456
2367 1492 1509
1284 1072 1454
1390 1477 1489
1552 1073 1275
1422 1496 1218
909 1300 930
908 1375 929
928 1536 905
927 1414 875
1237 1110 1231
1283 1480 1427
1152 1452 1453
1553 1535 1536
1389 1459 1554
1157 1192 1451
1555 1556 1557
1558 1409 1132
1423 1559 1496
1098 1560 1528
1413 1549 1304
1119 1158 1561
1364 1365 1500
1212 1164 1316
1367 1481 1469
1441 1041 1043
1252 1426 1250
1318 1562 1319
1454 1072 1391
1563 1197 1199
643 1472 1373
1518 1564 1565
1072 1042 1391
1448 1272 1299
1417 2376 1512
1416 1518 1565
1556 1436 1566
1377 1507 1476
1135 1329 1215
1296 1340 1567
1568 1259 1569
1304 1517 1401
1232 1066 1106
807 1264 882
1402 1517 1516
1076 1570 1157
344 1534 1253
1215 1406 1136
1111 1264 807
1352 1353 1477
1148 1107 1248
1050 1250 1197
1084 1185 1571
1330 1329 1135
1572 1551 1520
1573 1309 1519
1522 1415 1574
1521 1553 1575
1196 1440 1217
1531 1576 1247
1474 1112 1398
1292 1335 1577
1473 1321 1099
1169 1055 1259
1387 1511 1503
1412 1437 1578
1303 1179 1225
1178 1462 1389
1320 1044 1356
1359 1389 1579
1580 1245 1409
1414 1060 1062
2369 1117 1418
1201 1325 1146
1125 1501 1302
1437 1249 1581
1459 1462 1460
1436 1162 1582
1287 1497 1480
1388 1547 1511
1541 1543 1449
1583 1290 1269
1436 1584 1445
1543 1548 1448
1542 1256 1255
1585 1312 2389
1101 1538 1507
1167 1330 1135
1323 1180 1303
1494 1049 1587
1158 1266 1588
1368 1504 1497
1499 1500 1265
1423 1513 1559
1055 1151 1259
1589 1269 1386
803 1262 797
1249 1328 1590
1591 1142 1592
1587 1049 1063
1468 1484 1356
1399 1380 1544
1593 1560 1468
272 1167 270
1080 1285 1499
1594 1222 1595
1548 1152 1453
1458 1147 1596
1346 1426 1425
754 1472 643
1312 1506 1597
1328 1489 1598
1119 1561 1538
1139 1138 863
1232 1330 1167
1110 1523 1078
1510 1244 1490
253 1236 254
255 1216 217
1488 1362 1493
1200 1533 1201
1506 1218 1317
1185 1424 1599
1069 1120 1409
1306 1600 1304
274 1429 273
1363 1213 1601
1441 1103 1105
1602 1603 1293
1203 1296 1237
1210 1550 1481
1335 1420 1604
1605 1159 1131
1606 1459 1461
1365 1512 1596
1587 1063 1339
1245 1607 1069
1162 1258 1608
1372 1542 1255
1266 1471 1609
1534 1254 1253
1056 1537 1610
1556 1566 1557
1499 1265 1371
1600 1517 1304
1602 1611 1603
1441 1043 1117
1612 1255 1613
879 1208 806
1224 1541 1542
1545 1558 1132
1506 1173 1422
1520 1551 1456
1519 1309 1433
1432 1415 1522
1219 1553 1521
231 1311 2289
1505 1354 1488
1292 1577 1547
1543 1614 1548
1158 1588 1561
1171 1140 1423
1096 1307 1207
1206 1205 1455
1496 1196 1218
2390 2367 1508
1260 1261 1479
1359 1579 1369
254 1235 230
1209 1533 1200
1420 2391 1615
288 1229 274
1226 1178 1334
230 1227 288
1508 1509 1345
1529 1355 1505
267 1136 231
1493 1241 1514
217 1133 243
1555 1360 1556
1530 1383 1525
1484 1491 1320
2380 1478 2392
1437 1581 1578
1617 1395 1290
1061 1618 1127
1363 1239 1241
2404 1134 1216
1619 1560 1593
1620 1131 1470
1160 1621 1214
1436 1582 1566
1365 1596 1500
1479 1234 1236
1461 1460 1491
1275 1075 2395
1324 1539 1370
1192 1503 1622
1282 1537 1056
1623 1528 1619
1620 1605 1131
1249 1590 1581
1387 1156 1297
1370 1539 1347
1157 1570 1155
258 1260 253
1512 1458 1596
243 1068 278
1514 1240 1546
1312 1597 2389
1601 1213 1121
1624 1625 1473
1372 1224 1542
1328 1598 1590
1506 1317 1597
1552 1275 1510
1162 1608 1582
1450 1174 1478
1293 1416 1565
1525 1191 1529
1335 1604 1577
1353 1544 1626
1084 1571 1351
2370 1184 2393
1476 1186 1446
1591 1195 1142
1602 1565 1598
1609 1627 1588
1489 1602 1598
1568 1169 1259
1471 1279 1609
908 1138 1375
1628 1531 1629
1266 1609 1588
1483 1126 2394
1509 1346 1345
1594 1276 1222
1563 1050 1197
1612 1372 1255
1585 1313 1312
1558 1580 1409
1630 1097 1631
1580 1246 1245
2395 2396 1244
278 1070 258
1504 1632 1613
1420 1615 1604
1589 1583 1269
1353 1626 1477
1384 1494 1550
1153 1535 1219
1559 1061 1496
1531 1532 1633
1593 1468 1395
1259 1150 1569
1195 1634 1193
1258 1616 1608
1546 1073 1552
1373 1472 1473
1602 1293 1565
2397 1586 1595
1635 1095 1633
1107 1036 1248
2398 2401 1637
1594 1273 1276
1412 1578 1623
1491 1460 1323
1536 1482 1348
1590 1306 1581
1480 1298 1427
1587 1591 1592
1540 1638 347
1632 1201 1612
1185 1599 1571
1063 1085 1339
1428 1324 1370
1532 1555 1635
1481 1168 1469
1624 1099 1528
344 1253 1530
1229 1228 1046
1389 1554 1579
1561 1385 1538
1632 1612 1613
1504 1613 1497
1247 1360 1532
1380 1204 1544
1219 1535 1553
1478 1313 2392
1555 1557 1639
1639 1037 1635
1261 1576 1479
1142 1141 1592
1432 1440 1415
1412 1623 1619
1616 1640 1608
1631 1641 1606
1411 1412 1619
1615 2372 1604
1579 1642 1369
2397 1595 1640
1544 1643 1626
1586 1594 1595
1601 1121 1644
1616 2397 1640
1403 1605 1424
1429 1045 1534
1195 1513 1142
1630 1606 1461
1419 1288 1243
1577 1645 1547
1582 1474 1566
1383 1225 1189
1255 1257 1613
1192 1622 1451
1346 1425 1370
1494 1587 1592
1646 1461 1491
1193 1262 803
1541 1349 1543
1496 1061 1196
1221 1524 1222
273 1534 344
1494 1592 1550
1587 1339 1591
1581 1305 1578
1418 1086 1040
1583 1617 1290
1425 1252 1155
1369 1642 1504
1532 1635 1633
1511 1567 1503
1543 1349 1614
1555 1639 1635
1625 1373 1473
1557 1093 1639
1554 1647 1579
2363 1100 2399
1531 1633 1629
1165 1648 1163
1628 1386 1234
1466 1649 1643
1614 1153 1548
1629 1589 1386
1487 1443 2400
2392 1313 1585
1650 1545 1134
1424 1620 1599
1623 1624 1528
1643 1233 1466
1147 1137 1596
1055 1651 1151
1439 1144 1647
1425 1428 1370
1384 1495 1494
1479 1628 1234
1554 1439 1647
1479 1576 1628
1495 1149 1049
1069 1607 1261
1628 1629 1386
1624 1473 1099
1548 1153 1152
1500 1137 1265
1336 1329 1082
1174 1313 1478
1507 1104 1476
1489 1611 1602
2398 1563 1199
1477 1611 1489
1167 1135 270
1644 1568 1569
1466 1233 1467
1568 1102 1169
1620 1047 1599
1630 1631 1606
1411 1619 1593
1589 1109 1583
2401 2371 1637
1088 1342 1089
1351 1495 1384
1601 1569 1239
1646 1630 1461
1638 1166 347
1020 1652 1572
1018 1653 1573
1574 1654 1015
1575 1655 1013
1617 1593 1395
1204 1643 1544
1605 1656 1159
1319 1472 754
1449 1256 1542
1154 1657 1152
1518 1600 1564
1363 1601 1239
1647 1642 1579
1617 1411 1593
930 1653 1018
929 1652 1020
1013 1655 928
1015 1654 927
2398 1637 1563
1228 1343 1267
1037 1095 1635
1469 1172 1450
1597 2402 2389
1484 1646 1491
1121 1089 1644
1126 2403 2387
2404 1650 1134
1389 1462 1459
1624 1658 1625
1620 1470 1047
1566 1398 1557
1053 1077 1377
1222 1524 1595
1650 2405 1545
1306 1305 1581
1476 1104 1186
1626 1611 1477
1291 1331 1228
1056 1610 1443
1424 1605 1620
1651 1054 1393
1433 1294 1434
1528 1560 1619
1098 1660 1560
1459 1661 1554
1450 1172 1174
1565 1564 1598
1601 1644 1569
1627 1407 1588
1121 1170 1089
1323 1460 1180
1594 1181 1273
1504 1642 1632
2376 1394 1512
1586 1181 1594
1502 2398 1199
1458 1394 1456
1151 1651 1075
1571 1495 1351
1547 1662 1511
1588 1407 1561
1425 1155 1428
1321 1562 1097
1112 1475 1404
1319 1321 1472
1276 1357 1222
1140 1513 1423
1557 1398 1093
1401 1517 1402
1563 1051 1050
1598 1564 1590
1168 1172 1469
1578 1658 1623
1131 1130 1470
1497 1257 1480
1471 1447 1279
1316 1657 1154
1305 1658 1578
1322 1130 1341
1613 1257 1497
1455 1205 1278
1590 1564 1306
1561 1407 1385
1638 1067 1166
1474 1398 1566
1428 1570 1076
1413 1374 1549
1095 1663 1633
1350 1208 879
1456 1394 1039
1451 1656 1403
1596 1137 1500
1237 1523 1110
1611 1649 1603
1400 1664 1318
1637 1051 1563
1055 1054 1651
1057 1378 1058
1360 1584 1556
1608 1515 1582
1126 1302 2394
1480 1257 1298
1242 1170 1123
1640 1515 1608
1467 1233 1206
1481 1141 1168
1319 1562 1321
1645 1662 1547
863 1138 908
1550 1141 1481
1183 1665 1431
1309 1295 1433
1297 1251 1052
1604 1286 1577
1623 1658 1624
1305 1549 1658
2372 1286 1604
1630 1381 1097
1403 1656 1605
1314 1408 1114
1163 1666 1270
1582 1515 1474
1483 2403 1126
1509 1426 1346
1511 1662 1567
1180 1179 1303
1592 1141 1550
1636 1667 1393
1556 1584 1436
1247 1607 1245
1606 1661 1459
1035 1092 1352
1421 2365 1376
1629 1663 1589
1298 1447 1427
1658 1549 1625
1633 1663 1629
1503 1340 1622
1577 1286 1645
1060 1440 1196
1289 1288 1327
1589 1663 1109
1628 1576 1531
1091 1112 1404
1632 1668 1201
1361 2373 1274
1622 1656 1451
1626 1649 1611
1470 1498 1048
1559 1618 1061
1641 1664 1400
1568 1342 1102
1614 1535 1153
1576 1607 1247
1391 1042 1115
1336 1378 1215
1513 1194 1559
1526 1301 1300
1279 1271 1609
1564 1600 1306
1047 1149 1599
1186 1527 1446
1453 1272 1448
2394 1302 1308
1327 1419 1177
1201 1533 1612
1104 1669 1188
1404 1475 1221
1340 1670 1622
1232 1106 1330
1560 1660 1468
1643 1649 1626
1188 1669 1385
1145 1382 1400
1468 1660 1484
1215 1329 1336
2405 2381 1671
1400 1382 1641
1617 1108 1411
1250 1492 1197
1093 1071 1639
1349 1482 1614
1339 1634 1591
1286 1100 1645
1109 1108 1583
1599 1149 1571
1089 1342 1644
1597 1182 2402
1583 1108 1617
1640 1524 1515
1109 1094 1107
1580 1445 1246
1117 1086 1418
1114 1648 1165
1409 1120 1132
1484 1660 1646
1532 1360 1555
1385 1669 1538
1572 1652 1551
1573 1653 1309
1415 1654 1574
1553 1655 1575
2393 1184 1183
2371 1307 1637
1452 1164 1163
1046 1331 1044
1427 1447 1471
1246 1584 1360
1127 1618 1211
1402 1516 1526
1434 1672 1466
1642 1668 1632
1647 1668 1642
1571 1149 1495
1512 1394 1458
1393 1667 1651
1051 1307 1096
1644 1342 1568
1217 1665 1317
1443 1610 2400
1507 1669 1104
1487 1310 1443
1144 1668 1647
1666 1271 1270
1317 1182 1597
1567 1238 1296
2405 1671 1545
1262 1634 1339
1285 1501 1364
1195 1194 1513
1439 1661 1641
1273 1277 1276
1627 1271 1666
1309 1653 1300
1551 1652 1375
1536 1655 1553
1414 1654 1415
1452 1657 1164
1558 1621 1580
1204 1233 1643
1050 1251 1250
1445 1621 1160
1609 1271 1627
1627 1408 1407
1567 1340 1503
1375 1457 1551
1580 1621 1445
1641 1661 1606
1639 1071 1037
1637 1307 1051
1123 1122 1419
1431 1665 1217
1224 1673 1541
1515 1475 1474
1603 1294 1293
1612 1533 1372
1100 1405 1645
1416 1516 1518
1300 1653 930
1375 1652 929
928 1655 1536
927 1654 1414
1308 1501 1285
1591 1634 1195
1641 1382 1439
1460 1462 1180
1446 1527 2388
2400 1610 1659
1075 1667 2395
1182 1665 1183
1660 1381 1646
1164 1657 1316
1541 1673 1349
1217 1440 1432
1651 1667 1075
1261 1607 1576
1098 1381 1660
1554 1661 1439
1458 1457 1147
1097 1562 1631
1152 1657 1452
1159 1670 1202
1093 1092 1071
1638 1324 1067
1211 1618 1194
1202 1670 1340
1671 2381 1214
1215 1378 1406
1603 1672 1294
1549 1374 1625
1569 1150 1239
1406 1378 1057
1193 1634 1262
1627 1666 1408
1349 1673 1350
1558 1671 1621
1208 1673 1224
1595 1524 1640
1327 1288 1419
1538 1669 1507
1518 1517 1600
1311 1310 1487
1295 1301 1416
1662 1238 1567
1466 1672 1649
1294 1672 1434
1625 1374 1373
1562 1664 1631
1419 1122 1177
1646 1381 1630
1545 1671 1558
1194 1618 1559
1155 1570 1428
1278 1379 1357
1509 1492 1426
1631 1664 1641
1228 1331 1046
1666 1648 1408
1426 1492 1250
2395 1667 1636
1071 1092 1035
1638 1539 1324
1540 1539 1638
1408 1648 1114
1095 1094 1663
1621 1671 1214
1614 1482 1535
1281 1410 1537
1318 1664 1562
1663 1094 1109
1668 1325 1201
1205 1379 1278
1656 1670 1159
1537 1410 1659
1048 1498 1064
1350 1673 1208
1610 1537 1659
1622 1670 1656
1645 1405 1662
1302 1501 1308
1416 1301 1516
1662 1405 1238
1163 1648 1666
1516 1301 1526
1445 1584 1246
1649 1672 1603
1317 1665 1182
1144 1325 1668
1238 1405 1079
1674 1675 2424
1675 2406 2424
1678 1677 1679
1680 1681 1682
1682 1681 1683
1684 1685 1686
1679 1677 1687
1688 1684 1686
1689 1690 1691
1688 1692 2426
1686 1692 1688
1694 1695 1684
1696 1697 1698
1696 1699 1697
1700 1690 1689
1684 1695 1701
2424 1702 1674
1703 1704 1689
2407 2406 1675
1689 1705 1703
1691 1690 1706
1698 1707 1696
1682 2408 1708
1678 1679 2409
2412 1710 2410
2411 2410 1712
2410 1710 1712
1713 2411 1712
1714 1695 1694
1715 1696 1716
1717 1716 1718
1715 1716 1717
1718 1716 1719
1720 1710 1721
1721 1710 2412
1722 1710 1720
1723 1682 1683
1723 1683 1724
1723 1724 1725
1725 1724 1726
1724 1683 1727
1728 1724 1727
2420 1676 2413
1206 2429 1467
1519 1700 1573
1574 1701 1522
946 1686 1015
600 2407 826
1465 1732 1435
793 2425 894
830 1734 829
1464 2414 2415
1018 1703 945
746 2409 828
1361 1698 2416
470 1674 560
897 1680 851
2417 1709 2419
2418 1676 2420
2417 2419 2418
1730 1723 1725
2417 2418 2420
1706 1715 1717
1691 1706 1717
1720 1721 1729
1729 1730 1725
1728 1727 1691
1728 1691 1717
1720 1729 1725
1728 1717 1718
1726 1724 1728
1720 1725 1726
1726 1728 1718
1722 1720 1726
1722 1726 1718
1722 1718 1719
1712 1710 1722
1712 1722 1719
1716 1696 1738
1719 1716 1738
1713 1712 1719
1713 1719 1738
1713 1738 1739
2421 2411 1713
2421 1713 1739
1723 2408 1682
1727 1689 1691
1694 1684 1711
2421 1739 1735
1730 2408 1723
1740 1702 1734
1741 1742 1734
1735 1743 1463
1463 1743 1274
1702 1741 1734
1696 1707 1738
1711 1688 2422
1701 1685 1684
1708 1744 1682
1709 2423 2419
1734 1742 1745
1707 1743 1739
1683 1705 1727
1682 1744 1680
1711 1684 1688
1689 1704 1700
1738 1707 1739
2413 1677 1678
1737 1702 2424
1732 1746 1706
1739 1743 1735
1706 1690 1732
2426 1692 2425
1747 1714 2414
1681 1705 1683
1706 1746 1715
1747 1695 1714
1688 2426 2422
1430 1747 1464
828 1679 2311
1206 2427 2429
1464 1747 2414
1686 1685 1015
560 1740 830
1015 1685 1574
829 2428 793
851 1744 746
793 2428 2425
1734 1745 829
2407 1675 826
1455 2427 1206
2425 1692 894
1700 1704 1573
1574 1685 1701
1573 1704 1018
1698 1697 2416
830 1740 1734
1674 1740 560
2311 1679 1687
946 1692 1686
826 1675 470
2409 1679 828
470 1675 1674
1018 1704 1703
894 1692 946
746 1744 1708
1680 1744 851
1707 1748 1743
1274 1748 1361
1676 1677 2413
1703 1749 945
897 1749 1680
1731 1699 1746
1746 1699 1715
1465 1750 1732
2429 2430 1467
1519 1751 1700
1732 1751 1435
1701 1752 1522
1693 1742 1736
1361 1748 1698
945 1749 897
1736 1741 1737
1467 2430 1465
1703 1705 1681
1435 1751 1519
1715 1699 1696
1727 1705 1689
1743 1748 1274
1681 1749 1703
1680 1749 1681
1522 1752 1430
1698 1748 1707
1732 1750 1746
1695 1752 1701
1700 1751 1690
1690 1751 1732
1746 1750 1731
1697 1699 1731
1747 1752 1695
1736 1742 1741
1733 1742 1693
1430 1752 1747
1674 1702 1740
1737 1741 1702
1745 1742 1733
1753 1754 2436
1754 1756 2436
1757 1756 1758
1759 1760 1761
1761 1760 1762
1763 2431 2432
1758 1756 1766
1767 2433 2434
1768 1769 1770
1767 2450 2454
2434 2450 1767
1773 2435 2433
1775 1776 1777
1775 1778 1776
1779 1769 1768
1763 1774 1780
2436 2447 1753
1782 1783 1768
1766 1756 1754
1768 1784 1782
1770 1769 1785
1777 1786 1775
1761 2437 1787
1757 1758 2438
2439 2440 1790
1773 1790 1791
1790 2440 1791
1792 1773 1791
1793 2435 1773
1794 1775 2441
1796 1795 1797
2442 1795 1796
1797 1795 2445
1799 1789 1800
1800 1789 1788
1801 1789 1799
1802 1761 1762
1802 1762 1803
1802 1803 1804
1804 1803 1805
1803 1762 1806
1807 1803 1806
1808 1755 2446
515 1810 831
895 1779 944
947 2443 2349
1572 1765 1020
1013 1782 1575
1438 1766 1442
747 1811 854
1486 2457 1520
1444 1813 1397
745 1814 646
800 1777 529
1396 2438 1315
1454 1753 1284
1521 1759 1485
1800 1788 1815
1816 1755 1808
1800 1815 1816
1785 2442 1796
1800 1816 1808
2446 1802 1804
1808 2446 1804
1770 1785 1796
1799 1800 1808
1807 1806 1770
1799 1808 1804
1807 1770 1796
1799 1804 1805
1805 1803 1807
1807 1796 1797
1801 1799 1805
1805 1807 1797
1801 1805 1797
1801 1797 2445
2444 1789 1801
2441 1775 1817
2444 1801 2445
1792 1791 1798
1798 2441 1817
1792 1798 1817
1793 1773 1792
1792 1817 1818
1793 1792 1818
1802 2437 1761
1806 1768 1770
1773 2433 1790
1793 1818 1814
2446 2437 1802
1819 2447 1813
1820 1821 2448
1814 1822 646
646 1822 798
1781 1820 2448
1775 1786 1817
1790 1767 2439
1780 2431 1763
1787 1823 1761
1788 1772 1815
2448 1821 2449
1786 1822 1818
1762 1784 1806
1761 1823 1759
1790 2433 1767
1768 1783 1779
1817 1786 1818
1809 1756 1757
1816 1781 1755
1811 2452 1785
1818 1822 1814
1785 1769 1811
2454 2450 2451
2453 1793 1814
1760 1784 1762
1785 2452 2442
2453 2435 1793
1767 2454 2439
850 1826 745
1315 1758 1438
515 1776 1810
745 2453 1814
1284 1819 1444
1397 2455 2385
1779 1783 944
1486 2456 2457
1813 1824 1397
1766 1754 1442
1765 1764 1020
944 1783 1013
529 1776 515
1572 1771 1765
2457 1771 1520
1020 1764 947
1777 1776 529
947 1764 2443
1520 1771 1572
1438 1758 1766
1485 1823 1396
1444 1819 1813
1753 1819 1284
1442 1754 1454
2438 1758 1315
1013 1783 1782
1454 1754 1753
1396 1823 1787
1759 1823 1485
1786 1827 1822
798 1827 800
2436 1756 1809
1782 1828 1575
1521 1828 1759
1810 1778 1825
1825 1778 1794
747 1829 1811
1810 2458 831
895 1830 1779
1811 1830 854
1780 1831 896
1772 1821 1815
800 1827 1777
1575 1828 1521
1815 1820 1816
831 2458 747
1782 1784 1760
854 1830 895
1794 1778 1775
1806 1784 1768
1822 1827 798
1760 1828 1782
1759 1828 1760
896 1831 850
1777 1827 1786
1811 1829 2452
1774 1831 1780
1779 1830 1769
1769 1830 1811
1825 2458 1810
1776 1778 1810
1826 1831 1774
1815 1821 1820
1812 1821 1772
850 1831 1826
1753 2447 1819
1816 1820 1781
2449 1821 1812
1832 1833 1834
1835 1836 1837
1838 1839 2459
1834 1841 1832
1842 1843 1844
1835 1845 1836
2460 1833 1832
1846 1847 1848
1849 1850 1851
1852 1853 1854
1840 1833 2460
1855 1847 1846
1856 1850 2461
1853 1858 1854
1859 1860 1861
1833 1862 1863
1864 1865 1866
1842 1867 1843
1493 1839 1838
1857 1868 2462
1869 1870 1871
1866 1865 1872
1869 1850 1849
1834 1833 1863
1844 1873 1842
1840 1862 1833
1874 1871 1875
1871 1870 1875
1869 1871 1876
1877 1871 1874
1875 1870 1878
1879 1857 1508
1505 1832 1880
1851 1850 1856
1859 1881 1860
1849 1870 1869
1882 1835 1883
2459 1839 1884
1885 1886 1880
1887 1888 1889
1890 1869 1876
1514 1839 1493
1891 1882 1883
1877 1874 1892
1876 1871 1877
1889 1888 2463
1842 1873 1885
1894 1895 2464
1897 1882 1891
1898 1899 1878
1890 1876 1510
1832 1841 1880
1508 1857 2390
1488 1832 1505
1878 1899 1875
1900 1901 1872
1552 1876 1877
1902 1835 1882
1903 1904 1905
1894 2464 1906
1885 1873 1886
2467 1908 2465
1880 1886 1529
1910 1882 1897
1888 1911 1908
1525 1912 1530
1540 1848 1347
1904 1901 1905
2461 1850 1890
1861 1860 1887
1546 1877 1892
1913 1914 1915
2466 1917 1918
1897 1891 1863
1891 1883 1919
1883 1842 1919
2463 1888 2467
1910 1902 1882
1920 1887 1889
1851 2468 1893
1921 1922 1923
1897 1863 1924
1345 1879 1508
1505 1880 1529
1884 1839 1892
1920 1861 1887
1925 1895 1926
2467 1888 1908
1893 1907 1927
1928 1910 1897
1929 1930 1913
1918 1931 1932
1933 1862 1934
1935 1851 1893
1926 1895 1894
1935 1893 1927
1928 1897 1924
1936 1914 1937
1937 2469 1938
1922 1935 1923
1936 1937 1938
1939 1911 1860
1921 1923 1940
1490 1890 1510
1493 1838 1488
1872 1930 1941
1942 1931 1925
1929 1913 1915
2466 1918 1932
1934 1862 1840
1891 1919 1834
1921 1878 1922
1898 1878 1921
1927 1943 1923
1905 1901 1900
1944 1945 1902
1915 1914 1936
1938 2469 1916
1900 1872 1941
1942 1925 1926
1941 1930 1929
1932 1931 1942
1907 1909 1946
2462 1920 1889
1886 1873 1912
1891 1834 1863
1879 1868 1857
1842 1885 1919
1923 1943 1940
1947 1898 2470
1851 1856 2468
1935 1849 1851
1920 1855 1861
1924 1862 1933
1898 1921 1949
1935 1927 1923
1922 1849 1935
1510 1876 1552
1874 1884 1892
1878 1870 1922
1950 1924 1933
1898 1949 2470
1863 1862 1924
1910 1944 1902
1950 1928 1924
1946 1943 1927
1921 1940 1949
1860 1911 1887
318 1837 317
316 1939 315
1947 1899 1898
1928 1864 1910
2471 2472 1952
1907 1946 1927
2472 1948 1953
2473 2459 1884
1950 1954 1928
328 1843 318
1490 2461 1890
2460 1832 1488
1952 1950 1933
2472 1953 1952
2471 1933 1934
325 1854 316
317 1836 324
1955 1899 1951
1910 1864 1944
329 1844 328
323 1859 327
2471 1952 1933
1954 1864 1928
1955 1951 2473
1874 1875 1955
1875 1899 1955
1546 1892 1514
1955 2473 1884
318 1843 1837
324 1956 332
331 1852 325
1952 1957 1950
1953 1957 1952
1874 1955 1884
316 1854 1939
1837 1836 317
1951 1899 1947
1950 1957 1954
1866 1958 1944
1887 1911 1888
1844 1843 328
1892 1839 1514
1922 1870 1849
1552 1877 1546
324 1836 1956
1880 1841 1885
1852 1854 325
1944 1958 1945
2474 1960 1909
1883 1867 1842
1895 1960 2474
1895 2474 2464
1890 1850 1869
1956 1961 332
331 1962 1852
332 1961 340
339 1962 331
1956 1845 1945
1879 1847 1855
1864 1866 1944
1902 1845 1835
1529 1886 1525
1908 1858 1853
1345 1847 1879
1837 1867 1835
329 1963 1844
1859 1964 327
1855 1868 1879
1885 1841 1919
1908 1853 2465
1925 1960 1895
1836 1845 1956
1860 1881 1939
1872 1865 1930
1920 1868 1855
1930 1965 1913
1909 1960 1946
323 1881 1859
347 1966 1540
1530 1967 344
1939 1881 315
353 1966 347
352 1968 1903
2476 1969 349
344 1967 348
1913 1970 1914
1848 1847 1347
1930 1865 1965
1917 1971 1918
1931 1972 1925
1914 1973 1937
1525 1886 1912
1937 2475 2469
1918 1975 1931
340 1968 352
349 1969 339
1931 1975 1972
2465 1853 1959
1835 1867 1883
1946 1972 1943
1972 1975 1943
1960 1972 1946
1914 1970 1973
1937 1973 2475
1846 1964 1859
1917 1974 1971
1861 1846 1859
1913 1965 1970
1918 1971 1975
1925 1972 1960
1854 1858 1939
1855 1846 1861
348 1963 329
327 1964 353
1943 1975 1940
1843 1867 1837
1939 1858 1911
1975 1971 1940
1963 1873 1844
1959 1976 1896
1940 1971 1949
1971 1974 1949
1945 1977 1956
1896 1976 1962
1949 1974 2470
1347 1847 1345
2475 1973 1948
1911 1858 1908
1903 1968 1904
1896 1969 2476
1901 1866 1872
1948 1973 1953
1901 1958 1866
1973 1970 1953
1904 1958 1901
1953 1970 1957
1945 1845 1902
1965 1865 1954
1954 1865 1864
1919 1841 1834
1970 1965 1957
1957 1965 1954
1912 1967 1530
1540 1966 1848
1848 1964 1846
315 1881 323
1956 1977 1961
2462 1868 1920
1904 1968 1961
1962 1969 1896
1852 1976 1853
1912 1873 1963
1962 1976 1852
1961 1977 1904
1961 1968 340
339 1969 1962
1853 1976 1959
1904 1977 1958
348 1967 1963
1964 1966 353
1963 1967 1912
1848 1966 1964
1958 1977 1945
2477 1979 1980
1981 1982 1983
1984 1985 1986
1980 1987 2477
1988 1989 1990
1984 2478 1978
1991 1992 1993
1982 1994 1983
1995 1996 1997
1998 1999 2000
1986 2478 1984
2001 1992 1991
2002 1996 2003
1999 2004 2000
2005 2006 2007
2478 2008 2479
1988 2010 1989
862 1985 1984
2003 2011 2002
2481 2013 2480
2015 2016 2017
2015 1996 1995
2018 2013 2481
1980 1979 2009
1990 2019 1988
1986 2008 2478
2020 2017 2021
2017 2016 2021
2015 2017 2022
2023 2017 2020
2021 2016 2024
2025 2003 517
872 2477 2026
1997 1996 2002
2005 2027 2006
1995 2016 2015
2028 1981 2029
1986 1985 2030
2031 2032 2026
2033 2034 2035
2036 2015 2022
893 1985 862
2037 1982 2038
2039 2028 2029
2023 2020 2040
2022 2017 2023
2035 2034 2041
1988 2019 2031
2482 2485 2044
2045 2046 2047
2048 2028 2039
2049 2050 2024
2036 2022 887
2477 1987 2026
517 2003 759
857 2477 872
2024 2050 2021
920 2022 2023
2051 1981 2028
2052 2482 2044
2045 2047 2053
2031 2019 2032
2054 2055 2056
2026 2032 487
2057 2028 2048
2034 2058 2055
743 2059 903
917 1993 701
2003 1996 2036
2007 2006 2033
911 2023 2040
2483 2493 2062
2494 2064 2065
2048 2039 2009
2039 2029 2066
2029 1988 2066
2041 2034 2054
2057 2051 2028
2067 2033 2035
1997 2035 2041
2068 2069 2070
2484 2479 2071
699 2025 517
872 2026 487
2030 1985 2040
2067 2007 2033
2072 2485 2495
2073 2046 2074
2054 2034 2055
2041 2054 2075
2076 2057 2048
2077 2486 2487
2065 2079 2080
2081 2008 2082
2083 1997 2041
2038 1982 2051
2044 2485 2072
2074 2046 2045
2083 2041 2075
2488 2484 2071
2489 2061 2085
2085 2064 2490
2069 2083 2070
2489 2085 2490
2087 2058 2006
2068 2070 2088
759 2036 887
862 1984 2335
2495 2491 2089
2090 2079 2073
2492 2483 2062
2494 2065 2080
2082 2008 1986
2039 2066 1980
2068 2024 2069
2049 2024 2068
2075 2091 2070
2092 2038 2051
2062 2493 2084
2490 2064 2494
2072 2495 2089
2090 2073 2074
2089 2486 2077
2080 2079 2090
2054 2056 2093
2051 1982 1981
2002 2067 2035
2032 2019 2059
2039 1980 2009
2025 2011 2003
1988 2031 2066
2070 2091 2088
2094 2049 2095
1997 2002 2035
2083 1995 1997
2067 2001 2007
2071 2008 2081
2049 2068 2096
2083 2075 2070
2069 1995 2083
887 2022 920
2020 2030 2040
2024 2016 2069
2097 2071 2081
2049 2096 2095
2479 2008 2071
2057 2092 2051
2097 2488 2071
2093 2091 2075
2068 2088 2096
2006 2058 2033
137 1983 136
135 2087 134
2094 2050 2049
2076 2480 2057
2098 2094 2099
2054 2093 2075
2094 2095 2100
2082 1986 2030
2097 2101 2488
147 1989 137
759 2003 2036
1984 1978 2335
2099 2097 2081
2094 2100 2099
2098 2081 2082
144 2000 135
2102 2050 2098
2057 2480 2092
148 1990 147
142 2005 146
2098 2099 2081
2101 2014 2488
2102 2098 2082
2020 2021 2102
2021 2050 2102
911 2040 893
2102 2082 2030
137 1989 1983
143 2037 151
150 1998 144
2099 2103 2097
2100 2103 2099
2092 2013 2104
2020 2102 2030
135 2000 2087
2098 2050 2094
2097 2103 2101
2033 2058 2034
1990 1989 147
2040 1985 893
2069 2016 1995
920 2023 911
2026 1987 2031
1998 2000 144
2092 2104 2038
2105 2106 2056
2029 2010 1988
2046 2106 2105
2046 2105 2047
2036 1996 2015
2037 2107 151
150 2108 1998
151 2107 159
158 2108 150
2025 1992 2001
2480 2013 2092
487 2032 743
2055 2004 1999
699 1992 2025
1983 2010 1981
148 2109 1990
2005 2110 146
2001 2011 2025
2031 1987 2066
2055 1999 2056
2073 2106 2046
2006 2027 2087
1983 1994 136
2495 2496 2491
2067 2011 2001
2078 2111 2060
2037 1994 1982
2056 2106 2093
142 2027 2005
165 2112 917
903 2113 162
143 1994 2037
2087 2027 134
172 2112 165
170 2114 2052
2053 2115 167
162 2113 166
2060 2116 2061
1993 1992 701
2078 2012 2111
2064 2117 2065
2079 2118 2073
2061 2119 2085
743 2032 2059
2085 2120 2064
2065 2121 2079
159 2497 2280
167 2115 158
2079 2121 2118
2056 1999 2105
1981 2010 2029
2093 2118 2091
2118 2121 2091
2106 2118 2093
2061 2116 2119
2085 2119 2120
1991 2110 2005
2064 2120 2117
2007 1991 2005
2060 2111 2116
2065 2117 2121
2073 2118 2106
2000 2004 2087
2001 1991 2007
166 2109 148
146 2110 172
2091 2121 2088
1989 2010 1983
2087 2004 2058
2121 2117 2088
2109 2019 1990
2105 2122 2047
2088 2117 2096
2038 2123 2037
2117 2120 2096
2047 2122 2108
2096 2120 2095
701 1992 699
2120 2119 2095
2058 2004 2055
2042 2104 2043
2052 2114 2482
2047 2115 2053
2095 2119 2100
2104 2013 2043
2119 2116 2100
2043 2013 2018
2100 2116 2103
2111 2012 2101
2101 2012 2014
2066 1987 1980
136 1994 143
2116 2111 2103
2103 2111 2101
2059 2113 903
917 2112 1993
1993 2110 1991
134 2027 142
2037 2123 2107
2002 2011 2067
2042 2497 2107
2108 2115 2047
1998 2122 1999
2059 2019 2109
2108 2122 1998
2107 2123 2042
2107 2497 159
158 2115 2108
1999 2122 2105
2042 2123 2104
166 2113 2109
2110 2112 172
2109 2113 2059
1993 2112 2110
2104 2123 2038
2124 2125 2126
2124 2127 2125
2128 2127 2129
2130 2498 2527
2499 2498 2130
2134 2135 2136
2134 2136 2137
2138 2127 2128
2139 2140 2141
2142 2143 2137
2137 2143 2134
2500 2501 2522
2144 2147 2502
2136 2507 2149
2141 2140 2150
2503 2507 2136
2152 2504 2505
2126 2155 2124
2524 2147 2506
2141 2156 2157
2125 2127 2138
2157 2158 2141
2159 2140 2139
2160 2129 2130
2160 2128 2129
2149 2507 2518
2162 2149 2518
2163 2144 2509
2508 2164 2166
2166 2164 2167
2168 2509 2165
2169 2511 2171
2172 2511 2169
2164 2500 2167
2510 2170 2174
2171 2511 2173
2174 2170 2517
2176 2133 2177
2178 2512 2179
2512 2499 2179
2180 2512 2178
2499 2130 2179
2513 2512 2180
2182 2124 2515
1905 2126 1903
1915 2184 1929
1932 2151 2466
293 2533 306
262 2146 2298
1941 2520 1900
349 2514 2476
301 2157 277
300 2150 2294
352 2138 263
298 2132 305
1894 2187 1926
1938 2134 1936
247 2160 290
2188 2171 2173
2183 2188 2173
2166 2167 2159
2176 2177 2181
2178 2179 2189
2182 2515 2510
2189 2124 2182
2182 2510 2174
2166 2159 2139
2139 2176 2181
2178 2189 2182
2166 2139 2181
2178 2182 2174
2508 2166 2181
2180 2178 2174
2516 2513 2180
2180 2174 2517
2516 2180 2517
2175 2511 2172
2168 2165 2175
2172 2169 2149
2172 2149 2162
2168 2175 2172
2168 2172 2162
2163 2509 2168
2163 2168 2162
2506 2163 2162
2506 2162 2518
2130 2129 2179
2139 2141 2176
2169 2136 2149
2521 2152 2161
2179 2129 2189
2520 2155 2190
2186 2191 2519
2520 2192 2155
2136 2135 2503
2171 2137 2169
2130 2193 2160
2188 2142 2171
2194 2191 2186
2521 2504 2152
2506 2147 2163
2176 2158 2133
2137 2136 2169
2522 2532 2500
2527 2193 2130
2159 2523 2185
2150 2156 2141
2129 2127 2189
2124 2155 2515
2502 2147 2524
2185 2140 2159
2167 2523 2159
2184 2143 2142
2521 2161 2525
2133 2158 2131
2161 2148 2525
2171 2142 2137
1926 2197 1942
1906 2153 1894
1916 2135 1938
1941 2194 2186
1903 2125 352
1905 2190 2126
1915 2143 2184
2187 2197 1926
260 2526 349
349 2526 2514
262 2198 2146
2126 2125 1903
256 2198 262
1894 2153 2187
352 2125 2138
263 2128 247
1900 2190 1905
2520 2190 1900
1936 2143 1915
2146 2145 2298
277 2156 300
300 2156 2150
2157 2156 277
2503 2135 1916
298 2193 2527
1929 2194 1941
2134 2143 1936
1938 2135 2134
290 2193 298
2154 2153 1906
247 2128 2160
2160 2193 290
2184 2194 1929
2138 2128 263
2189 2127 2124
301 2199 2157
2132 2199 305
293 2528 2533
2150 2200 2294
2533 2529 306
1932 2202 2151
2500 2532 2167
2196 2530 2531
2163 2147 2144
2188 2191 2142
305 2199 301
2531 2529 2196
2183 2519 2188
2131 2158 2157
281 2528 293
306 2201 256
2141 2158 2176
2157 2199 2131
2131 2199 2132
1942 2202 1932
2167 2532 2523
2151 2202 2148
2196 2529 2533
2185 2200 2140
2140 2200 2150
2148 2202 2525
2519 2191 2188
2142 2191 2184
256 2201 2198
2525 2202 1942
2190 2155 2126
2155 2192 2515
2198 2195 2146
2184 2191 2194
2203 2204 2205
2206 2207 2208
2203 2209 2204
2210 2209 2211
2090 2537 2080
2213 2214 2215
2213 2215 2216
2217 2209 2210
2207 2218 2208
2219 2212 2220
2221 2222 2216
2216 2222 2213
2206 2223 2534
2208 2223 2206
2225 2226 2227
2225 2228 2226
2215 2229 2230
2535 2212 2219
2219 2232 2233
2233 2234 2219
2224 2235 2536
2080 2537 2231
2236 2229 2215
2237 2238 2239
2205 2240 2203
2239 2228 2237
2241 2212 2090
2227 2218 2225
2232 2235 2242
2232 2242 2233
2204 2209 2217
2225 2218 2207
2243 2211 2244
2220 2212 2244
2243 2210 2211
2230 2229 2245
2246 2230 2245
2247 2225 2248
2249 2248 2538
2538 2248 2207
2251 2248 2249
2252 2253 2254
2255 2253 2252
2248 2225 2207
2542 2253 2539
2254 2253 2542
2539 2253 2540
2259 2220 2260
2261 2260 2262
2260 2220 2262
2263 2260 2261
2220 2244 2262
2264 2260 2263
2265 2203 2543
2080 2231 2494
81 2205 79
121 2267 124
2089 2208 2072
125 2236 100
167 2217 2053
2062 2224 2492
116 2546 72
2044 2227 2052
170 2239 2541
2086 2233 2084
82 2269 76
119 2213 96
2045 2243 2074
2270 2254 2542
2266 2270 2542
2261 2262 2271
2265 2543 2256
2259 2260 2264
2271 2203 2265
2538 2207 2206
2265 2256 2257
2250 2536 2272
2261 2271 2265
2272 2259 2264
2250 2272 2264
2261 2265 2257
2544 2250 2264
2263 2261 2257
2263 2257 2258
2544 2264 2263
2544 2263 2258
2251 2249 2540
2540 2253 2255
2255 2252 2230
2255 2230 2246
2251 2540 2255
2251 2255 2246
2247 2248 2251
2247 2251 2246
2237 2247 2246
2237 2246 2245
2244 2211 2262
2252 2215 2230
2547 2237 2245
2262 2211 2271
2546 2240 2273
2268 2274 2545
2546 2275 2240
2215 2214 2236
2254 2216 2252
2270 2221 2254
2276 2274 2268
2547 2238 2237
2244 2241 2243
2237 2228 2247
2259 2219 2220
2536 2235 2272
2216 2215 2252
2259 2232 2219
2211 2209 2271
2203 2240 2543
2226 2228 2239
2272 2232 2259
2074 2241 2090
2243 2241 2074
2219 2234 2535
2267 2222 2221
2547 2245 2548
2245 2229 2548
2254 2221 2216
76 2277 117
84 2549 82
100 2214 119
116 2276 2268
121 2222 2267
2269 2277 76
2534 2223 2077
2052 2226 170
2205 2204 79
2089 2223 2208
2077 2223 2089
2063 2234 2086
2086 2234 2233
79 2204 167
167 2204 2217
82 2549 2269
2535 2234 2063
81 2273 2205
96 2222 121
2084 2242 2062
2053 2210 2045
72 2273 81
2236 2214 100
2227 2226 2052
2233 2242 2084
124 2276 116
2062 2242 2224
170 2226 2239
2213 2222 96
119 2214 2213
2546 2273 72
2239 2238 2541
2045 2210 2243
2217 2210 2053
2267 2276 124
2271 2209 2203
125 2278 2236
2208 2279 2072
2044 2279 2227
2247 2228 2225
2270 2274 2221
2242 2235 2224
2266 2545 2270
2072 2279 2044
117 2278 125
2236 2278 2229
2244 2212 2241
2272 2235 2232
2229 2278 2548
2218 2279 2208
2227 2279 2218
2545 2274 2270
2221 2274 2267
2548 2278 117
2273 2240 2205
2240 2275 2543
2267 2274 2276
