2550 2
-0.23091105767788 -2.11378916837522
-0.546000395995395 -1.90704137938171
-0.571185028032477 -2.18328004665527
-1.13300868908108 -2.72296673377149
-1.27375124238932 -2.96602438175353
-0.969295740048281 -2.99152474001542
-0.245354931202593 -1.80937596063441
-0.259601189126567 -1.47814465956395
-0.587904048550541 -1.61230064540581
-0.332672356294502 -2.3428615157997
-0.524350488486575 -2.76189311011993
-0.663656336970724 -3.01437984114462
-0.354259238454495 -3.02598970403362
-1.42100419481079 -2.758501311334
-0.427067962589981 0.784159750900532
-0.164507506414375 0.601265535171479
-0.129245059637888 0.853286156204305
-1.99880304389511 0.90736230336274
-1.87955551580948 0.683076325858766
-1.71126437558444 0.929802643375476
-0.941035693865249 -0.265538568587404
-0.612576544253904 -0.0937812358224593
-0.971619426742819 0.0163982970320815
-0.461311875400673 0.533483809292047
-0.686413690848479 0.167213294938476
-0.323090298478482 0.0986369987765557
-1.57124600430083 0.748755466098013
-0.740591308131909 0.989100628388141
-1.04166906958951 0.825050589112515
-0.74020611254806 0.70563855396692
-0.881677469507452 -1.74433208567795
-0.869617410761524 -2.02787443480409
-2.11717363095808 -2.00706797357457
-2.06121373502135 -2.29620197753595
-1.7838520371409 -2.13802864396876
-0.833082273621367 -2.80823998766956
0.0459425921594482 -1.63885976615407
-0.480584890842096 0.317176600153058
-0.608678852902996 -0.390459938075288
-0.928111880933866 -0.558530250024005
-0.596907181268335 -0.704454114548755
-2.42103709202681 -2.14099115651868
-0.164163795262239 -2.84251121341428
-0.584111249599055 -1.02254233381128
-0.908833105219416 -0.864153969519591
-0.281860632040546 -0.541755402254929
-0.267474864018938 -0.862275891690572
-1.23368026268219 -0.719950513360792
-0.202530910896876 0.352822039746566
0.0287925269065785 0.176838503200451
0.135402694567542 -2.19323548105632
-0.0505841815262746 -2.37905137133952
-1.05618984537197 1.04547593129986
-1.14102637736123 -2.42575520791651
-0.835206371043095 -2.57196659839981
-0.581052613555248 -1.31672076369257
-0.252778755072733 -2.58566877907755
0.0666757340999783 -2.63011776111472
-1.02682093853239 0.567908175742763
-1.31645810692317 0.415900067227693
-1.00417014010807 0.292298101780635
-0.291692485665981 -0.219626771967542
0.0655972512454666 -1.32327846441885
-0.852706714423073 -2.30495115056866
-0.260022747132368 -1.17005293820105
-1.30204716064031 0.143523767548924
-1.16983209827132 -2.1523884947391
-1.53625393059768 -0.870634712307124
-1.21793381947935 -1.01442551650327
0.0307342825696141 -0.391236282964532
0 0
-3.10862446895044e-15 -2
-2.64578730280964 -2.25012368681414
-2.25852387532043 -2.41758468915801
-2.54750469149675 0.117234085211752
-2.49467868695791 0.390183873025315
-2.84598769329216 0.230928775980883
0.0558569987381575 -0.714538196981936
-1.42786128251437 -2.53629047121998
-2.32358779795039 -2.80782910409322
-2.11659733560527 -2.70509095531059
-2.45366628031076 -2.52262852198443
-2.76291995439164 0.498683778493259
-2.45273566158344 0.677819873880913
-2.72291248204664 0.782017748661671
-1.62283167647798 0.273235164766403
-1.61521648205219 0.531136829350819
-1.92234467975981 0.401385066141699
0.267892709107266 -2.43506686301322
-1.46405818404125 -2.27440690230892
-1.32099645716292 0.672577063821978
0.374973283221686 -2.70464499923993
0.150906822443233 -2.89030358043973
0.445377902914348 -2.98957858536225
0.15593935898717 0.957737078124275
0.140384155167967 0.6759772492446
-2.59611689577769 -1.22242128205281
-2.35014893155795 -1.33665945207487
-2.33929578913611 -1.04937949656965
0.0683045395204096 -1.01986669840445
-2.66015274433335 -0.616347025776748
-2.37239953028083 -0.751610819922146
-2.42315861826953 -0.459202493406006
-0.558493978283429 -2.45545815842546
-0.729807330985344 0.438068346948605
-1.5570726451323 -0.579593265421733
-1.25510998984652 -0.426533791276483
-1.58342837127571 -0.290043487124665
-1.19115088043179 -1.87394034154399
0.0908304398492999 0.411198613375483
-1.60560689276862 -0.00669385894975679
-1.49727989312272 -2.00074201684408
-1.20265327810211 -1.5912898185093
-0.894914388757707 -1.45510927814764
-1.2797276855043 -0.139483750349282
-2.45501716060243 -1.87645190989837
-3 -2
-3 0
-2.52526220157928 -0.160870741995929
-2.60312193446279 -0.919764723332432
-2.38439684100776 -1.61923248204777
-2.64057159250502 -1.5161881647091
-1.35623326888262 0.947892897138303
-1.88075798382207 -0.440029658676932
-2.74712770269583 -1.78841747559522
-2.77388095804449 -0.316022860618702
-1.90422310833768 -0.153568958850185
-1.7386131101622 -2.41254299591297
-1.67746685108119 -2.66162587074195
-1.92908735087875 0.1269289514358
-1.52584658815414 -1.16006353377431
-1.83295042574249 -1.01775489098011
-1.85203057491368 -0.72926055478446
-1.51426135540332 -1.72410251648775
-0.801891558541421 -3.2407416568682
-1.10551418916762 -3.21613176546732
-1.5581324962638 1.17453773528478
-1.24106311164973 1.19899946534987
-1.20902741098835 -1.30574778136918
-1.52020376677487 -1.44412805286982
-1.82801702903409 -1.3028664711826
-1.82977029071137 -1.85441392866039
-0.492592442316768 -3.26025865861956
-1.86751080395924 1.14824755179737
-1.40403288439055 -3.18792967474637
-0.898358381620654 -1.1658013008485
-0.176370314536945 -3.27359989806477
-0.915270574383679 1.22003147659007
-0.577928098286511 1.23552160180259
-1.60385662045411 -2.91755688970266
-1.6955754519013 -3.1574635863537
-2.16733020237579 1.12112160747716
-1.82751281305108 -1.58156046488798
-1.95479321811364 -2.55223053937776
-2.21862326984687 0.258099997905401
-2.19373059897338 0.520916339232031
-1.88839272017052 -2.932396060414
-2.29151430862071 0.906642692869815
-1.97593094577786 -3.12651539029911
-2.4543777368152 1.09476945091458
-0.0306783622329872 -3.0678307444747
-0.368893996010704 1.03047950368356
0.128737214808719 1.24378523414647
-0.101521653444959 1.04995590878546
0.223952517405933 -3.08410572464797
0.475401872034285 -3.27754514276699
-0.226997844115647 1.24419530988876
-2.23631616083158 -3.09757052044744
-2.10818296910973 -2.93353221182334
-2.52821964396234 0.902797422155117
-4.07085157510607 0.280251056706312
-2.11373127702952 -1.7291727817265
0.148997761946877 -3.27978515631613
-2.08658539043848 -1.17315302597703
-2.21706530750054 -0.0164365808086667
-2.09409052910451 -1.45548748403257
-2.13215042430352 -0.593126008280424
-2.09881525990732 -0.884474944741952
-2.17922637810808 -0.301622948865496
-2.15716020377216 0.741727999297543
-1.84456589563762 -2.75647050037657
12.1996169873319 -1.42154787947382
11.9562657782253 -1.79389344375095
0.737762576550748 10.8250523957484
0.21736507581821 11.4804236505601
-0.0105672333728416 11.6714530906104
-0.0584394211904765 11.365069523223
11.8355723465874 -1.45942218360969
11.4856587393354 -1.5841594071212
11.6382192070576 -1.87599398081156
0.541420015352116 10.5777320325209
0.122584322138987 10.8554257810562
-0.111418535608384 11.0507307336774
-0.161969079268522 10.7248467475246
0.200118764789577 11.7761913980671
9.92036205997171 -2.59870679066887
9.74767023587377 -2.44061936138976
9.66644433583559 -2.65416255408988
10.3839965079268 -1.6866721345234
10.1713863530467 -1.85012639292815
10.4136419229436 -1.94248187485271
11.1586666214934 -2.76799487560662
11.0771293592393 -2.56111556139544
10.923163731485 -2.76841671866724
9.99353161385054 -2.38767602078492
10.2100289975056 -2.07693375739482
10.0026064461315 -2.02757210638381
10.8252915501815 -2.60276908586736
10.1383043658376 -2.77571168976276
10.398673988695 -2.64645472394102
10.1788098779527 -2.53774320507661
11.7787766216212 -2.15456554555804
12.0804739367493 -2.13533503710515
12.1608387676578 -3.02328080543455
12.0132273152874 -3.30330788199593
12.3036541669198 -3.28815536388549
0.108722314030157 11.1883288004514
11.6295103011309 -1.23063982981463
10.0505484199516 -2.20565927556689
10.1360045933281 -1.5789738421106
10.3457531440279 -1.4119591579467
10.7208158752883 -2.06573880461385
12.1508102038614 -3.580866782486
-0.00761461022931055 10.485154141223
11.0338250380652 -1.98919706215003
10.883289162215 -2.28904090068728
10.549091394807 -1.86800896186149
10.8633102507433 -1.76317411279917
10.5711845241932 -1.25591046284469
9.84431828077453 -2.2323537283479
9.75475578009067 -2.08334236404662
0.634942127450359 10.0021795507239
0.459706745441442 10.2684589852575
10.3835341108762 -2.83237505126097
0.517419452696343 11.4420197097867
0.346970228798868 11.1508761091587
11.3308736984249 -1.92609770596138
0.269173404354323 10.532363553466
0.170149928966998 10.1942093451008
10.4162491622177 -2.42637342027175
10.6507953663588 -2.30143418969319
10.4244864866931 -2.18668687048584
9.98036967008859 -1.75687616616217
11.3108322464985 -1.33922560079028
12.3750748213515 -2.13490737470822
11.1711490737683 -1.67311035535971
10.6538183097981 -2.05926819918052
11.806319206978 -2.44453910204266
11.5889575650166 -2.32697226233483
11.5462753952079 -2.58858094853808
12.1990916327341 -2.44292027865133
10.8862706450717 -2.81098213013794
11.0318216620054 -2.53099720316619
10.3778885001567 -1.70073324608517
10 -2
12 -1
12.2654722712446 -3.82405144956785
12.4354726582557 -3.50743259138487
10.6995502534135 -1.54531901275499
0.421128348466491 11.7422052603473
0.17778791670081 12.6739670634779
12.7235001072576 -3.44480488239891
12.5395676220067 -3.72689636699334
11.7602502018557 -2.70738591615377
10.8959508762421 -2.18404629488468
10.8760043474282 -2.41359133399319
11.1271620164198 -2.31127876922412
0.331172154187792 9.93532609415734
12.3120179317272 -2.73986896493462
10.6339246688606 -2.52577004932344
0.033436379849472 9.87869277233289
-0.108744091134128 10.1551977930294
-0.2625907235576 9.85723086503527
9.4085064209417 -2.74414237859536
9.47629664396083 -2.50103930156152
11.4915635432296 -0.972251596933906
11.5151276803871 -1.25976952155315
11.7200708779765 -1.11547637400655
11.0054438316196 -1.43487570875154
11.5977960981766 -3.52412256599186
11.4985024656251 -0.688092992150806
11.4701822282973 -3.75011163932887
0.442878302632 10.8415459521695
10.2090682495288 -2.30990313107849
10.8425478567409 -1.39469076393632
10.6100140823177 -1.53569971495034
10.8724973900994 -1.66825588724326
11.9081513683672 -2.45332301847254
9.59012116978893 -2.27267848063911
11.6396701629548 -2.08234529553995
11.883750546965 -2.20080276120939
10.8904720677643 -1.93021410330592
12.0294388336661 -2.74787306786256
11.7473348287823 -3.83227706184959
11.8680062673443 -3.58053056623914
11.6147096050373 -2.47135238093053
11.4770928046188 -2.19496562006953
10.639713691611 -1.80250012963439
12 -2
11.630894138459 -1.82610925697683
11.7144077459208 -0.820129905831721
11.7653128021189 -1.40927041044713
11.5581556731185 -1.54267393122857
10.6351431025696 -2.76361293806254
11.1093060555896 -1.53602959779739
11.8499905090447 -1.69815065680821
12 -4
11.1283402563219 -1.80460516763988
12.4418908236905 -3.01986587587576
0.307191073426452 12.0085498505406
11.1428447155745 -2.06309086365275
11.1715848354734 -2.78579677964934
11.0218688535349 -3.05465489631307
11.0806524807627 -1.25937132081556
11.7435931201639 -2.7562962904459
-0.31256185394513 11.2435254447519
-0.26096218231544 11.5545956011239
10.7761820090485 -2.96816792949261
10.5146278117292 -2.96863063993623
11.323114744047 -2.49684937633986
11.4572418636817 -2.76743852517353
11.3049226806636 -3.0439074473262
11.8671960262815 -3.04430367086897
-0.368357146086239 10.9207776789626
11.0328879222952 -2.96947712743075
-0.214016268842005 11.8549800070135
11.1826249792694 -2.23655709058559
-0.427955838924299 10.5848305276233
10.2471399399873 -2.97094233873218
9.97078837835613 -2.9749113594126
0.0540311659441688 11.9924153593967
-0.172203264027431 12.1429299292499
11.2832430118039 -2.97221405411418
11.5869999675502 -3.03848988517976
12.5811755690459 -3.25603056743701
11.3399467987718 -2.43197327222587
11.3704426815274 -2.19518273333164
0.0495288779646066 12.2780415059303
11.3993521441807 -2.78898503803021
-0.135895929149412 12.4145348843829
11.5234032801705 -2.97576051091832
-0.252722757374425 10.3858883953652
9.83201362025244 -2.8041551262561
11.7268891871732 -3.28970916293175
9.38562964531923 -2.98614769908342
9.60881458226948 -2.81996053696092
-0.313319107306107 10.114149166161
-0.54918595440806 9.87704708249742
9.68197552358251 -2.98014705386962
-0.106162748244554 12.6610805669388
12.947284093288 -3.49456218686958
11.5951060611312 -2.80729603730071
11.7451195384482 -2.97950987432573
-0.489491063397524 10.233900327344
11.4469240016917 -3.27365805424065
11.3772957507234 -1.9440255356704
11.2850745602651 -1.11902545303263
11.2711147939312 -0.835734004686078
11.3525250999232 -1.67802169688621
11.3153310343057 -1.40058792745548
11.3011685865609 -2.62899870923047
12.7849834657696 -3.18812648868182
2.20856749724552 3.92763782958196
1.53221242740265 3.3645111847268
2.01118512119982 2.9295947566126
0.451393887985933 -1.47904190620516
0.218880650416819 -1.86246484679368
0.589148032437405 -1.80679081565906
1.74225832619247 0.204578805567996
1.31206820952666 0.241956232729685
0.284166550983948 1.46045401239354
4.97889838647632 -3.85436042073473
4.16274898134388 -3.46798635935967
4.32318154214179 -4.2323622563104
0.881349332914444 -5.48204235679355
0.615546655154235 -5.91728860358495
1.16463825444269 -5.80176487757711
0.504064918952011 0.631813058233235
0.478937159448176 1.04378445340517
3.9382761871262 3.03753900655049
3.11721340773313 3.19730771567375
3.5880550413173 2.46704143160564
1.61510505216959 -5.9916615330279
1.50019547824134 -5.50613597210085
1.27655615439821 -5.81588409888589
0.373974521194258 -0.785202880506176
0.632847539225226 -1.09877605240052
0.922478576153482 -0.673120762254472
3.65444378272248 -2.91056931211797
3.42026702003478 -3.46713625868384
2.94188137685663 0.994365321712561
2.36179546214485 1.12291055520038
2.37986167589322 0.585225401626344
3.67197395929066 -3.94656133867878
0.716116202041294 -5.03531635060871
-0.190353159533701 -6.11264557791311
0.18969147203564 -6.05455321878226
-0.740032278250489 -6.95896621829942
3.92901835659461 4.36028723001008
3.49016206035726 3.72771841806966
4.35817823157348 3.65957754573667
3.72810686322438 2.97951669811884
3.66271930635874 2.08841224215087
4.34839220284855 2.59468310486193
0.658849772751541 -0.262322724676098
2.90654555885461 -8.2429353111538
3.23074817918694 -7.55742728906647
2.44833265093168 -7.7968657259534
2.66830461443427 3.2794170535552
4.34577148951089 6.678335843591
3.74951000263428 7.0762657087134
3.61753931887434 6.23191900041187
1.69668097794686 -2.72926847873623
1.48685440959579 -2.24864046868317
1.2486886875203 -2.58694074615878
-2.96265213582337 4.2718002732719
4.30175513066683 3.71304887668183
3.56663840956017 3.39967845784685
0.818490117169576 -5.38139757470857
3.77490346278325 -5.23960259447971
4.45527408621294 -5.76057250179348
4.3793745755212 -4.92970641951781
1.36750121645779 -4.92990175456604
1.16679434984485 -4.53335617254101
0.923432909164177 -4.88604818241485
2.08139322533841 3.7599516001215
1.66037403987617 4.44321717327112
1.45038940254426 3.8195599028814
0.119338125200294 -1.48082541986981
3.07389565989097 -2.94568401795823
2.42068490900226 4.35221623006769
0.218974374845455 1.91272542534811
0.852755924969726 3.77802384828027
0.389408653599096 3.68510853296866
0.673449210240421 3.27268443996282
4.97745216884673 -3.09558318024026
4.17089737588779 4.47914153858485
3.68631812459804 5.07069234886351
3.41072141389459 4.4913767932756
1.02210881880928 -7.10456702092341
1.16270435291652 -7.54428761060279
4.27857564220777 0.33751349299036
3.71121174166659 -0.222529596020269
4.34427401381831 -0.490297212048143
2.78443220891756 -3.41687180697837
0.950018341835123 -6.24798775910997
1.44498646461233 2.90753051476535
1.17517839707126 3.34751999141251
0.923129085172745 2.87526634536493
1.90419468015358 -2.22282140238149
2.97243705677376 2.58014090735254
-0.145408848286916 -8.22749174129479
0.534222819975505 -8.21661398926449
0.39883778629894 -7.67606323902133
-0.130851153471661 -7.71459369959486
2.92393495738566 0.467102609747253
2.66161677562567 0.552248150814785
2.4794729740087 -0.110470800251082
3.0957862351802 0.0187274066389616
0.826308606463093 1.16357645346926
0.666899167863447 1.60332806294586
0.396867061004354 1.39728795115631
4.1762000995733 2.20308782227116
-1.37724758305393 4.16895558817538
-1.75563117781498 4.99982547613104
5.39011892322262 4.34046250478394
4.66405397906759 4.33488667964757
5.15154510688659 3.56179718395315
1.05129126691675 -5.18823688410431
0.501768730340824 -5.52029669336194
6.41211732995167 -0.588097811589558
6.01294288375443 0.170378367974468
5.64661296820966 -0.339275062267961
4.32619366144027 5.96575981858828
1.05300014814332 -0.0314903341805014
2.65991348515393 -7.17395065382588
2.90781983465952 -3.90278910257434
3.16258371718636 -4.3649345312371
4.98203069960309 -0.0390267507025219
2.55607938286031 -4.27294917188247
2.69629796201522 -4.81324559674528
1.73233914923615 -4.02714556258623
1.4054216832589 -3.68980635051999
1.32275593818591 -4.14307960681191
0.261855668051557 3.35012760133329
0.115064376932462 -7.01696132911458
0.426319257047733 2.89541408347925
-0.263786571985783 2.17615544930374
0.110516132520954 2.10970511136332
-0.123894698780036 2.50982471566134
0.742841841373622 2.457037538003
0.276516837553192 2.47429674844407
0.583889137256343 2.01990528077157
2.09839973662746 0.253996886648904
2.08433985942124 1.04662285848747
3.84047639426948 -5.9153283676401
3.60046942993921 -7.26759483360635
3.07507899153265 -7.79459402342369
3.57941012309028 -8.05348910978917
0.492017232941437 -5.29406124214891
0.286097036650964 -5.50761441675842
0.605538643453493 -5.59987823102064
0.816667679557503 0.809436705609273
1.88551435153331 0.815324677639451
0.567651825144046 -2.45450630611256
0.430466062092027 -2.14251010801632
0.910676053178766 -2.50036777223774
0.776178236148195 -2.13798501594399
3.08199605342193 2.6331532678453
4.33594034235231 1.86446797669602
4.34229233606956 -6.51358564421286
3.81367692700768 -6.66292518067912
-2.18006835971278 -9.36918487106738
0.398857662340846 -9.82302462713487
-0.271416786227362 -9.89937084299503
0.289568442168275 -10.598907068771
3.60622026779044 2.73987668911687
0.188271457699512 -4.55762999788487
0.2488933626518 -4.94497006851014
0.460068729419708 -4.55725008540931
4.0981099099757 -1.03379259661546
3.637134315682 -0.78107743750293
3.55628593961431 -1.37747121772044
3.47568403221187 -8.13915542998915
3.11865263176074 6.77650668208297
3.70162982845442 1.84627678315533
1.66582750244328 1.60502349030505
1.35749214720528 1.05337424249221
0.468910773546764 -6.36011898135827
-0.54032306649784 -10.5190618377897
4.02743945172116 -7.67326435689335
0.93622374923594 -7.58733694145967
1.22409848052333 -8.07660496824535
2.48336623231872 2.43825425735696
2.20167971138479 -2.59412789667109
1.13252479472335 -2.16586265219572
0.41701780132516 -5.67813234631553
5.74222992627796 -1.12696766282023
1.66567892060083 3.37887623815224
0.22600726600329 -0.316498691658161
1.66209147602452 0.607656175994765
3.7605669036908 -6.52430624751167
3.22780039409181 -6.86274354582596
2.76580833175542 -6.55760270601146
1.4978666537977 4.01202373988829
0.900199702093199 4.05913692848446
0.95720585892178 3.28679198294018
3.72739417084669 3.99321091417194
1.34200874426633 -0.976956336680119
1.43703725472497 -0.449642612730957
-0.787911399103667 -8.30569005160894
-0.415649926128981 -8.79862867952586
3.85595871236204 -7.11096925665082
2.52994626447593 -1.55672771403606
2.77277273207803 -1.93383784336612
3.1054653990869 -1.39208982040412
2.80095710040736 4.42556303412832
2.41651079585813 4.97449020494385
2.15862917600128 4.29864568631832
-0.625297629718855 -7.81979482222225
6.50426428200714 0.249862046833862
3.03391835368932 -7.22285098897133
1.37077561745921 -9.14717711297472
1.08424846349441 -9.73315445868042
1.87421946361785 -9.63497986946753
0.588518118955867 -4.86321766325379
4.42511368769543 -7.27212543472995
0.641537602610091 -5.23005183533566
0.292080153606384 -5.25379561943954
4.33697759660828 5.22980653204281
5.94597422574789 3.07011932671426
5.90065758256347 3.82473795927405
0.53332331945178 0.0687945135868677
0.157481404069518 -0.146097182572888
0.273051341354458 -0.15092687768376
0.976359693520139 -1.1264556626288
4.34448679395131 -1.95013370213117
3.74093601388029 -2.28987636228487
4.30965412835378 -2.69743974591301
1.08826785320517 -3.94585429078808
4.13917225007577 -1.55046251303713
3.24721146333815 -1.03925543026966
0.172238301829032 2.77275066792816
2.28232292335701 0.167604722160387
0.380365054661085 2.34530063599654
1.81297858790295 4.7846245222369
1.5891307742972 -4.47763889695428
3.58270419231407 2.25698137925266
3.50659985938013 0.769650175551446
0.103351666942851 4.33531413207096
0.359111799958812 3.78535419982033
0.882318005549868 4.3164200458971
3.0836771796738 -8.54155415260567
1.20862515694671 5.60775524932698
4.36273557542819 1.12478393491277
3.76733672926567 0.944648638274954
0.344203786882375 -0.495362341153416
0.392435580714566 -0.84757013601817
0.705871827387344 -0.56061997058615
0.329446549166128 3.66023181557931
6.50208265098672 -2.26527689264696
0.269352376385724 -1.87094631995527
0.22136177812809 -5.23449588929382
0.779286154179423 -6.70744328906795
2.73403781812597 -5.35988310717839
2.2087193058517 -5.15964547277623
1.91880125178752 -1.12080525113691
1.48211688783293 -0.833530431687855
1.45265734199019 -1.19734645142481
3.66708451990936 0.355201625425131
1.90539995502956 5.46532186087106
5.98852629239636 1.63061646752862
5.45658751943018 2.1918222601672
5.12585616657262 1.70613753060118
3.19398433205547 -0.654981786548479
3.72868598281275 -0.922998008669564
0.111498785892471 0.16880970273944
-0.177637250351647 -0.282935795194181
-0.989993421107969 5.00023836896071
0.921750755324964 0.424318507862124
0.686821101816224 0.219330343343615
1.82690505098016 1.5019789307255
1.3591027499003 1.47757231616314
1.59446802932769 1.06858595764678
1.39150225671028 -0.494784607404065
1.83786380832794 -0.623727032435685
1.71840752439615 -0.190527426157868
0.717224055218823 -1.10718610395016
0.381386429452361 -1.19816605175772
2.03776839420133 7.25158926484197
2.69955493321452 7.33491747809907
5.03850108557647 -9.21655838880471
1.56705553059023 -10.2141317094754
0.388938909713265 0.3538325967208
2.68132072771939 -9.40783736782859
3.488021955976 -9.42529204075389
3.26983472459862 -8.78193605981415
1.0337474085535 2.12442876535316
1.01883013030167 1.43766599248393
4.97727084197504 -2.33440568592145
1.19941701617124 2.06247714174712
0.959801182383731 1.46400769467441
0.535118265087264 5.0005337550717
4.97989092597049 -0.805497866790058
3.22905908525383 0.740654336551836
2.1774527585642 -0.32220396042966
-3.06584010941138 -10.7555451265215
-2.57597985415878 -10.0518285538232
-3.40990866303656 -10.1435227609782
3.37345770683876 1.42504579763041
5.9232190288999 -1.72850652186168
1.4551291555089 2.07433435619921
1.51961632296063 1.74054791584721
1.99366471783391 1.98255232099488
1.79455398621861 1.27435608903129
4.25588694117611 -9.41768135531028
3.84647931367548 -8.98784764703428
3.75903621029706 -4.61733204100612
3.15920272744397 -0.566894509714106
3.49378303373679 -0.222356835669602
1.20637615590208 2.47380766406982
3.79468038543275 -9.96631396793839
2.04727258904397 -3.09511141955833
1.59929608155598 -3.22448018403591
1.88389479974301 -3.5604841099617
0.784829643647053 -3.42386324908226
1.01197092360393 -3.11552816461916
0.740314427235608 -3.09827047891091
1.604102139577 -6.54107099445726
1.67159521964133 -7.07059508876834
2.08022967556893 -6.81169237198743
-0.410852055159483 0.0951679201370803
2.58420004347048 -1.75480158758462
-0.0577376720268939 2.84667372575542
5.38286587936829 -1.79157848891873
4.99981727368473 3.28801228258366
1.19947920087335 -3.33945571424901
0.275673021196973 -5.75218719953358
4.36593512170446 0.0745069350389574
3.78285295465542 0.21497922410043
3.95277502608253 -0.404395021219053
3.99634542460663 1.30553848920947
3.2273627461613 -4.98052803841872
3.02991779324412 8.01316034688512
5.33781885952013 2.75592643823397
5.34295062002059 1.0590633795073
2.66435798551607 -8.78608526238671
4.98400771363751 -5.36472276673975
1.75770604706241 2.46751606723492
3.74595260330864 -1.61140629846954
3.22529454062522 -2.0031240124037
4.3378520664896 -1.21949851194356
1.08775036348366 1.76956406842915
-0.629295358445159 4.31848389987092
-0.305391574167031 3.76354566201623
1.34010463536699 -1.8325371290116
1.70090252949667 -1.9078447601847
1.65120847356675 -1.39563424648067
-2.52207246363748 4.99969495460387
0.321059264283976 -4.20822707249906
0.626801278395542 -4.21873818260432
0.413793167496959 -3.88509803442706
0.254921942417379 -6.03249527421536
0.477705793318426 -5.87692995423308
0.252781479612334 -5.75503816521267
1.02617082475726 4.26016740315025
1.34386673284243 3.81687404451242
-7.34572261221749e-05 -6.45122845939619
1.0894396986615 -0.0685503998338402
0.380665624620269 0.340924646675744
0.276693820478849 -6.80325636235939
-0.216731131160209 -6.89180006422381
4.98422059876627 0.727019105724869
1.80577582473066 -0.831460732734294
1.93417046161566 -6.02882698986156
2.3304110234503 -6.28476739203577
2.32450210167032 -5.70198886202443
2.64557212163606 -1.03137664815723
2.00173979182203 2.92608684527769
2.17020615574728 1.0732794849333
0.799006049209409 -3.92700445967125
6.04158061723672 2.40276509127832
2.04100090859572 -1.72920947702631
2.32423911589657 -2.09624841004711
5.1221188830342 -1.27342956985802
1.46720096463351 0.623253842952021
1.94507945488576 0.63212820673156
2.12937888647631 -7.3729468120021
0.638406093484291 4.64834872716602
2.2026054472429 1.66282148839347
1.00415674161976 -3.67330634921773
2.87312318959597 0.290284163413712
2.16272477302877 -1.21156314507656
0.351978246851936 -1.55078107915093
-0.212542744579563 -1.38907535108863
0.685892873091821 -1.44259261161228
2.44504723596295 -1.25445155400235
-1.0097864769445 -9.92280566491493
-1.37510480227517 -9.38408093302957
-1.77234184654501 -9.96551216913337
0.87177199109517 3.73604913125929
0.979621180795591 -1.80399516072854
0.807910669741597 -1.45281672828413
-0.0733837385782571 1.85071562897066
0.982070793401505 -1.69153272333966
-4 -11
2 5
2 -11
2.323477039711 -10.1581673864702
3.67764899125938 0.925139045266176
-0.226195851917315 5.00047540342692
1.27554857237971 -2.95350950617383
0.666548910520985 0.672002343738971
0.790105055654218 0.338203281981815
4.97819075079009 -1.57092946412475
2.40206549945474 1.54064009430446
3.55696538587632 4.99969415924844
3.15387444299106 4.35755439596073
2.35221378363075 -3.45088060026903
0 -5
4.18256919962877 0.699108312812996
2.54456248724743 -2.96976443606107
2.28508232990996 3.12373888259568
2.72577622489298 2.94285239630329
2.76049382342328 3.57844289775336
2.77344996709731 1.55224249754947
0.266122414134332 -8.72869885229872
1.19129812516011 -1.42677695975927
0.271886230139433 0.734243376214945
0.641074995648634 0.286237869671583
0.725919334253816 -5.95588165134024
0.526462452182791 -6.18688188728616
0.820528158643224 -6.31051865189022
2.028475989953 -6.27300219151478
2.77452870565262 -2.42972920788609
4.53054898104248 -0.554514665445439
1.07684952146437 0.625304829783508
1.46061956051539 0.925817224951496
0.946366218559636 1.01324900837841
1.7082756573072 -8.26171430273233
4.99959535869598 4.05233317583085
1.34604113833369 -7.21623888851569
3.32503015004368 0.267322787526826
4.34219398950663 3.35495237550561
3.75583969855474 3.80243794459493
2.3008067907069 1.74515098029747
2.77054431092147 1.24051905301139
1.31724879467223 -5.36596692944687
1.29687900357406 1.37627376231802
1.45263998916162 5.16724140651202
2.31102559207803 -0.7806222963537
3.26114249888452 -5.5945709212276
2.21216903933871 -6.81022607993046
6.74030407769093 2.69054192861457
3.26667594279018 -2.48109666548741
-2.94128327053436 -9.55518483793647
2.15672594652163 -3.91646326412258
1.29418926079032 5.00052259752046
-2.21895526784516 -10.5973330660063
1.59438058030547 4.27857252487949
-1.37897342207457 -10.5186594342684
4.98121288649105 -4.61074995113573
2.77300035979144 -5.94768065699991
2.05117462479912 5.00034993726384
2.8057923442864 5.00001360254495
4.98702182944035 -6.11632017308369
4.9900253752481 -6.86484567736293
5.00021344657514 4.81299616358237
0.118867809792937 -6.59280353682768
-0.135260617393597 -6.53468822495126
1.47021719484108 -7.49226196087681
1.82525778767988 -7.94495342518487
0.118270567434748 -6.25332920803216
0.341443739036949 -6.393771411561
0.689217022223569 -2.76572095566778
1.01385999329545 -2.83396711036853
1.19495879868057 0.478815574994009
2.1991110814493 6.09240897649521
2.60454247436349 5.54129846350623
0.591355075356076 -6.55934502066139
-0.200368907647713 3.3245018324806
-0.0217197573289283 3.6435176523725
3.28253557131968 -6.21976976041916
2.06236632673315 -9.0111183470517
4.11662194210861 -8.345028247857
1.77228086613758 6.62296694963264
6.40958616176549 -1.42886806169193
2.16388746477628 -7.94477758759916
1.09934423892867 4.68890789298016
7 2
6.6926853547367 1.09065141553203
1.10966703424485 -10.7592598714393
0.0799163058217988 -7.26746597969325
1.58168401098268 0.0930248550687788
3.77124715768597 7.87621333974357
4.34332267495411 7.42442471967328
3.20131246948044 3.31741695786213
4.98628865665829 1.48994775234383
0.21961608463218 -5.52022806380992
0.479299107838365 1.00289589949462
2.03638137580119 -4.36939110311246
1.81782872844127 -6.47524919646536
0.766297231622873 -0.835492147573731
0.809270465277355 0.892553818292501
0.622783361969055 -0.235558166982078
0.967712073395198 -4.21023134414709
0.787523999762233 -4.55388844264846
1.59434960332409 -8.53293756412172
-1.03950746144628 -8.85006161201421
3.35023660105557 -6.34583571332451
-4.69043260285217 -10.7688075457562
2.69306671967956 4.72630784006988
3.01532594776313 3.95439504353787
3.06320526913619 -10.018404208886
2.70769479360856 -10.7633624629084
4.30110769665478 4.99909956878725
0.598740572422805 -7.18633667443402
-1.00000000000001 3
2.53424555086971 0.0455942252579145
1.30591729048374 -6.83186036251804
0.397648377969949 -0.0366757337330413
0.429363692461669 -5.06318000810933
0.0437701414540096 -5.9959781101188
5.00164640464316 6.31501306643052
4.98815917362801 2.24554375618177
2.95120297102959 1.91136292088359
-0.43659081477555 -7.3432267996684
0.936326318722264 -8.6426145396331
1.12220188459947 -5.5113145869339
-0.0197898331846587 -5.37045944853505
0.0148219480125258 -5.12808948492747
1.91715418407003 3.83962701242645
-0.538266147446849 2.53008305672953
0.670904332960165 -9.2271048630862
0.273094320349455 0.105323474575361
5.03137580494115 4.99836236635397
1.83895866173575 2.2445932156773
0.744847756317121 2.80503911037345
0.946902802734973 2.32156749999667
4.99292057199483 -7.60881925396955
4.38350414445645 -8.00034225645317
4.99573216873886 -8.34483746198432
5.00077968699561 5.56843782055433
1.32969589270021 -6.16082690827322
1.17208630528139 -6.4327181006714
1.88363846888428 -4.81278108460782
0.00151220543079621 -9.3026382297742
0.0178506080220551 -5.16760666292524
3.01871299823325 -0.0352274029640423
4.65092300113726 1.20322608579533
1.94114128557409 -0.293539789389119
3.37957550874309 1.39319499564244
0.657266002135026 1.88576859540765
0.0628741801931786 -5.82387300711392
6.54569894124601 3.42880030239589
3.44852021541502 -10.5764101075929
-5.43140689622218 -10.5757398784664
3.42893707653252 4.52083613763174
1.29921542640551 -0.0884757478174658
4.40260816661588 -8.72092174121061
4.83181720621915 0.582259868107729
2.03606096200174 -7.37407528185605
1.65101047489294 -6.97528668482393
0.0548446795583145 1.53869391788809
0.293665924650667 1.75745902349201
4.99848003242334 -9.06582074054402
2.26402458972228 3.39546629705359
-0.961679198899512 -7.41396147240397
5.00301096783084 7.04568288275884
4.98975394998649 2.98560737605675
1.72475273059202 -5.24374612231503
0.0624027327002122 -5.61280090430416
4.62949142406519 -1.12637730998107
1.17289922559285 0.923962525499999
3.26465204858255 5.5922546375791
3.02759966838351 5.02535236692685
0.702869129146066 -3.67947966005497
0.464566254150409 -3.57303399419163
0.0475176580941195 -1.09435924692221
2.8611260452874 6.14076323076653
0.0459033585880707 -5.38839523039413
5.01714152141901 -0.0667597862769995
3.13734491932919 0.655677015822103
5.19880445227477 -0.73260440282578
2.45192819217778 6.69401071370523
4.67099281827191 2.97608479211037
4.23094291218619 2.42920648137897
5.73588162034125 4.99748889804489
5.00131509008958 -9.76083276661498
5.00451343674519 7.74944902419857
4.99073561226927 3.69831532021732
0.320664198010904 0.633967282520633
2.27428843913315 -0.67499838563849
2.48316713335629 -6.49838014668002
2.66375914111916 -0.413692461127463
0.391551433240997 -0.146656929618021
-0.042890035454078 -0.705627397583719
1.05825437529567 -0.681655060119192
1.08484552345151 -0.98856927571134
4.73955011581427 -1.68077657158961
2.80379734775523 -0.887502360882528
1.65369554938177 1.76182905535082
2.27454155860023 -4.70413498205918
0.81589431382451 1.41753603434353
4.21788320401074 -10.4517954428754
4.20064727754082 4.39922637392857
6.42663344598802 4.20322917828824
4.20932704048059 8.44966013814249
3.27666581360063 7.45072682971674
0.998129733149808 -0.330954915361962
0.926293479788039 -5.70900513189241
2.03027736393218 2.173895208542
3.03155254501638 2.4910693038823
2.33675925410153 2.47886069447778
1.57197403480441 -5.69173441626314
4.60406292946419 -8.61410669074592
2.95796916381241 -1.37766727093559
0.846298820407262 -10.2348647938141
2.59920815444051 2.08959052606543
2.54822089365355 -7.04717814633232
0.579514717842192 1.88415261827009
0.742248118761777 2.51306172545309
2.23599786949115 -8.40313495243087
3.18441344940999 2.00771611943616
1.8883100281093 0.441756679286028
2.66705092534777 2.01498635008023
1.04827842267212 -6.04533860729921
1.36086166967569 2.71851717953129
0.264683337732832 2.94476641234553
0.145227856098629 2.30617046057362
3.13931488691028 3.94060868540926
2.520438065248 3.88635776532918
1.48596296794097 2.26020194285792
1.13782723221445 1.83251560554117
-0.68932709033418 -9.35339020374428
3.80105237567955 1.9091388431031
1.46064487922244 -6.13739878898224
2.61423759612718 -7.62032224305516
3.11981916027212 -1.88235699069681
3.8774807256769 -7.73218430000441
3.87445425386496 5.60841997675008
1.28963594595918 -6.60279549736301
4.44922716214558 1.81715807408111
0.415989012591691 1.29429901029633
4.89123515033828 2.32977966562683
1.12213860396349 -7.08859957524995
0.920902680872259 -6.70960370305448
1.30970312643052 2.78429167392759
2.73638953766305 -0.505777008028004
6.04947045851024 0.860137512829568
1.23548970574546 1.20702095953498
3.49094507499597 1.42745210266196
0.900502845359261 0.0122404833961188
1.18433407824811 0.274021069276164
1.71347861292192 3.23222616221785
1.12338189315874 3.2747202965438
1.59807758097568 0.195609635217098
5.4782786899506 0.408323656420005
2.92903772384171 1.52447771460727
2.0518355033703 0.0942976986716059
2.86777437588365 3.42400022165325
3.68647530641085 -2.00624770618458
2.60046769437027 2.94100670751027
1.37433671768168 -1.57142307187667
1.05648699977922 -1.32059387691135
2.50109347715412 0.619251229150935
2.71255628977165 1.08045628304153
-0.546898355115749 -0.271720727920488
2.94148447740841 -6.6981369493659
0.784098440279095 -0.117600420838466
3.11244142912213 2.96847156813229
3.9412923328752 1.45976477459269
3.89839697137956 -8.47148743539355
5.00415082330792 -10.4060786916586
4.44324408244223 -9.96799864655356
6.38969312047958 4.99642063263442
5.93243459519678 4.44152050049103
4.42861944358434 3.89314330272242
4.99121892245211 4.35897676314027
4.44056582198001 7.95197194125363
5.00640829791381 8.4022847257652
1.86863266639413 2.69814548891302
-1.16793739606228 -7.8775576672036
3.22368299575861 1.95224456295714
0.560981615235989 0.0138208032842388
2.41066777536346 2.60787523607263
-0.0396238950791359 3.30045247523219
1.49015867840841 0.557800097669057
0.528763172361245 3.28372168064906
1.12804669557327 0.623287683600194
2.54502949206447 -3.79870422899589
1.94966188663833 -5.5521586587868
0.34432676305123 -1.16688399046387
3.36300462527162 -6.81503473728495
3.19118227496942 1.10818664046494
9.13598520459801 1.10643640591798
8.95850276464685 0.40806485722081
9.4308647050788 0.516061554477765
13.5146999579386 -10.0420640795034
7.71594819832531 8.04540456331387
13.8994492296176 -9.2262267409492
11.5348088785684 -8.79549718208081
11.1747221774027 -9.28183777203948
11.9263597038825 -9.26419835302082
8.60381228001975 -2.2438125734016
8.91249550440655 -2.63966304045887
8.99457483726498 -2.27617418056339
0.0502312484930497 6.88708788496286
0.232580931958798 6.33422284221303
0.725283284265914 6.9342881874861
-2.66143991709943 9.58086392905521
-3.08170130013651 9.61482150417014
-2.8410028998478 9.06982061963571
11.5013087530723 -6.01011101070645
11.5066365482065 -5.57314943406194
11.0994847461015 -5.59579145521949
1.39404521076048 9.23623724816408
1.01291357458032 9.27019162036177
0.97461006736289 8.90745940978305
1.4576966630907 8.77944757804491
5.08444913536673 6.28038635372794
4.20686704273996 6.33081905954642
4.6632505723302 5.65693135689922
0.848037997533419 6.29247340202954
0.192832926106246 5.69214997970801
-0.625897118837087 8.67556298062283
-0.436634678578868 9.01648977850232
-0.718973986439063 9.12956542299584
11.1255232247111 -1.13336894820382
10.9040429471808 -0.827855682980006
10.7853502225649 -1.22058391725492
9.60306583403109 1.00539512949033
11.7064909764637 -9.85936606374346
10.8344017330798 -4.54302216382368
10.7625472738244 -4.83798639028269
11.100071841762 -4.83250862404772
-1.02970879024179 8.83624901115015
11.0905085849373 -6.12359365918253
-4.00607216537118 6.36588517612155
-3.55279709652613 6.94092731290295
6.89488583899253 4.35085067188346
11.9398869789941 -5.66562171095188
0.229038348078832 8.79864120859794
-0.191235227162312 8.53887034949027
0.266159555596324 8.2806224521615
1.00645124184166 5.63801562986874
13.2588352160481 -9.36456046914016
8.55846744712754 -2.70839514353018
9.99737373035785 -6.2499922816843
9.81160894436402 -5.80767057623806
9.47372319631275 -6.23982273881548
9.92462482562631 1.90672566809695
9.58593455312981 1.39959307786618
10.0184573750976 1.24913841861759
9.06948875679811 -0.150693809446033
9.40945413596643 0.0756895066407368
-3.36676027311729 9.20333150915299
6.65588884181245 -2.09694107707557
7.06024812550731 -1.71475139927422
6.60010174726855 -1.36647009297647
-4.00145969018273 7.47303445465129
10.8698021944262 -6.58940935350304
10.5348472942112 -6.10394467273536
12.1062323397458 -7.97840451716408
11.5250406708788 -7.50510746829237
11.5127862389686 -8.22740630071221
-0.114169795990646 8.93552163217274
8.67515802589176 -0.104326867667812
8.54653412872698 -0.604627207460045
8.95619787486282 -0.486916412083557
-3.58794399016573 5.83622859234558
5.69023232686403 4.4068734196372
10.3821168749287 1.72771020979793
10.8855618871591 -8.56154594559215
10.1630581606898 -8.65779084310843
10.460925442011 -9.25093452359203
12.6196524048962 -9.84466255660738
12.6850815226744 -9.03244859003285
-4.07905842730974 9.94157252340504
10.3395230366526 -6.66604444669707
11.2450207140911 -0.834245185775045
9.66680201720949 -5.34170713167468
9.44541414095465 -4.98978673202115
9.27149701151223 -5.36633160324438
8.71794136121865 6.00928144688265
8.10697810213887 5.64705634082339
8.82473474016436 5.30995659526408
3.948554474602 5.66023478396616
1.07644693163305 8.43916418264384
-1.60862198230278 6.34165159095959
-0.937824030239778 6.14408233482857
-0.951402464450481 6.70902289581612
11.5230748705086 -0.702104944918501
11.4975949805881 -1.02341636458089
11.8347164692649 -0.804474765856794
0.249786508223279 9.56533374412906
0.604211068755504 9.72077621738599
6.32168301727393 6.06631729025395
5.59649586860836 6.65590667603901
5.66933608568234 5.87602218156232
2.79518198404925 7.39971443088271
2.16414140343265 7.59860112003162
2.35170894805766 7.02010130751829
8.55065509065425 0.955325476039205
6.2279505204681 -4.45538799046216
5.60209717333023 -4.16054129170887
5.67270978579503 -4.95358550135515
6.23483071682224 6.77657372197169
8.27681852872376 -0.191889881889397
0.390029242521081 7.3142595576971
10.5539625165532 -5.00481867698392
10.9153541025512 -5.12277651874571
7.75789707825005 -9.17079668269417
7.09076688854826 -9.248560593142
7.67119324796766 -9.9902898828226
-1.62863084733923 9.0109869841585
-1.99339335714359 8.70539851815508
-1.45916186524117 8.54238705276141
9.80225361404104 -6.75185203993468
-1.43323408010235 6.95478979581195
11.6250092465222 0.360236970711772
12.1071445148915 0.4281366091605
11.6808952684694 0.83857198236047
9.11932361615195 -8.89828088488467
8.86407327324513 -9.48309520361015
9.71187682330939 -9.26460726195243
-0.460548821400713 9.46892717866604
-0.101308163753991 9.55768170534325
2.50712053139174 7.96690790937888
10.8195290611815 -5.79491127900961
9.44953654461093 -5.73896271517781
3.25838881321901 7.96529808173864
2.85643702956958 8.40110367349628
3.78643775042302 8.38599915699845
3.27568996429608 8.70155434087227
9.65746919337391 -4.5845614677878
9.39738557303807 -4.32916858166804
9.26335525590526 -4.67567227377254
8.11086537861951 -3.74161995192973
8.46913549852362 -3.44142768706492
8.15937681176226 -3.28764769062907
12.9333435700225 3.37813960932697
5.39149157331829 8.47654590163923
6.06453934147105 8.49442463451759
6.12948440328594 9.11297282675135
-0.107631725101972 7.970777405057
12.1321877376305 -7.37323592582414
12.7086393826704 -7.68195340091753
10.9642309727105 -7.88264274560129
8.96362405039016 -3.73419434021355
9.14803536763911 -4.04172261894291
9.30228080158511 -3.72485824947633
-1.87515474368666 8.16492373265464
2.49976557336894 5.77345687354039
3.05853735746758 6.27914195310485
2.48144360955629 6.421935383647
4.73987812471607 6.94470483075065
-2.39756761284713 9.97927348873836
11.6351570523517 -4.10920208701437
-2.54379388941443 10.3514738704709
5.62017653527504 -5.7417653347071
6.25546514232584 -5.33652005416377
-2.02008494453174 6.89409877611832
-2.41471675185277 6.30753847604345
9.74949329721006 3.64960857502366
10.3321502226156 3.93244412729814
9.73102989128096 4.55147452617112
-3.84457398346883 9.49672302607458
5.56897648023513 -7.27401194839185
5.71444164432795 -6.47241322985525
1.54016193062858 8.30308146492615
3.22581699463636 5.64619647750045
9.34044717831012 -9.92205969588777
9.74577625405493 -4.94399659588484
11.8361461130905 0.0636437866789931
0.525492604280053 9.39629214168338
11.8648558944962 -1.01713414804373
5.36446832763377 7.42932102002132
4.56493122126985 7.55618270454742
6.89409745246187 -9.96912439605084
10.7754423510399 2.78083097792097
11.1996794007139 2.2822733849794
11.5073383963296 2.78885812986756
8.77739295092008 -4.07353387470982
6.15089309876682 -7.01323243770752
8.84609658449981 -3.38534958616946
8.57964128186559 -3.7501234145962
9.46797517794964 -2.00043377908217
9.09990335028546 -1.97078947448946
9.30905513632663 -2.25659778761091
-2.08149623597338 5.67536401168697
-2.84318456688342 5.69470974437471
-0.218675100749479 9.24949541791457
9.14592259058818 4.09380560113851
9.83521949811903 -1.28571771407678
9.71246933816236 -1.74225716076675
10.099977459735 -1.54713141736005
-3.11329740731104 6.40251295582432
-3.09086158237719 7.17741053099175
10.2925419033858 -4.85166111935157
10.5623810161244 -4.58849305274001
10.2823376739143 -4.49662907667782
9.0454749433321 -5.85927893928339
8.8504209289516 -5.45158407335374
11.2648858646113 -4.33344374325371
10.8382534188578 -0.420189150790804
10.8339325403214 -0.0502003309273039
10.4317893519789 -0.339995167940203
8.40375479300257 0.367146226595602
7.99828117383139 0.7639371829902
-2.23852320749819 9.6073744335873
-2.46090267653223 9.26596138532687
-2.01361312478462 9.22738103400309
9.14819718773199 -3.1437816692747
8.85646957616299 -2.99528413466736
6.9528021274498 -6.29028703510274
7.32379235418234 -6.82447551994255
7.54342032301095 -6.12181869329345
12.2121384204663 0.982113014968844
10.7068333085248 -5.38456216434018
10.4587580076889 -1.35157489393583
10.5207085512211 -0.976813711199332
1.80910641654288 5.6108554516625
9.32948628237035 6.33199656728345
5.64781545051306 5.11190662109176
6.2842242719261 5.40694121780769
9.25992244090215 -6.84052653390278
9.12414027418379 -1.59584058480675
9.47465638368861 -1.44874824903565
9.18096050081133 -1.18879869512688
8.64369808685184 -8.42404126817579
8.8309747419141 -7.88780651909043
8.19769902347202 -7.92773082574817
12.358418612086 3.72431099233099
8.44133692021242 9.24640474397588
11.0727872298508 -4.47701184138747
11.6991024898275 3.46502374667412
11.7267766328399 4.00783621963975
11.0714129697426 3.87730978794959
8.4952625113775 -7.41000042535203
2.26101894063924 9.02042898498699
2.14959436771394 9.42148071131489
1.82605249656427 9.13535008537873
8.5939583558503 -5.95299413543304
12.2197379361451 -10.5198182999441
7.49295794862437 4.68506173050551
-4.11224025747201 7.98229160007438
8.32662682446644 -5.47061056311893
8.73057897585454 -5.11594411094911
8.42847158701997 -4.98344279021186
8.78869743394894 -1.34620652749585
8.7218610572497 -1.79338729974269
-3.27447680546822 8.70277386250291
7.21310984389502 2.87671675147486
7.39504215977942 3.49883975398021
6.59641496087446 3.31139470075157
-2.72442823086791 6.84865641518525
-2.38551964966954 8.86619748162174
7.88539123361123 -6.59191729027226
7.82319658149853 -7.30100897588902
5.73593161253393 3.33965066408156
6.11056458408546 2.83820487704736
8.32110255914392 5.08650493262275
8.52016191148792 -3.11071989375377
6.29053031406049 0.813992102148122
6.87473282901548 0.354792665792446
6.91533806038946 0.941556603239343
-3.4409143048542 9.66546831058658
8.09698319840717 4.63727807986217
6.21120636068259 3.90598557061926
0.932651416141792 9.71762094662882
0.888437802926115 9.91883762558266
4.22078194611615 8.84775847006114
3.66132099289947 9.09828781474392
10.4335869550273 -8.16933659104585
8.88361669165431 -10.7041688897433
8.48774691444884 -10.0951465906601
5.04050072357018 8.03246284746158
5.53017614954231 -2.71196367031006
5.53425923757597 -1.97526798107624
8.22196298664348 -2.4239750466018
6.06126375655328 -1.69610291753937
-0.558999971434473 5.72118861823252
8.1932260252735 -2.86648499951512
-0.990906159078899 9.32785369211018
6.13163327649653 -4.90280059102591
8.59689235556246 -4.49438466383212
8.87562038545144 -4.78682500351693
8.13173901998188 1.36407494580092
0.345624821270745 9.19056730762651
0.0784739836241651 9.19872845290807
8.86391240189704 -2.05484449656692
-0.573244262369405 8.15141042412631
-1.00901916356814 8.33615287724794
8.34069466446332 -4.14898411766905
-3.76930757870465 8.87409184738259
0.542474720510702 9.00484887067606
0.632885890979946 8.58061652251461
8.14696226449313 -4.59891401189203
1.46404799393996 6.16448159450622
-2.25079143526442 7.33845869387012
-1.3450552936047 5.63169146158794
10.1708769645807 -5.86733002698292
9.37700504481539 -1.72152848878915
9.01616232459542 -4.40417962680954
-1.4006476544093 10.252834025645
-1.49958256054003 9.86474230352515
-1.11868372522189 10.0671795216711
5.62785898533122 -8.647772359219
6.24019021417568 -8.17156889869676
5.59765064809911 -7.96948197824794
0.706956703331292 8.11248750192866
9.29395503726604 1.77738980537108
9.46531011435692 2.373961143448
9.71474744432953 -4.19190634362203
9.47346990571928 -3.98588473171605
8.29876456427255 -1.96406621737168
11.152732514851 3.28276252289783
12.6120883184278 0.616983740183393
7.86101975190859 -4.21175602499128
10.5019585145176 0.106383784476584
8.53063864036067 8.40765672620066
9.9981688792546 -4.36877476947173
10.0184208004942 -4.71999005164588
7.43734115553848 5.38256984869181
7.49640733019026 6.05381789239695
8.9133188845953 -6.38480814937526
1.90453889406239 8.65526413407318
7.95922633410161 -5.09997727700467
7.64963661629153 -4.69044017387209
-1.22817594300336 9.63090491440035
6.30508625939738 4.7145785996707
6.36533874753615 -6.40171712618939
5.61439919416956 -0.598633443629241
5.7190280992395 -0.0936555971218121
5.70918977083036 7.36842231639216
11.8755814234284 -6.44718352308237
11.3716548538506 -6.52537400090518
0.753453617077091 9.24805214642617
10.6556147909433 3.4788953330632
10.1322870270956 3.20469803637403
7.07198256852532 -2.12452289597235
6.04468649689818 -3.76346007479182
9.18842840413001 -3.43794829670463
1.16160774604309 7.93921736043037
10.5454040512229 -7.58045741892296
9.55059231449091 -1.03846585325981
-2.33400913726139 8.35958216780632
-2.79318704271603 8.53026383652519
7.58204497362741 -3.82698844819429
8.71936841440594 1.57105366678931
10.9036874383109 -9.84827231957795
10.1270949890517 -9.86650834115474
11.6541177913876 -5.27766397096925
7.430895819526 7.41292729527045
8.37788281502289 -1.50940243330939
8 -11
14 -11
10.460876418791 1.29336064954395
10.0940889103484 2.54564120980414
5.66083855960543 -3.42485851236139
5.55686260480807 1.10227768561736
5.58897036685528 1.88171229592516
-0.967589783287809 7.81652298299359
10.5718543328656 2.12302316072774
-3.50282756071703 7.39859572118763
0.821997299942279 9.48305127426045
10.0083761179552 -7.71683191499438
9.84864346126159 -8.24671014378638
11.1997470612277 -0.563006172491829
1.95836882068471 9.81102281704614
8.11606284971598 -0.738673953552589
7.73861860727692 -0.377091866963529
5.69110380158806 0.409112893477166
5.40772291091538 5.65067969365512
5.85650217287452 6.24504013070729
6.59712774780205 2.61325946632813
8.10168718132093 6.39232936375539
13.2900120938901 -8.72162545570192
9.07955767021324 -5.04624029530984
-4.27589168175521 9.0509059626234
12.4012682973355 -6.3646665845917
3.90737649983168 7.74481786437238
3.42503248741073 7.29439019278136
-0.515238142145424 7.62828226675225
-1.57830407644907 9.44445182144674
-1.87568690216156 9.69611466550418
8.38931920834269 -6.4733649965286
-1.28354051000145 9.20622312196995
9.20693698624126 -2.54117907052595
6.75265630539756 7.30527900190272
6.12217628266397 7.697701092348
6.01137440190369 6.99503554723708
6.96647733589442 3.97243966831437
7.7134008207869 4.10464868584104
7.29786499673653 4.73063286831355
11.1561204973059 0.641975154971092
7.85994963265267 0.17802640505496
9.70840759264041 -10.5217407329104
6.528050980944 -3.88735570445963
5.39555399223758 6.83222868280321
12.0803834992041 -8.62497632498622
10.5394891552927 -10.430609847853
1.15390072548503 9.58807012588938
13.0680130880205 -10.697561452658
11.2141350555968 0.174333257131055
12.2308909953027 -6.86010654755592
8.24463973062291 -6.96617545222247
7.56747654652279 -7.97217759483984
7.1694273758338 -7.4246770329456
2.75437051725842 8.87113980526413
-1.4098000875404 8.00369597913745
8.42781096878874 -9.0207348470727
7.99550873585147 -8.50949919449791
11.3791327292268 -10.4287975316752
10.566728820559 4.46676323897835
6.92972236126188 7.8835154834642
6.32217772681235 7.35344373145503
6.8615032635004 7.10527454955015
7.31094097605108 -3.37275033931173
7.77169654268424 -3.06736673023204
7.35611846824873 -2.82135342362637
7.78969325105143 -3.45763740985017
8.26950464103045 10.0863468327045
7 8
8 5
8.48669062322564 4.05293513686755
8.90172359051711 4.72311472852646
7.94383342594071 -1.68051652345035
2.38439283127035 8.49952267305977
-0.385562094254074 6.47894414961588
8.72676244755553 -6.92139163785821
5.5684253795328 -1.28588909703482
6.14713348845614 -1.00590540845282
10.8732404996123 1.48862155563614
10.9647962454694 1.92391842623521
11.7006375992558 -6.94200870952721
8.84172245249196 2.18763453956082
3.131198943449 9.25563315022895
10.1705470710959 -1.1391175796412
8.06587459682704 -6.04138544187611
2.01258556927174 8.13473887676767
6.15669752014832 -8.85236282375887
9.22451613125305 4.79007111527465
7.88477984632171 -2.14173217593938
7.29718780150294 -10.7493115809315
7.31948706546067 8.74651022713587
1.08493706385308 9.89432634910452
10 -4
8.24272120034181 1.98965793387221
11 -4
7.8085030648818 -2.60612526296155
-2.08611326792753 9.94779970785909
10.2549272288491 -4.18868850774161
1.24995511773622 7.38265671446199
0.774674705900016 7.60869519244653
4.05173595868252 7.08734840844868
7.75092991829625 -5.60384496408547
-0.14898430956749 6.05409287139541
6.89334480196481 5.03688590169531
6.89778490013291 5.7165178891725
7.8442069448278 5.03405360283181
-2.68294759980991 10.6450163907768
-2.27749278906234 7.83464023751424
7.42723084230641 -5.18961450593147
9.75124750337483 -3.88087517171756
4.38869631603645 8.20693367982444
11.1801540136726 -7.00577626739301
-1.68380886716042 10.5283941156242
-1.78037895637541 10.1231258049972
11.0286237813735 -4.19288998078149
-2.74250749083619 8.00455944259442
7.47622132423535 6.76490100087669
2.94044374215542 6.83903065474884
10.4867393193348 -4.2605733338376
11.385195114213 1.73120574179807
6.07608163185129 2.26537918911355
6.03459431476621 1.50154368278668
6.55389824788618 1.9066567191883
6.55498468363988 4.53216439090205
6.58072780087471 8.55560058997991
6.56059240651811 -10.5573848309906
6.55978393495828 6.56413345877325
-3.561035940695 6.43428280638334
11.6577927520588 2.20986962858364
9.47350086358197 -3.46657560698371
5.57436999396564 2.61929087131395
12.578031295798 -7.21638682808076
7.12303251308655 -1.1224143721723
9.58689458654123 -3.69015663884758
9.40682990097962 -3.22700673980848
10.0083323455934 -0.482022725868931
10.1000005998846 -0.0602074367381186
6.13552608552611 -5.93299529073208
9.15048167214512 -2.84135044585158
6.44996781948517 -9.34279432525437
5.71875044400598 -9.38473624035519
1.75713999582881 9.50412690680933
10.6692003247857 -7.08408502397778
-0.981890180073466 9.69247023422113
-0.831880791438157 9.94514573366244
6.55831005102733 -7.52145418714225
6.74295243363704 -6.91541090696972
6.9298599944624 -8.05166108807878
9.59987564570789 3.00256589311352
11.835868571006 -0.511196878817608
10.6995014240907 -4.2824444559993
-3.21323377858753 8.17702892226617
7.33897572150618 -8.60368254550343
6.26780871378172 0.165546375609835
1.63782767431127 7.77059030395283
6.17004574398814 7.91068234525643
10.8879588635103 -4.26332880343893
6.17774873742599 -9.93561030615782
7.050946372836 -3.85920280430581
10.2231357958351 0.388429928093032
10.662301177682 0.54983372632891
10.3463242654426 0.846706125258687
11.5194551262338 -0.373527645294546
3.5420197317959 6.67170075020898
7.54198426008343 -1.4019572723899
10.1471366731339 -7.18651974104452
6.05599415363837 -2.35930701183022
-2.80554744730364 9.97889495183907
7.04538330598094 1.54547347665416
7.13753464294304 2.18774539918711
10.8220757670201 1.00461894832035
-2.71201504926182 7.45645989696892
10.4619406341057 -5.65367545998038
10.3636232917478 -5.25086883088879
-1.34626045804527 8.88452371603668
0.331509321416736 7.78454478278159
5.80371667148539 8.43739086706944
5.78161683777087 4.40407196863514
6.43533175860839 5.78931520867654
5.79127128804642 -10.441738422212
10.2394867141169 -0.746252084748915
-3.69795633803638 8.33729606681717
7.32213430428452 -0.0148313754606439
7.34587029512095 -4.28351475634803
11.1881115979046 -0.203018276019835
7.42685259719011 0.554590632157807
11.3096697663768 1.16550438628802
8.86174653429655 -0.917808993248499
10.8765223686273 0.278616483558056
4.05404270883465 9.46754790801321
12.7028427526991 2.64893938988589
1.34871925099118 6.78594290812057
9.61400362060302 -7.28513689800749
9.25091356187671 -0.77304841431465
7.53660547604252 1.15270917367592
1.91967060160849 6.6408336992005
1.77249717623912 7.20598451272847
8.00915831190773 -1.21717533451272
12.2147122004316 3.05755534319032
12.1336905711449 2.4508826595024
6.88223233657464 6.41976789127671
4.84129645597828 8.68902249728401
7.65151804050859 1.77615973188782
-0.0490295905387465 7.44821351966631
6.54465896199444 1.34242272386629
10.0478886440832 -5.10139651849935
7.75732794158917 2.42259564484026
7.88627353884489 3.08243658309467
-4.19969255941626 8.50249663739496
-0.92519064477332 7.28083127239114
6.85421388964701 -3.05903947137638
10.5576093493574 -0.640219879131879
11.8181679048975 1.33276382143767
9.06882210438533 -7.38255151615797
1.456515315069 9.59470745622633
8.36626275126612 2.62092390476632
6.64115054359725 -5.82463872737651
7.19407217203179 -5.7134915700146
6.73947393687504 -8.70675516970037
-4.72139618771109 8.66160141670955
12.3554033518324 1.50219899354488
8.45429219411462 -1.06285650654411
3.59151255414289 6.06764611014749
7.62953612403874 -0.907533260843086
-0.457244606614026 7.06405501460039
11.5203352555509 -0.0272653870067465
-1.80510475493781 7.70157067138587
7.21569793609659 -0.571156147435163
6.67500968384942 -0.771797044377026
6.2230365798233 -0.388569074513622
8.96687694711789 2.82077381098492
9.42780571951954 -7.84125802707488
9.90197020050861 -0.891993202957819
9.62859198600716 -0.631782504212633
6.93024409680678 -2.52430162266959
6.413409372647 -2.7295304387026
6.86029287710417 -5.27316461181414
9.71324867122664 -0.210921418150838
2.04095279392867 6.13054308817517
9.79148779440322 0.223592195795015
11.6760300944421 -4.9246068481044
-3.2210560717006 9.98851518575268
-0.759162486577711 9.59064883131757
9.88648675831626 0.681403694742677
11.9762231009979 1.8591443317826
6.29158416263313 -3.33836278169331
7.1059666352667 -4.77071295485944
9.09407088661036 3.48899318798754
10.1020002217367 -5.50369201730226
-3.62421589162046 7.85903839938785
7.4305761491142 -2.31510191496527
6.79802180637259 -4.35849470071671
9.62478046120508 -8.73327789290788
8.50547034487005 3.28182913596543
12.1322009602934 -0.654680562698699
11.271267246218 -5.22580336895727
5.56524124376999 7.94422633313789
5.54406689556867 3.90473659783336
5.9358969234506 5.5647331958249
5.55191481276132 -9.95425134090426
-1.35863313614401 7.50272132323838
8.15354206673005 -9.56772523762096
6.77363764981113 -0.210503481532211
1.64589954668099 9.865065644926
7.48738521023779 -1.8781788223363
6.76986094040432 -3.50718790221582
-3.1462224127865 7.6816972517467
9.33917286448463 -0.371200236211165
5.99332006772617 -2.96656463402257
5.57726281326416 7.99263677022377
9.248680786176 -8.34396120551696
11.412036496916 -4.97234489296664
6.57250211619704 -4.84529853324636
10.9828671103705 -7.38725342625352
-1.71874761975955 7.26861831095966
11.8082564622592 -0.244312432331697
8.09741984260037 3.6535089065103
6.0083253992369 -7.60115030991312
7.05610645290184 -0.290649946639865
7.03076252011512 -1.04225378476249
-1.26413989595483 5.77067475906756
-0.39950688386853 5.52549703971875
0.281962356842047 5.93244116424705
0.314238282596788 5.19324556982187
3.38605350470423 5.15919142488234
4.08650363193842 5.45694524323734
3.36203222979352 5.97021253978727
4.23178037135848 6.16200387108721
7.52986341360199 5.4633199666301
6.87911069469401 5.38570358375975
6.9986483553144 4.66778391619556
-0.275172161085591 4.90843801082289
7.68727540324332 4.67512053321501
5.40952020694914 5.50033898678521
6.25570428645772 5.58765643367258
5.75581663281265 6.23206700133245
7.09314047433907 4.03554620288604
8.88262910261862 1.27701268315039
8.24643926494459 5.9537405668879
7.56665704873597 6.33510916116539
7.25177249439091 7.70775466549677
7.90276359860163 7.27420808130826
7.95924427187939 8.01813023631792
7.38726007237783 7.03210806746966
6.01787558485073 4.98878159883222
7.0443785795157 6.01202549506434
7.60295541809 0.094703244259423
4.67739347820788 5.01434395788823
5.37548563066168 4.8530387567352
4.74585770162712 5.62939436293208
6.54826592592363 6.23973922751504
7.4724168207578 8.53355881878005
2.46528044716291 5.97425196877996
-2.66254383873707 7.34103070636564
4.77654609024741 8.98468982365159
8.31688879120018 5.13368020938318
5.56627195025014 9.0346116867453
6.35036358592674 9.09921827125268
8.14440114650289 6.73861405408526
6.79471626918752 6.98534267528473
6.39980122311077 7.66901538697303
6.06859654314126 6.93209219721601
5.63399302538581 7.62400901631305
5.98534919642944 8.35706611325942
4.42227053007435 8.26491548824593
3.98959658151274 8.95569032426118
5.20626014184023 8.30763820856819
3.711536869221 6.79697552996495
4.49999672507315 6.86245926975432
4.06724124498118 7.53309720479402
4.85079429176889 7.58176281157752
4.96084256702779 6.22181648533377
5.28208947253461 6.90347107538562
3.64264324439746 8.2250920189543
3.3155145582524 7.49554140797161
7.84335420652113 6.51373493734889
7.11546910186695 5.51982328493369
8.35941157985853 1.81168978911653
7.48637144716637 0.980342567904188
7.5129130545567 9.9916067141225
8.64164011186903 0.602620789256672
8.26863131367691 -0.0728623892580416
6.74506457408521 8.41637073026633
7.11509969816416 9.18115223285144
7.08227126290841 0.426263084958277
8.05835776412775 0.567416738765908
8.19667933936064 1.15370389166939
7.80646914139289 9.28747034053251
2.78266345003663 5.36871540944998
7.76561759319912 1.6569094679656
7.21598343583415 6.30360761458541
7.40545320029057 7.12418493821766
8.04207360214323 8.69892218851606
3.9578342756902 4.89353671212534
7.71462538467641 5.82136271102816
6.67134494336925 5.0470373812708
7.06764914239047 6.66748513829061
11.6864076321178 -11.067115031071
10.9350569258969 -11.0439729758446
7.22238509037773 -14.2493749471259
10.3851463348502 -11.5354647574103
9.71303984239569 -11.939579648763
9.67140264043585 -11.2055729156336
6.60707596888099 -11.1806106597585
5.90947926137203 -11.4784963944159
6.63283407850146 -11.9781130330752
5.76657455117162 -12.1737367888039
-6.54032762779973 -11.5412633800179
4.61633040538264 8.8916366485022
5.33643518144922 9.00982743326599
10.25294680817 -10.9238871058566
-3.30236139845345 -14.3289717128801
4.59237721681445 -11.5248562150529
3.75074723965354 -11.6082648209535
4.25066059092164 -12.2444751343157
5.96990815200409 9.1033292556738
6.12105868145636 -16.267146427728
-2.74308009492356 -13.0533721667343
-5.66895888987562 -11.5787579864528
-0.696909766579154 -11.7736823351526
-0.258391702349423 -11.1336544297545
-0.998419783622921 -11.0782711624845
-0.02397399889598 -11.6388213443999
3.98487897400953 -11.0225659044928
-5.98893529346146 -11.057559836072
7.39141320997353 -15.0782205516492
5.31931387479045 -11.0466148667711
4.62376613845359 -10.8901290746438
5.25335062424086 -11.6509098925306
3.46360615857573 -12.2477208474679
-1.51789812750721 -11.5545723836446
7.52669134602109 -11.9706792838731
5.66221465859333 -15.653031847886
5.22776922862856 -14.9769105123548
-2.67354454570673 -13.8714225976595
-2.02639331389254 -13.4414931552663
-2.08920437249829 -12.6617811962417
-2.8439417962955 -12.2712659858314
0.0167774552384736 -12.2233174926864
3.61549430044505 -13.6645431019576
3.94244689189594 -12.9351187411089
4.37498441370928 -13.6226106922193
-1.3505569245817 -13.0261506442014
5.5799924214455 -14.2593830045009
6.01148974364035 -14.9467688727326
4.80020963651894 -14.3026222302719
6.28534354897416 -12.798329435436
5.50094589058959 -12.8671717472275
5.932310930164 -13.5305098609408
5.15315322539961 -13.5810259986631
5.04115412101584 -12.2349958390246
4.72339187303875 -12.9087535692141
6.35554912909128 -14.2168550515456
10.4885121285269 -12.3201815533118
0.496138696428542 -11.1874906991315
2.89426370507399 -11.5327597223031
6.64628525864312 -16.8027659484902
12.9673654490746 -11.4885406702121
-2.97881479464414 -11.5013090222509
6.3595225373602 -15.5923361675951
6.72904326340233 -14.9153618625264
-1.40637736189958 -12.2730827503494
-2.1678884147616 -11.903225146111
12.4053703797462 -11.0899923997755
6.94038843659411 -15.5552852720999
6.80518588821892 -16.1437746835285
-2.26885844549939 -11.2201097365591
7.21126183243993 -11.3785238308172
13.649547106856 -11.7623049332094
0.696113905452185 -11.8024714832282
-4.87967833244359 -11.4167192898365
-1.67692392812309 -10.9937527875245
6.03551357952774 -10.9248295171355
2.30386163920009 -11.8194150292625
3.33422558717883 -11.0764669502674
-5.33250869335868 -11.0814076834847
10.0469873189552 -3.91390092017982
10.2647012409084 -4.06790827242129
10.2854396296503 -3.85161924716382
10.7513843902758 -3.38983713385407
10.8928920895741 -3.17340864809687
10.638334837876 -3.16842180461999
10.1386138510732 -3.93993008750548
10.3827801967987 -3.98247447280768
10.2739781969116 -4.29414985096326
10.0997479456939 -3.73088883042011
10.2521605340336 -3.3807417515611
10.3804587847188 -3.16511867611298
10.1162202507755 -3.1697521098147
10.9914423637458 -3.34708731414508
-0.891690403550498 10.6000363410854
-1.13665042883008 10.4217140719657
-0.886911349559827 10.2768982271282
11.3241301386629 -3.60295517920247
11.3556389124245 -3.86128990006573
11.5538154142964 -3.6460160458311
-0.408653956623777 12.0183632559994
-0.640727929448617 11.9504817509008
-0.451882256469611 11.7504779378208
-1.13051436551589 10.7407487272056
11.5932830658137 -3.90550302438071
-1.61714160324959 10.8912314268705
-0.650079361620406 11.6618694597862
-0.623592641960477 10.8262765977554
-0.705952776459091 11.1619071011536
-0.891849813705085 10.9254594876598
10.4979166792462 -4.20121854166322
10.5043783288401 -3.9744139284605
11.2022645746085 -3.88649208714469
11.4303735381466 -4.00894188027651
11.4245230048823 -3.75219296208391
10.5108480771551 -3.32963261085967
-1.3385959399784 10.8664466399392
11.1524923137522 -3.80594514375058
11.1052534780208 -3.56855046134242
10.9486490232664 -3.78972822710723
11.66583622282 -3.87878454929729
9.9485528743515 -3.32877710319057
10.7296272852375 -3.7792914117791
10.8789520122984 -3.55215748631562
11.000335243959 -4.01019267004832
10.8127049582413 -4.0228240344796
11.035412834377 -3.3267599521633
-1.39239973817453 10.6000312996408
9.8702963402637 -3.71579784997221
-0.497799206635968 11.1092076020653
10.7342993205177 -3.64270329106127
10.4998006272807 -3.52743297105142
10.5158678592001 -3.75827790975939
10.0254748069113 -3.53681405672976
9.75201392312017 -3.51491382946632
-0.947041736442913 11.2288898997313
-1.01097706096974 11.5206320715714
-1.20148511979555 11.2974523023335
11.1463293654218 -3.99351617986647
10.5024150106956 -3.74851196857295
10.6051338930595 -4.01440763073239
11.7472223323764 -3.42297417104985
12.3609963474804 -2.24908217826323
12.2162020973985 -2.4692581384121
-0.530781130041448 12.4628325464886
10.7379454559389 -3.87278636491195
10.9588835884357 -3.08351753287251
10.8019088208631 -3.30988872337123
11.8852038261906 -3.76890161267734
11.6139321731629 -3.6242476645248
10.9714815700555 -3.54105648835417
11.7617599848875 -3.25231833722854
11.5606002573089 -3.36188866015924
11.8091874016707 -3.51742356720213
12.6179665634601 -2.31234158624077
11.9356635063661 -3.18959580168999
-0.836906947911231 11.7488945416456
12.1150743588798 -2.96114713177051
10.9731872811885 -3.76788150486308
-0.778501023669473 11.4572977777212
9.6727929501579 -3.30145689993668
11.6047922833823 -4.38366241539015
11.5718011709021 -4.6473462183331
11.8000768165224 -4.50978297122961
11.7851813573049 -5.35923526525816
11.1876073923127 -2.44061226758803
11.4600871000833 -2.42378739712112
10.275241702363 -3.63202976562325
-1.1472049832196 11.0192943743414
11.2019555020618 -3.09864916094421
11.2693995888896 -3.34774813895302
11.4464770172878 -3.11766255009304
10.7358091898434 -4.10475988711535
11.9926135431767 -2.39366591449025
12.1385174370187 -2.1486317862891
11.6897332897374 -3.14827610907144
10.974637654168 -4.00393046933118
11.8743183692125 -4.24825747207668
11.657721377647 -4.13507726446559
11.7455609575613 -2.37874714754711
11.6553464789261 -2.14502638470191
10.7247448336614 -4.33725597159323
10.4862569416634 -4.42905215674749
11.5049012844343 -3.37832478805605
11.760521673628 -4.78532541155594
11.5510014463288 -4.91172297604109
11.7551739845448 -5.06979402855539
-0.517529921407925 11.4175759986166
11.3772999875315 -2.86322632700779
12 -4
12 -2
11.627961638538 -2.88004598869232
11.2015954470779 -3.64259199187605
11.1885678975092 -3.42199312831375
11.8749661690982 -2.9077104667413
10.7174683160271 -3.06638615414492
11.1557871709301 -4.87370026208874
11.1247340996523 -2.85433304821664
10.9663678282397 -4.24107958653385
10.5688496138667 -3.29214832584593
10.9508051387026 -4.47871382755279
11.1723165622676 -4.62536008686867
11.2101024627166 -4.13909158413487
10.6519682142446 -3.53478555546701
11.1656455238898 -3.19634299022229
11.1895876994963 -4.3805921931624
11.3990365944639 -3.50511150062774
-0.722167795393844 12.2537767039219
12.0497937319466 -2.68602992473538
11.4105283765335 -3.16411219407431
-0.347749702050574 12.2867343366388
9.83541728032868 -3.14811104638744
-0.665253957434688 10.4498736905947
11.4090978521896 -4.26299577403028
-0.697960536313471 10.1754872352696
9.60908944371722 -3.14258399979216
11.6002396167391 -3.14747222192992
-0.301144178168168 12.5024180415571
11.3817531599156 -4.51279644673217
11.289163573037 -2.64654437672563
11.8082779467498 -2.64671374362061
11.3613705326841 -4.76736522594957
11.0265428007489 -2.64820852733336
11.5534354227162 -2.6404698957304
-0.528854619958026 12.1911322679673
11.3379932264326 -3.32462861618391
0.0556287392736809 -6.44061181905406
-1.23798560233672 2.67164159871728
-1.17814445862794 2.371096307979
-1.5682984285937 1.70625081490638
-1.79481307737868 1.55003796723449
-1.4795347678001 1.43542568766863
-0.0876630900284733 -6.13335738375461
-0.132026983561009 -5.92579267567517
-0.322029766241883 -6.07068211141484
-0.924739352235922 2.23947778187404
-1.00785395630356 1.73427230567207
-1.1236095445773 1.44976870106583
-0.797594694382761 1.47295250345988
-0.0910719074490791 -3.75497791965012
0.119843373226333 -3.97577263620465
0.188751077818065 -3.69034817958158
-1.73712568790672 1.33217482759762
-0.613409533903533 -4.82553120838976
-0.368778658513808 -4.72729454398309
-0.623887417059249 -4.52669489173229
-1.50974896509349 -3.40230704454166
-1.37936373023615 -3.65139334908763
-1.24405353453487 -3.43344887231282
-0.155233570477343 -4.03580367830571
-0.392832568023175 -4.42379783565976
-0.131795397494931 -4.60642082074537
-1.10947830097522 -3.64185635553631
-0.352580330646364 -3.51143878435279
-0.636782593711681 -3.64736086473023
-0.378775780159234 -3.81214721469633
-0.50430422271508 -6.24032761232025
-1.44875247042439 2.47383688130305
-1.30703351336316 1.64245682809006
-0.206525283790147 -4.29065230419968
-1.42016006600643 -6.72727943472348
-2.38683966455629 1.97677320664389
-1.16598590531435 -6.80973516278493
-0.386011499182549 -5.01595428028758
-0.608273794466052 -5.11680900224809
-0.381087558741231 -5.29642516877047
-2.65824273858507 2.03490068438305
-0.630193213672931 1.68490448505975
-0.364602349924296 -5.57247154048673
-0.590373700083316 -5.41054169035751
-0.174073365587073 -5.210878344617
-0.160406072693107 -5.46389579456424
-0.820777693490352 -5.241454332244
0.0375156850745055 -4.28235060635175
-0.637786807179147 2.23873680608008
-0.637204434123287 -3.41879672311029
-1.61988655208458 1.99694283261988
-1.33112321064618 1.89319785884694
-0.347105358672269 -5.82151722684123
-0.775824747549361 1.96420463118842
-0.433016797683763 1.93766647516657
-0.637731607634775 -3.92130814951948
-0.885707699096701 -4.0340012575101
-0.634067029680444 -4.22292593899565
-0.171248877938326 -4.96201788568604
-2.04135881196675 1.37328170794464
-2.07827010332871 1.63429487397034
-1.38630021922705 2.17995778574306
-0.146351236756413 -5.70328857559484
-0.875111204113008 -4.3265870357801
-2.52274252774584 1.50628105603829
-2.5914944655161 1.77893852929495
-4.62328811740316 0.181011716477035
-2.15431721200322 -3.64927532427847
-1.86502372868894 -3.816291210592
-1.90165480130507 -3.54184321103306
-1.67018740064274 2.28617665184838
-1.0317351642134 -5.37769825273335
-0.800266601877724 -5.54224978687802
-1.85991737816958 1.81704842510054
-4.35513475917909 0.246861022489877
-2.18408479987599 -3.38211052738424
-1.13233291230063 -4.12710697738867
-1.13881448933581 -3.85806567189545
-1.38637695105863 -3.93147336344412
-1.90418005385997 2.1009604881363
-0.888324996685983 -3.76339542569774
-0.286190848028934 1.64777204600252
-1.62327481022572 -6.27444709134763
-1.60990721051512 -5.91193514790947
-4.13827082542986 -4.17862775380133
-3.00627971722553 -4.15403934316964
-1.63693407883541 -5.18829805038037
-1.67302242495469 -4.81179404571916
-1.09834849740055 2.06772781275953
-0.396918872573939 -4.1096418284876
-1.05463348308441 -5.05956531501966
-0.840503226992732 -4.93655379580999
-1.08097886015844 -4.74061053675001
-0.717018292203413 -6.42082907296987
-4.85821677467029 0.0930835305405426
-1.81060381556816 -4.07051216112155
-2.12662673224452 -3.87971752312176
-1.10658501886837 -4.42963306276647
-1.94354666521259 2.39395771018451
-5.11899215836132 -0.478799815560538
-1.6598107395751 -6.63658594148308
-1.73871665465349 -4.40223151179352
-1.91226817447351 -4.57874737447192
-0.753228678416825 -6.12835094829151
-0.547092568015976 -5.96461587757106
-0.85915414521086 -4.63167248496512
-3.76620200270157 -4.20236713110279
-1.6091894935785 -5.5568951009304
-3.3915210251369 -4.19364619069437
-0.91674453900278 -3.47494151962095
-1.29093609693432 -4.86235944235948
-5 0
-2 -4
-1.32383871218388 -4.53269255599503
-2.13621458897171 1.89616224495225
-1.36203902939063 -4.21997170356712
-1.0130908784664 -5.69190451836899
-1.24019159062679 -5.53037770521073
-1.26223533107392 -5.19799786690902
-0.973460369264614 -6.30527916553862
-0.77909824486514 -5.83751004272567
-0.994884808279795 -6.00023378070552
-1.22632732097555 -5.85805449305518
-1.20507904677863 -6.49589809091473
-0.570375475570888 -5.69409223641051
-1.21394801739787 -6.18002635499802
-2.33959129263837 1.70072906094497
-1.63363133744064 -3.75176567126969
-1.6043968712469 -4.01369843096892
-2.33292824498826 1.31330868476786
-1.78761982585778 -3.34591004690219
-0.451278899430164 1.45306252236699
-0.00830674108876547 -3.49403630432257
-1.41935481894101 -6.38889207124115
0.239493887083099 -3.4797445198972
-0.174163902371185 1.44319692992929
-4.26843337984919 0.443622787979216
-2.01727059960548 -3.29907140861485
-1.41579189757286 -6.05088256372412
-1.46596648962684 -5.01153248394016
-1.55763650476093 -4.31289748105038
-1.42015462495436 -5.71012450545802
-1.43661089297972 -5.36456129974389
-1.50693852066355 -4.65214278310719
-1.63903735763998 -3.53782489127004
-2.25992883760141 1.50414118607185
12.2278242949301 -3.15996289108018
11.9651461570999 -3.08476495980494
11.9890418083464 -3.32466681758238
12.1221088929019 -2.88946451323051
11.9902485785031 -2.67346124115905
12.2414273654503 -2.65540600342257
12.357293612102 -2.38805959280164
12.1684290879353 -1.4080541258572
12.1018559155846 -1.68252156289553
12.4112458369483 -1.32407040671758
11.9676231640028 -4.94930997586695
11.9383216569819 -5.21208503319185
12.1689051057905 -5.23577758645068
12.2059710339075 -4.94504514951886
11.9085546646707 -2.8694163211833
12.3914056442278 -0.765471285843939
12.1541013590037 -0.603107538962445
12.1365143175957 -0.918932825851228
12.2072596951662 -4.65881395100434
11.9938466823291 -4.72113058412848
13.1396092737455 -5.83556182676579
12.9657505043077 -3.88756068150927
12.720276617775 -3.91963925732524
12.9104679306848 -5.89360419963143
11.5616415199641 -1.78907206598307
12.4269254510142 -5.40519258567371
11.9346014158078 -0.712924267724195
11.4463890255686 -1.98436122501622
11.8536484785066 -1.3385511704078
12.567395695776 -2.09858627912536
12.7990423988887 -2.10034984829957
12.186248947184 -3.43039846127905
11.89706484543 -0.955086810388441
11.980070520764 -1.207865236297
12.2031271262798 -1.15834287490842
12.3859911635035 -0.467031531185466
12.05726537145 -2.44237176493231
11.6953676315031 -1.58344950619742
12.6557402603507 -5.54093536696255
12.8858780280557 -5.66873216521779
12.8715381929746 -0.480823771939971
13.1283401772308 -5.23461505499038
12.6290089880329 -0.626928737911869
12.6313600805678 -0.351446514073621
12.8906964018753 -5.38464078502765
12.4289316046186 -5.10192874820865
12.9575474316123 -3.34574285980884
12.4192773155278 -4.81363081434981
12.6563195512097 -5.24670675576687
12.6464465480379 -4.67354912259099
12.8124234747769 -3.11504145823319
12.8895032013368 -5.09702960145985
12.4066328450209 -1.05706097696482
12.6422758593665 -1.20133592165481
12.6651971635841 -2.88164169989669
12.5149571515373 -2.64870113555091
12.9481266804112 -2.87570162885702
12.6345029111099 -0.916287126328982
12.5331475972916 -3.12229055638378
12.6397970125585 -4.41676996739604
12.0246092288775 -4.47919838297655
12.1332321028569 -0.289933490645023
12.2919468797406 -4.15951819450833
12.3969987180439 -1.97600541853467
12.4276569511618 -4.5619965825286
12.3985639606308 -2.89372652183113
12.0106589607309 -3.54988719552173
12.2432978177196 -4.41257215997391
12.3544108909051 -3.57014810845283
12.1232464896026 -2.22666943023629
12.0822068837759 -4.26680832587275
12.6261039278317 -4.1218597394485
11.7854853032328 -4.40101268495892
12.1982914224168 -1.86080454934188
12.4728094284568 -3.96928519907275
11.9662520507753 -1.48110884121405
11.9512632080246 -0.470395333981168
12.2449268184906 -4.0502808228181
11.7039091664926 -1.94417165989417
-2.86444316069165 -2.86257636354772
-2.52654718745321 -2.9640490257043
-2.62573435573384 -2.70917813058165
-4.68861425960629 -0.707276785032454
-4.45567054252546 -0.51331362864098
-4.74756177796471 -0.251590986674008
-2.65713039045731 -3.15192909398287
-2.43338907048513 -3.38845240642515
-2.72899142689702 -3.3747815608329
-2.74955021425343 -3.8094601638321
-2.85781398497304 -1.09084335653568
-2.83659818221735 -0.804674148723038
-3.11293588015289 -0.825965062487458
-3.14120765764032 -1.14705499150375
-2.39834061480487 -3.19484025516643
-4.50159960254176 -0.220024092158556
-3.28333804147134 -3.80914556739082
-3.14015275112732 -3.5833963274992
-3.14149827807157 -1.45417518578942
-2.88491293797348 -1.33732894801499
-4.90044974439699 -0.445538421872526
-4.22512292690645 -3.94734181958081
-4.24156387127495 -0.28989649755196
-4.17005592499075 0.024529902104305
-4.41204594784549 -0.0197325344337798
-4.00319379783105 -0.201756497249754
-3.19336163185366 -0.483991854225007
-3.42265203425915 -0.690441048767801
-2.03925823694455 -4.97269975144882
-3.6830008661301 -3.78791197889833
-3.59828081508853 -4.00123701541794
-3.24959848792362 -4.02417622962849
-3.995701191708 -3.80442343899098
-2.94957831350161 -0.570601342050814
-3.73778305975593 -0.229238037997552
-3.68376380727051 0.0505038308372394
-3.92534883022911 0.0290549437038869
-2.90042309672676 -2.57916368221756
-2.4075275217757 -3.77661809913724
-3.90722579069523 -4.00010127819895
-2.42115137560127 -3.61910543361188
-2.75210010452543 -3.58786912075579
-3.44696699525669 -0.371789494768096
-3.68727598806178 -0.576579251849105
-3.9446802286522 -0.462875381336128
-4.177492893768 -0.661254505700445
-4.14801067199729 -1.0024140865921
-4.13170244387603 -3.39367632461964
-3.91827428741304 -0.789180518287964
-3.4022190656896 -1.02421392328955
-3.64437668297809 -1.23447769981623
-3.38360895154036 -1.3402948251047
-3.66049824021937 -0.907340868967942
-3.44368489888324 -2.63494452072535
-3.54446389423669 -2.88694411120765
-3.87705519836738 -2.8981518552034
-3.53720298067881 -3.58539908169942
-3.41547329576276 -3.3624201135372
-3.31069744125372 -3.1277880508573
-3.0619378440869 -3.36465403301067
-3.65309709848029 -3.13294435333745
-3.7742761888271 -3.37299508286499
-3.21666490208311 -2.88435838784681
-3.63771651049337 -1.85026984579493
-2.92869180460374 -1.59352985868195
-3.28160374595955 -2.01998745578683
-3.06366031930622 0.475394610074376
-3.39795095484856 -1.62052094585357
-2.98977652356074 -3.12670371545371
-3.90189170341777 -3.59740168428226
-2.72690825092375 -2.46815298332911
-3.19705008700719 -1.7248775175101
-3.14664680139591 -2.41309387301057
-3.02458279337154 -1.81548500288825
-3.16419105077389 0.224762645999448
-3.0276249371066 -0.307672226776577
-4.64317064324868 -0.0239841968161326
-2.71974894329369 1.07085157510607
12.2622374234493 -1.82505239574842
0.800383012668083 10.4215478794738
10.4210261578894 -2.13600459332812
10.5880408420533 -2.34575314402793
10.2431238338378 -1.98036967008859
0.624925178648517 11.1349073747082
12.4825805473037 -2.44201970978671
10.7440895371553 -2.57118452419321
1 10
11.3119070078492 -3.49850246562512
12.5788716515335 -2.74220526034735
10.8109821301379 -1.11372935492827
12.6928089265736 -3.00854985054065
11.7501116393289 -0.529817771702733
11.0546548963131 -0.978131146465125
0.0527159067119608 12.4945621868696
11.1642659953139 -3.27111479393116
12.8222120832992 -3.67396706347786
0.276499892742371 12.4448048823989
0.215016534230426 12.1881264886818
-0.035316350608714 -5.71611620204129
1.95896621829942 -5.74003227825049
1.11264557791311 -5.1903531595337
1.46045401239354 -0.284166550983948
0.685108532968661 -7.3894086535991
0.544287610602787 4.16270435291652
-2.20308782227116 4.1762000995733
4.36918487106737 -7.18006835971278
4.16895558817538 1.37724758305393
2.60775524932698 -8.20862515694672
0.265276892646949 4.50208265098672
4.25158926484197 -9.03776839420134
5.66023181557931 -2.32944654916613
-0.245198412415387 0.584200043470478
4.2718002732719 2.96265213582337
4.33491747809907 -9.69955493321452
5.01316034688512 -10.0299177932441
-0.167604722160387 2.28232292335701
-0.290284163413712 2.87312318959597
0.610924648911374 -1.78745725542044
1.26171430273232 4.7082756573072
1.54155415260566 6.0836771796738
4.55518483793647 -7.94128327053437
2.09516792013708 -1.58914794484052
-0.407196463172326 3.11886780979294
1.91272542534811 -0.218974374845455
-3.28801228258366 4.99981727368473
0.0169613291145762 3.11506437693246
-0.506135972100853 -6.50019547824134
-1.66292518067912 -8.81367692700768
1.00289589949462 -0.479299107838365
-1.34583571332451 -8.35023660105557
-4.21655838880471 -10.0385010855765
-0.129053680044732 -1.73064762361428
0 -6
0.146097182572888 0.157481404069518
0.370459448535052 -5.01978983318466
1.64834872716602 -7.6384060934843
-5.02991779324413 -10.0131603468851
2.41396147240397 -5.96167919889951
-0.308467276660344 -1.0179292065985
0.324501832480601 -6.79963109235229
0.350127601333291 -7.26185566805156
-0.925139045266176 3.67764899125938
3.62296694963264 -8.77228086613759
4.30617046057362 -2.14522785609864
0.128089484927471 -4.98517805198747
-0.1176430093032 1.11981916027212
3.43140689622217 8.57573987846639
-0.465311775048745 2.8647393826064
4.94476641234553 -2.26468333773284
0.146656929618021 0.391551433240997
-3.61410669074592 -9.60406292946419
0.00624770618457552 1.68647530641085
1.72827927207951 -1.45310164488426
0.633967282520633 -0.320664198010903
-0.428576928123335 -0.625663282318322
2.8775576672036 -6.16793739606228
2.16724140651202 -8.45263998916163
0.643517652372498 -6.97828024267108
-0.655677015822103 3.13734491932919
14.2840518016747 -10.0454045633139
-4.35085067188346 6.89488583899253
5.83622859234558 3.58794399016573
12.058427476595 -6.07905842730974
12.5032769739254 -5.84457398346883
-2.10920208701436 10.3648429476483
-2.33344374325371 10.7351141353887
12.6705137176296 -8.33199656728345
6.55866307978758 9.75359525602413
-3.66562171095188 10.0601130210059
-4.63727807986217 8.09698319840717
8.99216378036025 8.72677663283988
9.27568900766901 9.35841861208601
2.61698374018339 9.38791168157219
8.1005507703824 7.2262267409492
6.36588517612155 4.00607216537118
12.5785192886851 0.149594367713941
11.4076567262007 4.46936135963933
2.98211301496884 9.78786157953366
12.1889771829539 -0.0416311793152854
-4.3646665845917 9.5987317026645
12.0811623744173 -1.11156219707389
5.72431099233099 9.641581387914
14.6805129345393 -10.7465102271359
8.70998790610988 6.72162545570192
9.29136061732963 5.68195340091753
12.7754838687469 -6.79007111527465
4.64893938988589 9.29715724730092
-2 11
-4.79007111527465 9.22451613125305
3.50219899354488 9.64459664816759
6.73049535896955 8.91365316729548
8.66160141670955 4.72139618771109
11.3549836092232 -4.68294759980991
11.6485261295291 -4.54379388941443
12.5324520919868 2.05404270883465
-2.9246068481044 10.3239699055579
-4.68506173050551 7.49295794862437
1.3453194373013 9.86779903970665
-3.27766397096925 10.3458822086124
5.37813960932697 9.06665642997753
9.421968704202 5.21638682808076
12.1056736508955 -0.91506293614692
12.134934355074 -0.354100453319013
7.52549703971875 -1.60049311613148
6.90843801082289 -1.72482783891441
2.93244116424705 6.71803764315795
1.02574803122004 5.46528044716291
5.13368020938318 9.68311120879983
5.9537405668879 9.75356073505542
4.34103070636564 9.66254383873708
-0.495541407971612 6.3155145582524
8.0083932858775 7.5129130545567
7.91365316729548 8.26950464103045
8.53323676102165 7.56672882055905
-1.95569032426118 6.98959658151274
-1.92713761074196 6.26863131367691
-2.60262078925668 6.64164011186903
-1.2250920189543 6.64264324439746
6.73861405408526 9.85559885349711
8.33745616126293 4.34103070636564
-3.2770126831504 6.88262910261862
7.77067475906756 -0.735860104045181
7.18831021088347 3.35941157985853
7.72298731684961 3.88262910261862
10.2742080813083 5.09723640139837
7.3430905320344 2.76561759319912
9.51373493734889 5.15664579347887
8.82136271102816 5.28537461532359
-6.61633040538265 -10.8916366485022
-7.33643518144922 -11.009827433266
-3.45873661998212 -13.5403276277997
-3.99017256673401 -14.3364351814492
-3.42124201354718 -12.6689588898756
11.2493749471259 -11.7776149096223
7.06042035123699 -12.7130398423957
8.97067928387314 -11.4733086539789
-2.65303184788603 -14.6622146585933
-1.97691051235484 -14.2277692286286
-0.664543101957645 -12.615494300445
3.2233174926864 -12.9832225447615
3.98893529346145 9.05755983607196
4.44149315526625 -15.0263933138925
4.02615064420136 -14.3505569245817
6.67981844668819 -13.4885121285269
12.0782205516492 -11.6085867900265
7.51145932978794 -15.9673654490746
7.23769506679062 -16.649547106856
-3.8966707443262 -14.9699081520041
-3.80276594849025 -15.6462852586431
2.80247148322817 -12.3038860945478
-3.58328071016347 -11.8796783324436
-3.26714642772798 -15.1210586814564
14.7623049332094 -11.350452893144
7.23769506679061 9.35045289314395
6.64628525864311 9.19723405150975
1.18058497073747 -11.3038616392001
10.2941498509633 -3.72602180308837
10.0600699124945 -4.13861385107322
11.3828583967504 -4.10876857312954
-1.40671693418626 11.0944969756193
-1.25277766762362 11.5770258289502
12.4692188699585 -2.53716745351135
-0.884925641120197 12.0388528682295
11.3592352652582 -2.21481864269508
-1.06433649363391 11.81040419831
11.7985148802044 -3.70254769766654
11.559387732412 -5.18760739231271
10.8737002620887 -2.84421282906994
10.7078516741541 -4.56884961386666
10.9336138458551 -4.71746831602713
10.4290521567475 -3.51374305833664
12.2778322046062 -2.74622329607815
11.3517914726666 -5.02654280074891
-0.382033436539845 12.6876584137592
-0.944371260726319 2.55938818094594
-0.237985602336723 -6.32835840128272
-0.448752470424394 -6.52616311869695
-2.16598590531435 2.19026483721507
-2.42016006600643 2.27272056527652
-4.50628105603829 0.477257472254164
-4.27444709134763 -4.37672518977428
-0.670187400642738 -6.71382334815162
-4.77893852929495 0.408505534483894
-5.3401892604249 -0.36341405851692
-5.37672518977428 -0.725552908652366
-0.943546665212589 -6.60604228981548
-1.79763286889721 -5.76620200270157
-1.80635380930563 -5.39152102513691
-5.36341405851692 0.340189260424898
-4.52120018443946 -4.11899215836132
-3.91193514790948 -4.39009278948488
-1.84596065683036 -5.00627971722553
-5.03490068438305 0.341757261414935
-5.27272056527652 0.57983993399357
-2.55637721202079 1.26843337984919
12.5919458741428 -2.16842908793528
12.6759295932824 -2.41124583694828
12.8603907262545 -0.164438173234212
12.9657505043077 0.112439318490733
13.0342494956923 -6.11243931849073
12.0156387749838 -5.44638902556861
12.0985862791254 -1.43260430422401
12.1003498482996 -1.20095760111133
12.6614488295922 -5.85364847850656
12.2109279340169 -5.56164151996414
12.8716598227692 -0.765384945009616
13.1284618070254 -5.51917622806003
12.673549122591 -3.35355345196213
12.6542571401912 -4.95754743161234
12.7986640783452 -2.64227585936649
13.083712873671 -2.63450291110988
-0.200957601111327 12.8996501517004
12.416769967396 -3.36020298744153
13.2346150549904 -2.87165982276916
13.0970296014599 -3.1104967986632
12.4165504938026 -5.6953676315031
12.4298518915472 -4.35441089090505
12.1595181945083 -3.70805312025939
11.9760054185347 -1.60300128195607
12.720276617775 0.0803607426747581
12.4010126849589 -0.214514696767244
12.7990423988887 -6.10034984829957
11.8608045493419 -1.80170857758317
0.0342494956923312 12.8875606815093
12.3174784371045 -2.10185591558465
11.5296046660188 -3.95126320802458
11.9497191771819 -4.24492681849061
11.8781402605515 -4.62610392783166
12.0307148009272 -4.47280942845681
12.6261039278317 -0.121859739448503
11.710066509355 -4.13323210285688
-4.94734181958081 -0.774877073093547
-2.97269975144882 -3.96074176305545
-4.29272321496755 -3.68861425960629
-2.1905398361679 -4.74955021425343
-4.39367632461964 -0.868297556123972
-3.88694411120765 -1.45553610576331
-3.8981518552034 -1.12294480163262
-3.78201774866167 0.277087517953357
-3.63494452072535 -1.55631510111676
-3.14973015420507 -2.63771651049338
-3.9975859134079 -3.14801067199729
-3.41309387301057 -1.85335319860409
-2.98001254421317 -2.28160374595955
-3.47539461007438 -0.0636603193062189
-3.22476264599945 -0.164191050773887
-2.94949616916276 0.683763807270508
