0 0.98012560606002808 -0.03922484815120697 0.19446137547492981
1 0.85755240917205811 -0.098802186548709869 0.50481891632080078
2 -0.65430927276611328 0.75550383329391479 0.03306536003947258
3 0.95224452018737793 -0.059398513287305832 0.29950329661369324
4 0.98065406084060669 0.023903211578726768 -0.1942838728427887
5 -0.91201472282409668 -0.051620189100503922 -0.40689629316329956
6 0.82337820529937744 -0.10834445804357529 0.55705463886260986
7 -0.80558621883392334 -0.002263940405100584 0.59247422218322754
8 0.9563412070274353 -0.057376943528652191 0.28656488656997681
9 0.014186951331794262 0.47950997948646545 0.87742173671722412
10 0.012280425056815147 0.52980625629425049 0.84802985191345215
11 0.94888317584991455 0.034304484724998474 -0.31375789642333984
12 0.95588010549545288 -0.057291470468044281 0.28811630606651306
13 -0.9201042652130127 -0.056699927896261215 -0.38754785060882568
14 0.86445510387420654 -0.09583214670419693 0.49349123239517212
15 0.87979280948638916 0.03794512152671814 -0.47384056448936462
16 -0.000880800886079669 0.98665499687194824 0.16282239556312561
17 0.83968698978424072 0.057347241789102554 -0.54003441333770752
18 0.8895607590675354 -0.081139720976352692 0.44955319166183472
19 0.92516660690307617 -0.06526482105255127 0.37390822172164917
20 -0.57221406698226929 0.81987911462783813 0.019218387082219124
21 -0.99545347690582275 -0.0035529814194887877 0.095182940363883972
22 0.95981055498123169 0.030035015195608139 -0.27903708815574646
23 0.88038486242294312 0.036935746669769287 -0.47281956672668457
24 0.88815677165985107 -0.080878175795078278 0.45236748456954956
25 0.015132901258766651 0.41848656535148621 0.90809696912765503
26 0.92247360944747925 0.055342689156532288 -0.38207286596298218
27 0.91818052530288696 -0.070632569491863251 0.38981485366821289
28 0.010392576456069946 0.98766440153121948 0.15624053776264191
29 0.82522636651992798 -0.10723485797643661 0.55452877283096313
30 0.0036799437366425991 0.73640179634094238 0.67653453350067139
31 0.0080385226756334305 0.96193170547485352 0.27317178249359131
32 0.0036678670439869165 0.97129380702972412 0.23785485327243805
33 -0.83794224262237549 -0.016672993078827858 0.54550421237945557
34 0.010874575935304165 0.60865169763565063 0.79336303472518921
35 -0.377301424741745 0.92547374963760376 0.033793482929468155
36 0.0086762737482786179 0.65846794843673706 0.75255876779556274
37 -0.8033287525177002 0.0030889434274286032 0.5955277681350708
38 0.8436439037322998 -0.10083354264497757 0.52734959125518799
39 -0.76810258626937866 -0.083446383476257324 -0.63486623764038086
40 0.78406828641891479 0.022995525971055031 -0.62024849653244019
41 -0.32150426506996155 0.94659066200256348 0.024516480043530464
42 -0.018371691927313805 0.79561120271682739 0.60552901029586792
43 0.0045441901311278343 0.96285122632980347 0.26999422907829285
44 -0.26308801770210266 0.96414738893508911 0.034705847501754761
45 -0.93476927280426025 -0.071195043623447418 -0.34804841876029968
46 0.9469415545463562 0.039366487413644791 -0.31898599863052368
47 0.0016549441497772932 -0.85826355218887329 0.5132066011428833
48 0.92697745561599731 0.027665264904499054 -0.37409546971321106
49 0.92588138580322266 -0.0694146528840065 0.3713829517364502
50 -0.6552157998085022 -0.0032668695785105228 0.75543475151062012
51 0.0025815670378506184 0.8265913724899292 0.56279659271240234
52 -0.72826164960861206 -0.068055704236030579 -0.68191158771514893
53 -0.68157708644866943 0.73125737905502319 0.026747195050120354
54 -0.41944807767868042 0.90712416172027588 0.034483160823583603
55 0.98419517278671265 0.027864696457982063 -0.17488126456737518
56 -0.015322878956794739 -0.88952785730361938 0.45662391185760498
57 0.016884395852684975 -0.99576777219772339 0.090341456234455109
58 0.013137459754943848 0.93943065404891968 0.34248718619346619
59 0.84779274463653564 0.076678231358528137 -0.52475506067276001
60 0.0099123474210500717 0.72609353065490723 0.68752443790435791
61 0.00076486077159643173 0.97089439630508423 0.23950675129890442
62 0.97399473190307617 -0.049165792763233185 0.22117204964160919
63 0.98809206485748291 0.023776080459356308 -0.15201589465141296
64 0.724395751953125 0.035432219505310059 -0.68847328424453735
65 0.025531202554702759 0.23305512964725494 0.97212833166122437
66 0.0038456057664006948 0.9268607497215271 0.37538570165634155
67 0.9254920482635498 0.10150285065174103 -0.3649132251739502
68 -0.0041875122115015984 0.87587761878967285 0.48251515626907349
69 -0.39734485745429993 0.91700965166091919 0.034790892153978348
70 0.78192567825317383 0.025558112189173698 -0.62284755706787109
71 0.7853047251701355 -0.098254233598709106 0.6112632155418396
72 -0.3636898398399353 -0.92462849617004395 0.11310157924890518
73 0.010621392168104649 0.53348428010940552 0.84574329853057861
74 0.0032844252418726683 0.94362878799438477 0.33098945021629333
75 -0.67497485876083374 -0.72897171974182129 0.1140579879283905
76 0.0051779947243630886 0.96259719133377075 0.27088719606399536
77 0.50915497541427612 -0.071214422583580017 0.85772359371185303
78 -0.75780308246612549 0.65230000019073486 0.015466250479221344
79 0.013618695549666882 0.34985169768333435 0.9367060661315918
80 -0.75545591115951538 -0.63886767625808716 0.14537692070007324
81 0.0084337731823325157 0.81690317392349243 0.57671314477920532
82 -0.003282761899754405 -0.44831031560897827 0.89387202262878418
83 -0.7100180983543396 0.70356887578964233 0.029414447024464607
84 0.00010201054828939959 0.78623002767562866 0.61793392896652222
85 -0.0064716394990682602 0.91565710306167603 0.40190830826759338
86 0.79303258657455444 -0.09786522388458252 0.60126686096191406
87 -0.0047147283330559731 0.96191835403442383 0.27329620718955994
88 0.0079356813803315163 0.92436099052429199 0.3814365565776825
89 0.83940339088439941 0.019993912428617477 -0.54314112663269043
90 0.8380732536315918 -0.091516673564910889 0.53782713413238525
91 -0.56506931781768799 -0.075581908226013184 0.82157415151596069
92 -0.0086669251322746277 0.83481568098068237 0.5504612922668457
93 -0.0032909340225160122 -0.38524550199508667 0.92280828952789307
94 0.65397387742996216 0.024528510868549347 -0.75611937046051025
95 0.77887445688247681 -0.14791353046894073 0.60948854684829712
96 -0.0021054353564977646 0.78216207027435303 0.62307155132293701
97 0.70720118284225464 -0.13748876750469208 0.69351524114608765
98 0.012441162019968033 0.67147177457809448 0.74092566967010498
99 0.0063313120044767857 0.89688324928283691 0.44222214818000793
100 0.0044821500778198242 0.89291989803314209 0.45019322633743286
101 -0.76265472173690796 -0.63135635852813721 0.14052374660968781
102 0.0038073256146162748 0.93914347887039185 0.34350404143333435
103 -0.37839877605438232 -0.9181707501411438 0.11737460643053055
104 0.65244972705841064 0.024614935740828514 -0.75743222236633301
105 0.025899305939674377 0.92096775770187378 0.38877713680267334
106 0.029965871945023537 0.30193343758583069 0.95285797119140625
107 0.014409324154257774 0.60875988006591797 0.79322373867034912
108 0.007351818960160017 0.38500916957855225 0.92288351058959961
109 -0.75614213943481445 -0.65253698825836182 0.049442719668149948
110 0.018210833892226219 0.53870648145675659 0.84229671955108643
111 0.0020325041841715574 -0.83831387758255005 0.54518413543701172
112 0.50689560174942017 -0.034882571548223495 0.86130136251449585
113 0.0010062938090413809 0.73038178682327271 0.68303841352462769
114 0.72108691930770874 -0.10436645895242691 0.68493896722793579
115 0.72161144018173218 0.017631340771913528 -0.69207382202148438
116 -0.0079166507348418236 0.91374683380126953 0.40620696544647217
117 -0.0023747971281409264 0.90880918502807617 0.41720524430274963
118 0.49315264821052551 -0.016945004463195801 -0.86977773904800415
119 -0.79916119575500488 0.60020804405212402 0.033042058348655701
120 -0.96996349096298218 -0.23500235378742218 0.062807820737361908
121 -0.70958113670349121 -0.69480228424072266 0.11723645031452179
122 -0.96872115135192871 0.24721063673496246 0.021593689918518066
123 -0.7167658805847168 0.696624755859375 0.030995061621069908
124 -0.60508209466934204 0.79580771923065186 0.023787252604961395
125 0.01794736459851265 0.53966718912124634 0.84168714284896851
126 -0.96541929244995117 -0.25422194600105286 0.05776561051607132
127 -0.95422637462615967 0.29895877838134766 0.0087068947032094002
128 0.010587051510810852 0.46053978800773621 0.88757598400115967
129 -0.77884382009506226 -0.61704534292221069 0.11250503361225128
130 -0.69715893268585205 -0.70641285181045532 0.12227138131856918
131 0.020692033693194389 0.60533219575881958 0.7957039475440979
132 0.49193006753921509 -0.017491336911916733 -0.87045902013778687
133 -0.97237229347229004 -0.2267346978187561 0.055529370903968811
134 0.010147909633815289 0.67686218023300171 0.73603981733322144
135 0.41175994277000427 -0.012994810938835144 -0.91119968891143799
136 -0.91510087251663208 -0.39465019106864929 0.082714438438415527
137 -0.86388617753982544 -0.49049031734466553 0.11454233527183533
138 0.0021985648199915886 0.8952559232711792 0.44554698467254639
139 -0.68198025226593018 0.73117953538894653 0.01671539805829525
140 -0.53238976001739502 0.84635508060455322 0.015629012137651443
141 0.77149814367294312 0.049768295139074326 -0.63428211212158203
142 0.0072871777229011059 0.66589933633804321 0.74600601196289062
143 0.0016084269154816866 0.81515926122665405 0.57923465967178345
144 0.51525038480758667 -0.071868576109409332 0.85402107238769531
145 -0.99805277585983276 -0.050069283694028854 0.037199106067419052
146 -0.65257489681243896 -0.74837279319763184 0.11867706477642059
147 0.57731276750564575 0.0038735014386475086 -0.81651395559310913
148 0.010983743704855442 0.72933173179626465 0.68407213687896729
149 -0.9551963210105896 -0.29250743985176086 0.045159216970205307
150 0.75692874193191528 -0.11080539971590042 0.64403504133224487
151 0.57902300357818604 0.026291200891137123 -0.81488722562789917
152 -0.10247348994016647 -0.99135041236877441 0.081997722387313843
153 -0.55703657865524292 -0.82049459218978882 0.12844833731651306
154 -0.016746042296290398 -0.54892873764038086 0.83570140600204468
155 0.41457626223564148 -0.076265931129455566 0.90681314468383789
156 -0.57265204191207886 -0.81045329570770264 0.12343040853738785
157 -0.9928165078163147 0.11781556904315948 0.020853426307439804
158 -0.9026486873626709 0.42782115936279297 0.04684438556432724
159 0.60189908742904663 -0.087082281708717346 0.79380989074707031
160 -0.053224649280309677 -0.99637246131896973 0.066401034593582153
161 -0.93003159761428833 -0.35801497101783752 0.082864388823509216
162 -0.7234770655632019 -0.01457894966006279 0.69019454717636108
163 -0.90505272150039673 -0.41734722256660461 0.08185923844575882
164 -0.049863964319229126 0.99819642305374146 0.033429790288209915
165 -0.95739078521728516 0.28837713599205017 0.015543194487690926
166 0.0079287737607955933 0.87770569324493408 0.47913452982902527
167 -0.99224847555160522 -0.12042171508073807 0.030684899538755417
168 -0.66523534059524536 -0.73758596181869507 0.11588308215141296
169 0.13179837167263031 -0.072532109916210175 -0.98861938714981079
170 -0.55430233478546143 0.83185881376266479 0.027566498145461082
171 -0.30755668878555298 -0.063770674169063568 0.94939041137695312
172 -0.0086219944059848785 -0.64084243774414062 0.76762408018112183
173 -0.14768049120903015 -0.065012291073799133 -0.9868960976600647
174 -0.73663264513015747 -0.66688573360443115 0.1124090701341629
175 -0.50309503078460693 -0.053475227206945419 -0.86257511377334595
176 -0.82685220241546631 0.56160950660705566 0.030168626457452774
177 -0.32803845405578613 -0.01705767959356308 0.94451034069061279
178 -0.65532946586608887 -0.012800741009414196 0.75523477792739868
179 -0.72386878728866577 -0.016110299155116081 0.68974959850311279
180 -0.78730577230453491 -0.062663443386554718 -0.61337012052536011
181 -0.8882906436920166 -0.024665270000696182 0.45861899852752686
182 -0.97559159994125366 -0.033600088208913803 -0.21700704097747803
183 -0.95982491970062256 -0.037842877209186554 -0.27803602814674377
184 -0.021336492151021957 0.88494026660919189 0.46521562337875366
185 -0.026110820472240448 -0.63912421464920044 0.76866024732589722
186 -0.24659818410873413 -0.051534388214349747 -0.96774661540985107
187 -0.015545126982033253 -0.80548334121704102 0.59241461753845215
188 0.0059741544537246227 0.97395318746566772 0.22667042911052704
189 0.39660143852233887 -0.032431367784738541 -0.91741788387298584
190 0.012090327218174934 0.60448682308197021 0.79652345180511475
191 -0.85416567325592041 -0.51096844673156738 0.096500121057033539
192 -0.0077034519053995609 -0.53290921449661255 0.84613734483718872
193 -0.24185062944889069 -0.79996711015701294 0.54914569854736328
194 -0.019563185051083565 -0.68192523717880249 0.73116028308868408
195 0.40141016244888306 -0.032647978514432907 -0.91531634330749512
196 -0.89433586597442627 -0.44062602519989014 0.077537722885608673
197 -0.99867016077041626 0.047168001532554626 0.020814104005694389
198 -0.41479197144508362 -0.024777628481388092 0.90957885980606079
199 -0.68942868709564209 -0.072119958698749542 -0.72075438499450684
200 -0.80447190999984741 0.59336894750595093 0.027170557528734207
201 -0.45672652125358582 -0.88533270359039307 0.087102591991424561
202 -0.86163854598999023 -0.50474029779434204 0.053069431334733963
203 -0.91214627027511597 0.40904083847999573 0.025977520272135735
204 0.0022662498522549868 -0.8705098032951355 0.492145836353302
205 0.13568317890167236 -0.030436689034104347 0.99028468132019043
206 0.013602175749838352 -0.97125190496444702 0.2376650869846344
207 -8.8453372882213444e-05 -0.79057604074478149 0.61236387491226196
208 -0.88383400440216064 -0.46240672469139099 0.070834234356880188
209 2.290187512699049e-05 -0.9181513786315918 0.39622983336448669
210 -0.74777251482009888 -0.66229015588760376 0.046989340335130692
211 0.030509479343891144 -0.88641208410263062 0.4618905782699585
212 -0.042829275131225586 -0.67656946182250977 0.73513233661651611
213 0.81093394756317139 0.097249336540699005 -0.57699984312057495
214 0.0097205648198723793 -0.76359051465988159 0.64562761783599854
215 -0.0054941917769610882 -0.53638625144958496 0.84395480155944824
216 -0.81400012969970703 -0.57386165857315063 0.089925944805145264
217 0.0066024675033986568 -0.84599745273590088 0.53314614295959473
218 -0.97543710470199585 0.21953451633453369 0.018084600567817688
219 -0.031724303960800171 -0.82248008251190186 0.5679086446762085
220 -0.20305058360099792 -0.83275747299194336 0.51505863666534424
221 -0.82616925239562988 -0.55583614110946655 0.092144109308719635
222 -0.74847346544265747 -0.6538664698600769 0.11066188663244247
223 -0.54680275917053223 0.83696877956390381 0.022138491272926331
224 -0.83397340774536133 0.54943585395812988 0.051075797528028488
225 -0.0454532690346241 -0.87939727306365967 0.47391405701637268
226 -0.69750362634658813 0.71658110618591309 0.00045000409591011703
227 0.013668774627149105 -0.68917214870452881 0.72446870803833008
228 -0.50556057691574097 -0.85424107313156128 0.12116448581218719
229 -0.92364239692687988 0.38215011358261108 0.029087338596582413
230 -0.78285467624664307 0.6208503246307373 0.041029684245586395
231 -0.26972436904907227 -0.49641740322113037 0.82511729001998901
232 0.032963193953037262 -0.60675090551376343 0.79420828819274902
233 -0.056271430104970932 -0.78066998720169067 0.62240499258041382
234 -0.62640559673309326 -0.76620149612426758 0.14335708320140839
235 -0.76382112503051758 0.64465707540512085 0.031535785645246506
236 -0.15383844077587128 -0.43470051884651184 0.88733828067779541
237 0.054748259484767914 -0.78331178426742554 0.61921346187591553
238 0.32890203595161438 -0.064476616680622101 0.94216042757034302
239 -0.013214467093348503 -0.67288070917129517 0.73963296413421631
240 -0.24232037365436554 -0.055398419499397278 -0.9686133861541748
241 -0.70136445760726929 0.71274739503860474 0.0088979536667466164
242 -0.78584730625152588 -0.021028561517596245 0.61806303262710571
243 -0.995414137840271 -0.01824832521378994 -0.093902327120304108
244 -0.69304454326629639 -0.71329605579376221 0.10439362376928329
245 -0.22761134803295135 -0.041119925677776337 0.97288346290588379
246 -0.84783756732940674 0.52921861410140991 0.033154189586639404
247 -0.0025507395621389151 0.46812081336975098 0.88366085290908813
248 -0.79331731796264648 -0.59924131631851196 0.107506163418293
249 0.69613319635391235 -0.14430154860019684 0.70326077938079834
250 -0.78418856859207153 0.61994445323944092 0.026780469343066216
251 -0.10780338943004608 0.99363178014755249 0.032777998596429825
252 0.23528943955898285 -0.060618273913860321 0.97003316879272461
253 0.002425655722618103 -0.20111723244190216 0.97956418991088867
254 -0.84331578016281128 -0.52826577425003052 0.098761096596717834
255 -0.86362594366073608 0.50318866968154907 0.030845163390040398
256 0.3218960165977478 -0.014595996588468552 -0.9466625452041626
257 0.74899202585220337 -0.11276246607303619 0.65291315317153931
258 -0.49397152662277222 0.86881041526794434 0.034067206084728241
259 0.2312278151512146 -0.029719287529587746 -0.97244560718536377
260 -0.911052405834198 0.41129741072654724 0.028600241988897324
261 -0.33102443814277649 -0.048040982335805893 -0.94239848852157593
262 -0.92545580863952637 0.37764468789100647 0.030266176909208298
263 0.017872437834739685 0.36946877837181091 0.92907130718231201
264 -0.14280715584754944 -0.032144587486982346 0.98922842741012573
265 -0.48503530025482178 0.87395167350769043 0.030809395015239716
266 0.0095065543428063393 0.76063436269760132 0.64911097288131714
267 -0.0032798289321362972 0.93321555852890015 0.35930204391479492
268 0.72524744272232056 0.033667124807834625 -0.68766474723815918
269 -0.23273827135562897 -0.039776895195245743 0.97172564268112183
270 0.019684083759784698 0.6966361403465271 0.71715456247329712
271 0.011865703389048576 0.67068034410476685 0.74165159463882446
272 0.0036945240572094917 0.97308212518692017 0.23042911291122437
273 0.021240685135126114 0.60206681489944458 0.79816317558288574
274 -0.38997012376785278 0.9201209545135498 0.036066390573978424
275 -0.79373300075531006 -0.60304462909698486 0.079531110823154449
276 -0.4136214554309845 -0.022998558357357979 0.91015845537185669
277 -0.41419133543968201 -0.041543800383806229 -0.90924125909805298
278 0.31949552893638611 -0.014465354382991791 -0.94747740030288696
279 -0.89939099550247192 0.43657216429710388 0.022376429289579391
280 0.012258661910891533 0.40197861194610596 0.91556704044342041
281 0.036872897297143936 -0.80806958675384521 0.58793199062347412
282 -0.84026455879211426 0.54117929935455322 0.032869212329387665
283 0.007534900214523077 0.62641185522079468 0.77945578098297119
284 -0.83985269069671631 -0.02071971632540226 0.54241889715194702
285 0.03172992542386055 -0.35006618499755859 0.93618744611740112
286 -0.010975145734846592 0.84504491090774536 0.53458273410797119
287 -0.0038768805097788572 -0.44523075222969055 0.89540755748748779
288 -0.78179198503494263 -0.61904209852218628 0.074754059314727783
289 -0.76199698448181152 -0.084772989153862 -0.64200800657272339
290 -0.66211718320846558 0.74878513813018799 0.03035924956202507
291 -0.72835922241210938 0.047335881739854813 0.68355852365493774
292 -0.49370288848876953 -0.04297444224357605 0.86856818199157715
293 0.0092779509723186493 -0.2698790431022644 0.96284955739974976
294 -0.010015371255576611 0.48422601819038391 0.8748856782913208
295 -0.27238467335700989 0.9619019627571106 0.023478822782635689
296 0.59961402416229248 -0.085862442851066589 0.79566997289657593
297 -0.07128462940454483 -0.3326033353805542 0.94036883115768433
298 -0.01814202219247818 -0.41024580597877502 0.91179454326629639
299 -0.045079592615365982 0.39932453632354736 0.91570073366165161
300 -0.21809446811676025 0.97551214694976807 0.028476769104599953
301 0.0087274443358182907 0.82586270570755005 0.56380379199981689
302 -0.019959811121225357 0.55550390481948853 0.83127439022064209
303 -0.5402495265007019 -0.83185535669326782 0.12707148492336273
304 -0.61686050891876221 -0.7728690505027771 0.14885075390338898
305 0.66748046875 -0.10465493053197861 0.73723620176315308
306 -0.58300375938415527 -0.008106679655611515 0.81242901086807251
307 -0.57642310857772827 -0.047437500208616257 -0.8157733678817749
308 -0.72619336843490601 -0.068109691143035889 -0.68410837650299072
309 -0.034755662083625793 -0.54317659139633179 0.83889883756637573
310 0.011792996898293495 0.87086385488510132 0.49138280749320984
311 -0.68308353424072266 -0.077813401818275452 -0.72618317604064941
312 0.010944951325654984 -0.27844911813735962 0.96038860082626343
313 0.58277851343154907 0.024176554754376411 -0.8122713565826416
314 -0.61812841892242432 -0.77732032537460327 0.1170063242316246
315 -0.60562050342559814 -0.78706347942352295 0.11728105694055557
316 -0.68923074007034302 0.7242390513420105 0.020949078723788261
317 -0.50126588344573975 -0.0047641322016716003 0.86528021097183228
318 -0.32173538208007812 -0.031572777777910233 -0.94630306959152222
319 0.03061157651245594 0.80379956960678101 0.5941120982170105
320 -0.81822013854980469 -0.56140553951263428 0.12385296821594238
321 -0.63104313611984253 0.77527898550033569 0.026966214179992676
322 0.013810860924422741 0.71274328231811523 0.70128911733627319
323 0.0099518978968262672 0.39747247099876404 0.9175601601600647
324 -0.86604887247085571 0.49854829907417297 0.037536080926656723
325 0.57831591367721558 -0.090018339455127716 0.81083136796951294
326 0.01831953227519989 0.79650461673736572 0.6043548583984375
327 -0.52227431535720825 -0.84463208913803101 0.11758513748645782
328 0.019289331510663033 0.88742560148239136 0.46054723858833313
329 -0.021997194737195969 -0.50536733865737915 0.86262392997741699
330 1.9837296349578537e-05 -0.74067485332489014 0.67186367511749268
331 -0.95937985181808472 -0.01240390632301569 0.2818448543548584
332 0.46401116251945496 -0.06285133957862854 -0.88359683752059937
333 -0.0047394637949764729 -0.91926819086074829 0.39360329508781433
334 -0.70550072193145752 -0.70083338022232056 0.10536308586597443
335 0.015171218663454056 0.72433561086654663 0.68928068876266479
336 -0.01180516742169857 -0.60390621423721313 0.79696798324584961
337 -0.010802966542541981 -0.50313383340835571 0.86414098739624023
338 -0.2217160165309906 -0.9711153507232666 0.088187552988529205
339 0.042312037199735641 -0.86602592468261719 0.49820566177368164
340 -0.099808625876903534 0.49932920932769775 0.86064428091049194
341 -0.43250182271003723 0.90121716260910034 0.027380995452404022
342 -0.41691094636917114 -0.90317338705062866 0.1022893413901329
343 0.00085749081335961819 -0.74904054403305054 0.66252356767654419
344 -0.57889407873153687 -0.0076503371819853783 0.81536686420440674
345 -0.86664950847625732 -0.47824555635452271 0.14212609827518463
346 0.054696075618267059 0.77374738454818726 0.63112866878509521
347 0.89854347705841064 0.12453298270702362 -0.42084583640098572
348 -0.8796195387840271 0.4747140109539032 0.030267706140875816
349 -0.65697664022445679 -0.062064677476882935 -0.75135189294815063
350 0.036374796181917191 0.12157320976257324 0.99191576242446899
351 -0.9955030083656311 -0.085884958505630493 0.039969101548194885
352 -0.82466483116149902 -0.10726150125265121 -0.5553584098815918
353 -0.93003290891647339 -0.045102450996637344 -0.36469802260398865
354 -0.84028571844100952 -0.057659097015857697 -0.53906905651092529
355 -0.61810600757598877 0.78574353456497192 0.023497721180319786
356 0.036976665258407593 0.7822527289390564 0.62186282873153687
357 -0.28960031270980835 -0.95407086610794067 0.076684407889842987
358 0.012209482491016388 0.73777282238006592 0.67493867874145508
359 -0.37849190831184387 0.92487168312072754 0.036828696727752686
360 -0.88709384202957153 0.46112591028213501 0.020675815641880035
361 0.003388172946870327 -0.21192722022533417 0.97727960348129272
362 -0.39026108384132385 -0.91467779874801636 0.10517071932554245
363 0.0060913865454494953 -0.68212729692459106 0.73120808601379395
364 -0.94889771938323975 0.31405377388000488 0.031038276851177216
365 -0.42076212167739868 -0.038720183074474335 -0.90634429454803467
366 -0.74579054117202759 0.033817552030086517 0.66532164812088013
367 -0.25045439600944519 -0.96352565288543701 0.094291836023330688
368 0.66399961709976196 -0.10467458516359329 0.74037003517150879
369 -0.93607372045516968 0.35078734159469604 0.026725465431809425
370 0.0073707611300051212 0.67072540521621704 0.7416691780090332
371 0.057234346866607666 0.88365352153778076 0.46462962031364441
372 -0.66143637895584106 -0.0057712523266673088 0.74997913837432861
373 0.67202281951904297 0.060942661017179489 -0.73801851272583008
374 0.017569400370121002 0.81309050321578979 0.58187216520309448
375 0.034978080540895462 0.86228340864181519 0.50521671772003174
376 -0.88082408905029297 -0.46137762069702148 0.10620590299367905
377 -0.86595845222473145 -0.079201675951480865 -0.49380472302436829
378 -0.92340826988220215 -0.0074257561936974525 0.38374748826026917
379 0.038155026733875275 0.15705554187297821 0.98685252666473389
380 0.031556852161884308 0.51427364349365234 0.85704541206359863
381 -0.6768074631690979 0.73546254634857178 0.03203992173075676
382 -0.83449250459671021 0.54991507530212402 0.034866899251937866
383 -0.81852304935455322 -0.53626048564910889 0.20602115988731384
384 -0.35102665424346924 -0.93027740716934204 0.10660360753536224
385 0.024180129170417786 0.29613521695137024 0.95483994483947754
386 0.017774071544408798 -0.94040393829345703 0.33959463238716125
387 -0.77429908514022827 0.63219553232192993 0.028103480115532875
388 -0.58098328113555908 -0.04545457661151886 -0.8126453161239624
389 0.0065664160065352917 0.88364887237548828 0.46810418367385864
390 0.0029530206229537725 0.32226371765136719 0.94664537906646729
391 -0.0029716503340750933 0.87133955955505371 0.49067157506942749
392 0.43482628464698792 -0.047860294580459595 0.89924162626266479
393 -0.20068095624446869 0.97938203811645508 0.023196328431367874
394 0.0081623559817671776 -0.12305566668510437 0.99236619472503662
395 -0.53562378883361816 0.84391969442367554 0.030113466084003448
396 0.038140639662742615 0.13165794312953949 0.99056118726730347
397 -0.0010700098937377334 -0.77797669172286987 0.6282922625541687
398 -0.26028084754943848 -0.96151131391525269 0.088034138083457947
399 0.23686085641384125 -0.85415852069854736 0.46293655037879944
400 -0.64103567600250244 -0.75949639081954956 0.11062803119421005
401 -0.57878845930099487 0.81546652317047119 0.0042695761658251286
402 -0.54465639591217041 -0.82905107736587524 0.1265847384929657
403 -0.64488136768341064 -0.75626695156097412 0.11040060967206955
404 -0.96773248910903931 0.25123199820518494 0.019399812445044518
405 0.01024927943944931 0.45663726329803467 0.88959401845932007
406 -0.89241713285446167 -0.434957355260849 0.12001559138298035
407 -0.64734768867492676 0.76141786575317383 0.034406282007694244
408 -0.88890254497528076 -0.050923019647598267 -0.45525723695755005
409 -0.014049218967556953 -0.52003747224807739 0.85402798652648926
410 0.14340142905712128 -0.90998917818069458 0.38904476165771484
411 -0.026888111606240273 0.57290226221084595 0.81918257474899292
412 0.8690376877784729 0.17657457292079926 -0.46216338872909546
413 0.33422002196311951 -0.064380735158920288 0.94029366970062256
414 -0.977897047996521 -0.042882919311523438 -0.20464254915714264
415 0.0041990885511040688 0.96580886840820312 0.25922119617462158
416 -0.98202061653137207 0.18820032477378845 0.01470556203275919
417 -0.44016352295875549 0.89779603481292725 0.014779310673475266
418 -0.6234668493270874 -0.03367561474442482 -0.78112423419952393
419 -0.79705870151519775 0.60307461023330688 0.031599972397089005
420 0.017869908362627029 -0.96078234910964966 0.27672716975212097
421 0.0018778926460072398 0.69104695320129395 0.72280752658843994
422 -0.20160214602947235 -0.97556912899017334 0.087301261723041534
423 -0.81982213258743286 -0.078612938523292542 -0.56719636917114258
424 -0.027623537927865982 -0.90468055009841919 0.42519429326057434
425 -0.92283880710601807 -0.37572190165519714 0.084862180054187775
426 -0.02042623795568943 -0.22273391485214233 0.97466528415679932
427 -0.9766274094581604 -0.0059051117859780788 0.21485814452171326
428 0.7436225414276123 0.069882094860076904 -0.66493767499923706
429 -0.0042720097117125988 -0.72545468807220459 0.68825674057006836
430 -0.52820342779159546 -0.8301311731338501 0.17855936288833618
431 -0.97682428359985352 -0.20646333694458008 0.056456282734870911
432 -0.39250087738037109 -0.9122881293296814 0.1169334352016449
433 -0.61966925859451294 -0.034897282719612122 -0.78408694267272949
434 0.02778933010995388 0.26222479343414307 0.9646066427230835
435 0.00023328042880166322 -0.93484324216842651 0.35506066679954529
436 -0.86341279745101929 0.047849532216787338 0.5022239089012146
437 0.028570117428898811 0.22808639705181122 0.97322165966033936
438 -0.0080564878880977631 -0.96340477466583252 0.26792973279953003
439 -0.38657599687576294 0.92128282785415649 0.042390726506710052
440 -0.51909691095352173 0.85402184724807739 0.034424632787704468
441 0.43440937995910645 -0.049854658544063568 0.89933478832244873
442 -0.93961131572723389 -0.32911723852157593 0.093874111771583557
443 -0.52364128828048706 0.0043698623776435852 -0.85192769765853882
444 -0.012635620310902596 -0.54535424709320068 0.83811044692993164
445 -0.47943297028541565 -0.86984354257583618 0.11625918745994568
446 -0.32588323950767517 -0.93973362445831299 0.10344479233026505
447 -0.0034008857328444719 -0.37709122896194458 0.92616987228393555
448 0.0094226812943816185 0.76117455959320068 0.64847868680953979
449 -0.01250490453094244 -0.64443391561508179 0.76455783843994141
450 0.01118922047317028 0.81400495767593384 0.5807502269744873
451 0.0046853483654558659 0.97769099473953247 0.20999628305435181
452 0.0069463616237044334 0.84134286642074585 0.54045712947845459
453 -0.79840272665023804 -0.58693158626556396 0.13440430164337158
454 -0.87315356731414795 -0.47762295603752136 0.097361326217651367
455 -0.010520795360207558 -0.37790453433990479 0.92578482627868652
456 -0.52240514755249023 0.85213810205459595 0.030880438163876534
457 0.050484485924243927 0.21311447024345398 0.97572207450866699
458 -0.0062933801673352718 -0.43333196640014648 0.90121245384216309
459 -0.56840270757675171 0.82222616672515869 0.029368378221988678
460 0.9907187819480896 0.022678380832076073 -0.13402253389358521
461 0.029080664739012718 -0.91379952430725098 0.40512314438819885
462 0.64864146709442139 0.078037925064563751 -0.75708281993865967
463 -0.95739585161209106 0.0067517170682549477 0.28869989514350891
464 0.0099651413038372993 -0.97223562002182007 0.23379173874855042
465 -0.47452932596206665 -0.019461512565612793 -0.88002455234527588
466 0.0030617911834269762 0.93988502025604248 0.34147742390632629
467 -0.002533505205065012 0.93375188112258911 0.35791197419166565
468 0.98982405662536621 -0.038586419075727463 0.13696512579917908
469 -0.73307663202285767 0.67959612607955933 0.027346912771463394
470 -0.75938695669174194 0.65002226829528809 0.028329763561487198
471 -0.84683144092559814 -0.068799041211605072 -0.5273929238319397
472 0.01596718467772007 0.49388119578361511 0.86938279867172241
473 -0.25664246082305908 0.96609205007553101 0.028300030156970024
474 -0.012664977461099625 -0.59987545013427734 0.79999321699142456
475 0.00696517713367939 0.68132567405700684 0.73194736242294312
476 0.00060135487001389265 -0.27111178636550903 0.96254771947860718
477 -0.94140970706939697 -0.32785877585411072 0.079097352921962738
478 -0.65507495403289795 0.75490826368331909 0.031469237059354782
479 -0.82185709476470947 0.56896340847015381 0.028837859630584717
480 -0.47359922528266907 -0.87309366464614868 0.11580681055784225
481 -0.49031981825828552 -0.044927250593900681 0.8703838586807251
482 0.088164098560810089 -0.94909274578094482 0.30240720510482788
483 -0.47388330101966858 -0.024953233078122139 -0.8802340030670166
484 -0.38031485676765442 -0.91839456558227539 0.10914246737957001
485 -0.88539516925811768 0.010630832053720951 0.46471759676933289
486 -0.7481505274772644 0.6626821756362915 0.033513545989990234
487 -0.0015499206492677331 -0.29048514366149902 0.95687830448150635
488 -0.55620074272155762 0.83058786392211914 0.027651362121105194
489 -0.010446532629430294 -0.66989731788635254 0.74238032102584839
490 -0.91759270429611206 0.029991870746016502 0.3963889479637146
491 0.012531897984445095 0.98842823505401611 0.1511705219745636
492 -0.86594611406326294 -0.07864806056022644 -0.4939149022102356
493 -0.47963568568229675 -0.86446446180343628 0.15050181746482849
494 -0.97018367052078247 -0.0019811587408185005 0.24236296117305756
495 -0.47855597734451294 -0.86464178562164307 0.1529010534286499
496 -0.92504614591598511 -0.0061755119822919369 0.37980446219444275
497 -0.92423915863037109 -0.37128344178199768 0.089054271578788757
498 0.0048116361722350121 0.95390200614929199 0.3000798225402832
499 0.0080587761476635933 -0.96833682060241699 0.24951735138893127
500 0.98851555585861206 -0.039255827665328979 0.14593130350112915
501 -0.99572420120239258 -0.0035666220355778933 0.092307060956954956
502 -0.00099544273689389229 0.99445027112960815 0.10520295798778534
503 -0.015789046883583069 0 0.99987536668777466
504 -0.014883603900671005 0 0.99988925457000732
505 -0.015204737894237041 0 0.99988442659378052
506 -0.015090259723365307 0 0.999886155128479
507 -0.014905639924108982 0 0.99988889694213867
508 -0.014863620512187481 -0 0.9998895525932312
509 -0.015666946768760681 0 0.99987727403640747
510 -0.015639077872037888 -0 0.99987775087356567
511 0 0.0021859726402908564 0.99999761581420898
512 0 0.0025311305653303862 0.9999968409538269
513 0 0.0018985280767083168 0.99999821186065674
514 0 0.002425790298730135 0.99999707937240601
515 0 0.0012378947576507926 0.99999922513961792
516 0 0.0016579778166487813 0.99999862909317017
517 0 0.0013108125422149897 0.99999916553497314
518 0 0.0016936686588451266 0.99999856948852539
519 0 0.001891362713649869 0.99999821186065674
520 -0.0068470146507024765 0.99997657537460327 -0
521 -0.0067130383104085922 0.9999774694442749 0
522 -0.00678237434476614 0.9999769926071167 0
523 -0.0066322488710284233 0.99997800588607788 0
524 -0.0018085697665810585 0 -0.99999839067459106
525 -0.0023246598429977894 0 -0.99999731779098511
526 -0.0021765255369246006 0 -0.99999767541885376
527 -0.0021294308826327324 0 -0.99999773502349854
528 -0.0019002711633220315 0 -0.99999821186065674
529 -0.001744599430821836 0 -0.99999850988388062
530 -0.0016986755654215813 0 -0.99999856948852539
531 -0.0018691718578338623 0 -0.99999827146530151
532 0 0.013232960365712643 -0.99991244077682495
533 0 0.012976756319403648 -0.99991583824157715
534 0 0.012965705245733261 -0.9999159574508667
535 0 0.013064420782029629 -0.99991464614868164
536 0 0.013121627271175385 -0.99991393089294434
537 0 0.013183406554162502 -0.99991309642791748
538 0 0.013077443465590477 -0.99991452693939209
539 0 0.013078507967293262 -0.99991446733474731
540 0 0.013033406808972359 -0.99991506338119507
541 0.90682137012481689 -0.052391916513442993 -0.41824644804000854
542 -0.067267544567584991 0.55404013395309448 -0.82976782321929932
543 0.9455675482749939 0.32541826367378235 -0.0022284968290477991
544 -0.66256165504455566 -0.00026592568610794842 0.74900734424591064
545 -0.025635514408349991 0.98460608720779419 -0.17289797961711884
546 0.91516345739364624 0.40273472666740417 0.016750246286392212
547 -0.026123588904738426 0.983722984790802 -0.17778263986110687
548 -0.068335011601448059 0.55456072092056274 -0.82933270931243896
549 -0.95988500118255615 -0.014179402962327003 0.2800351083278656
550 0.36342254281044006 -0.91807383298873901 0.15831787884235382
551 0.98044890165328979 -0.036245532333850861 0.19340689480304718
552 0.80975013971328735 0.586753249168396 0.0050364546477794647
553 -0.5994410514831543 0.021478870883584023 0.80013060569763184
554 0.43608027696609497 -0.8949512243270874 0.09431997686624527
555 0.77984941005706787 0.62551659345626831 0.023748144507408142
556 -0.037459902465343475 0.93160629272460938 -0.36153349280357361
557 -0.24692524969577789 -0.018950246274471283 0.96884924173355103
558 0.98088335990905762 0.013648147694766521 -0.19411757588386536
559 -0.57770150899887085 -0.057440098375082016 -0.81422460079193115
560 0.88485842943191528 -0.06734100729227066 -0.46096718311309814
561 -0.022862818092107773 -0.31432631611824036 -0.94903963804244995
562 0.95637208223342896 -0.034372802823781967 0.290122389793396
563 -0.097798079252243042 0.81089764833450317 -0.57695800065994263
564 -0.96546065807342529 -0.018968479707837105 0.25985759496688843
565 0.3869689404964447 -0.91846394538879395 0.081726051867008209
566 0.98784410953521729 0.0061197145842015743 -0.15532752871513367
567 0.91243648529052734 -0.04504646360874176 0.40673157572746277
568 0.9153028130531311 -0.044614814221858978 -0.40028777718544006
569 0.95017564296722412 -0.041255239397287369 0.30897307395935059
570 0.83983892202377319 0.54277849197387695 -0.0078838327899575233
571 -0.99525439739227295 -0.01526541355997324 -0.096102088689804077
572 -0.99550306797027588 -0.0026167198084294796 0.094693489372730255
573 -0.019924506545066833 0.98711341619491577 -0.15877743065357208
574 -0.010446866974234581 -0.27103134989738464 -0.96251386404037476
575 -0.72316634654998779 -0.027829013764858246 0.69011306762695312
576 0.27704724669456482 0.9604184627532959 0.029004460200667381
577 -0.91864567995071411 -0.037050515413284302 -0.39334136247634888
578 -0.037030216306447983 0.92508333921432495 -0.37795454263687134
579 -0.92359292507171631 -0.039607476443052292 -0.38132336735725403
580 -0.32526701688766479 -0.04771587997674942 -0.94441759586334229
581 0.47934481501579285 0.02481519989669323 -0.87727582454681396
582 -0.55105245113372803 0.09734141081571579 0.82877373695373535
583 0.42787539958953857 -0.90081787109375 0.073823541402816772
584 -0.028842190280556679 0.97204768657684326 -0.233005091547966
585 -0.79049640893936157 -0.089935511350631714 -0.60582762956619263
586 0.87298959493637085 -0.068265020847320557 0.4829380214214325
587 -0.014331892132759094 -0.23074215650558472 -0.97290939092636108
588 -0.01250041089951992 -0.95445787906646729 -0.29808381199836731
589 -0.016900485381484032 -0.25314682722091675 -0.96728026866912842
590 -0.012394913472235203 -0.95575940608978271 -0.29388836026191711
591 -0.55311167240142822 -0.050751533359289169 -0.83155989646911621
592 0.70755624771118164 -0.13218593597412109 0.6941838264465332
593 0.86454832553863525 0.022420575842261314 -0.50204926729202271
594 -0.66130375862121582 -0.065921299159526825 -0.74721604585647583
595 -0.026859819889068604 -0.3316383957862854 -0.9430241584777832
596 0.87285727262496948 0.48794740438461304 -0.0052582467906177044
597 0.87581586837768555 0.024054106324911118 -0.48204568028450012
598 -0.75090742111206055 -0.11470048874616623 -0.65037059783935547
599 -0.042314067482948303 0.87602996826171875 -0.4803968071937561
600 0.93968880176544189 0.0069232895039021969 -0.34196057915687561
601 0.69067096710205078 0.72260034084320068 -0.028677469119429588
602 -0.24069184064865112 -0.071035534143447876 -0.9679986834526062
603 0.95502066612243652 0.0089292982593178749 -0.29640474915504456
604 0.92571300268173218 0.026479447260499001 -0.37729868292808533
605 -0.04350782185792923 0.85983067750930786 -0.50872224569320679
606 0.96783101558685303 0.25045844912528992 -0.023952806368470192
607 -0.049950163811445236 0.77113759517669678 -0.63470613956451416
608 -0.15458230674266815 0.85693895816802979 -0.49169096350669861
609 -0.026638967916369438 0.96337050199508667 -0.26684775948524475
610 0.46307170391082764 -0.85805845260620117 0.2220367044210434
611 -0.030319908633828163 0.93269693851470947 -0.35938456654548645
612 -0.037683799862861633 0.95641601085662842 -0.28956592082977295
613 0.64037734270095825 -0.097892627120018005 0.76179659366607666
614 0.94251251220703125 -0.03543587401509285 0.33228683471679688
615 0.87704068422317505 -0.070132121443748474 0.47526955604553223
616 0.72192811965942383 -0.14253212511539459 0.67712956666946411
617 -0.052982382476329803 0.74734991788864136 -0.66231489181518555
618 -0.78743094205856323 -0.021801218390464783 0.61601722240447998
619 -0.039926394820213318 0.71561264991760254 -0.69735532999038696
620 -0.046247441321611404 0.93308985233306885 -0.35665750503540039
621 0.5624542236328125 -0.81618750095367432 0.13222421705722809
622 -0.020182622596621513 0.9576994776725769 -0.28706169128417969
623 -0.10041360557079315 0.60736817121505737 -0.78804886341094971
624 -0.049837648868560791 0.86205899715423584 -0.50435155630111694
625 0.38294729590415955 -0.92101645469665527 0.071274764835834503
626 0.9118000864982605 -0.041158445179462433 0.40856656432151794
627 0.77807193994522095 0.022278871387243271 -0.62778002023696899
628 -0.72247451543807983 -0.029260272160172462 0.69077813625335693
629 -0.040153220295906067 0.69455879926681519 -0.718314528465271
630 0.90761810541152954 0.41956019401550293 0.014091871678829193
631 -0.045446421951055527 0.81627631187438965 -0.57587122917175293
632 0.82049262523651123 -0.086659125983715057 0.56505054235458374
633 -0.041314270347356796 0.77684414386749268 -0.62833625078201294
634 -0.055264417082071304 0.79375630617141724 -0.60572004318237305
635 0.92283761501312256 -0.070795975625514984 0.37862730026245117
636 -0.92450147867202759 -0.029091693460941315 0.38006669282913208
637 -0.051350526511669159 0.92340767383575439 -0.38037016987800598
638 0.632377028465271 -0.098242200911045074 0.76840603351593018
639 -0.046847119927406311 0.69647777080535889 -0.71604752540588379
640 -0.3983536958694458 -0.047142013907432556 -0.91601967811584473
641 0.83276826143264771 -0.090911664068698883 0.54610633850097656
642 0.98397719860076904 0.012779983691871166 0.1778358668088913
643 0.44224467873573303 0.87779229879379272 0.18412066996097565
644 -0.042918555438518524 0.58706408739089966 -0.80840194225311279
645 -0.035978477448225021 0.95018750429153442 -0.30959540605545044
646 -0.034828361123800278 0.92148745059967041 -0.38684353232383728
647 -0.014124936424195766 0.90910857915878296 -0.41631975769996643
648 -0.03913566842675209 0.45844185352325439 -0.88786232471466064
649 0.88907545804977417 0.45685023069381714 0.028855916112661362
650 0.81419521570205688 -0.080927014350891113 0.57492351531982422
651 -0.029273735359311104 0.96950572729110718 -0.2433139830827713
652 -0.29359680414199829 -0.0064599704928696156 0.95590758323669434
653 -0.019022708758711815 0.36189338564872742 -0.93202537298202515
654 -0.032740116119384766 0.50404542684555054 -0.86305636167526245
655 -0.83203005790710449 -0.055714894086122513 -0.5519256591796875
656 0.0192247424274683 0.29789912700653076 -0.95440375804901123
657 0.92321252822875977 0.38423141837120056 0.0067005539312958717
658 -0.064194351434707642 0.88819563388824463 -0.45495885610580444
659 -0.042075645178556442 0.6230396032333374 -0.78105777502059937
660 -0.038308233022689819 0.93478435277938843 -0.35314413905143738
661 -0.040468212217092514 0.72786909341812134 -0.68452095985412598
662 -0.039758346974849701 0.62543261051177979 -0.77926468849182129
663 0.83665931224822998 0.01587519608438015 -0.547493577003479
664 -0.016164278611540794 -0.85890233516693115 -0.51188433170318604
665 -0.00048064038855955005 0.15734928846359253 -0.98754292726516724
666 0.95652145147323608 0.29134258627891541 0.013646148145198822
667 -0.83691281080245972 -0.036814097315073013 0.54609686136245728
668 -0.039364445954561234 0.73105210065841675 -0.68118518590927124
669 0.75649821758270264 -0.65147119760513306 0.057409316301345825
670 -0.046533435583114624 0.71739113330841064 -0.69511491060256958
671 -0.020567947998642921 0.23600557446479797 -0.97153401374816895
672 -0.030547721311450005 0.50058925151824951 -0.86514580249786377
673 -0.4325205385684967 -0.0010838214075192809 0.9016234278678894
674 -0.04186408594250679 0.79706132411956787 -0.60244560241699219
675 -0.080968953669071198 0.83163130283355713 -0.54939371347427368
676 0.73169291019439697 0.6812853217124939 0.021812932565808296
677 0.74089634418487549 0.67146563529968262 0.014372977428138256
678 0.91726857423782349 0.39820230007171631 0.0073048956692218781
679 0.96996414661407471 -0.23834507167339325 -0.048593331128358841
680 0.8307342529296875 0.55623513460159302 0.021980034187436104
681 0.82562547922134399 -0.56220149993896484 0.047666780650615692
682 0.98832708597183228 0.010456562973558903 0.15198789536952972
683 -0.49253478646278381 0.054137323051691055 0.8686072826385498
684 -0.034660167992115021 0.6892845630645752 -0.72366124391555786
685 0.6265711784362793 -0.1339896023273468 0.76776003837585449
686 -0.016061466187238693 0.17961175739765167 -0.98360645771026611
687 -0.02802594006061554 0.49935445189476013 -0.86594432592391968
688 0.7837948203086853 -0.61881005764007568 0.052344050258398056
689 -0.045746073126792908 0.80948662757873535 -0.5853535532951355
690 0.93948602676391602 -0.3287447988986969 -0.096399761736392975
691 -0.015316366218030453 0.21905694901943207 -0.97559189796447754
692 -0.050270579755306244 0.58565670251846313 -0.80899888277053833
693 0.9744875431060791 0.22433915734291077 -0.006777061615139246
694 -0.044610802084207535 -0.44201579689979553 -0.89589732885360718
695 0.97729259729385376 0.21181519329547882 -0.0057951700873672962
696 0.87775790691375732 0.47888007760047913 0.0146600641310215
697 0.83645772933959961 0.54763233661651611 0.020912671461701393
698 -0.031741548329591751 -0.61179035902023315 -0.79038292169570923
699 -0.016239259392023087 -0.69650793075561523 -0.7173653244972229
700 -0.037607245147228241 0.72850286960601807 -0.68400973081588745
701 -0.02454105019569397 0.98778235912322998 -0.15389558672904968
702 -0.0086798751726746559 -0.25154194235801697 -0.96780747175216675
703 0.84206479787826538 -0.53536546230316162 0.0656571164727211
704 -0.058220025151968002 -0.52982360124588013 -0.84610724449157715
705 0.74390655755996704 -0.66484576463699341 0.06769900768995285
706 0.77888405323028564 0.020618146285414696 -0.62682902812957764
707 -0.023985197767615318 0.32120451331138611 -0.94670605659484863
708 -0.044260922819375992 0.62264811992645264 -0.78124916553497314
709 -0.32975795865058899 -0.01584794744849205 0.94393253326416016
710 -0.65649360418319702 -0.012985648587346077 0.75421983003616333
711 0.050742674618959427 0.99831825494766235 0.028034426271915436
712 0.23432064056396484 -0.029222505167126656 -0.97172009944915771
713 -0.14078995585441589 -0.064644679427146912 -0.98792678117752075
714 0.40828418731689453 -0.075614862143993378 0.90971779823303223
715 -0.88959884643554688 -0.025724846869707108 0.45601770281791687
716 -0.65172868967056274 -0.062645129859447479 -0.75586062669754028
717 -0.88682740926742554 -0.049811523407697678 -0.45940831303596497
718 0.57694941759109497 0.0046342913992702961 -0.81676679849624634
719 0.95023006200790405 0.31154733896255493 -0.0010957357008010149
720 -0.045179270207881927 -0.59054410457611084 -0.80573976039886475
721 0.62918001413345337 0.77725285291671753 0.0032521001994609833
722 -0.065187886357307434 -0.53922492265701294 -0.83963507413864136
723 0.32959786057472229 -0.020003627985715866 -0.94390946626663208
724 0.0034826886840164661 -0.77106893062591553 -0.6367422342300415
725 -0.01150808110833168 0.075164936482906342 -0.9971047043800354
726 0.77133852243423462 -0.6341625452041626 0.053617358207702637
727 -0.050457153469324112 -0.6026463508605957 -0.79641163349151611
728 -0.68034160137176514 0.012147780507802963 0.73279452323913574
729 -0.032861541956663132 -0.64481109380722046 -0.76363533735275269
730 0.7716066837310791 0.6360357403755188 0.0090435324236750603
731 -0.020329494029283524 -0.73429703712463379 -0.67852383852005005
732 -0.029354052618145943 -0.69092899560928345 -0.72232645750045776
733 -0.78882390260696411 -0.07562711089849472 0.60994863510131836
734 -0.52360165119171143 -0.037980742752552032 -0.85111624002456665
735 -0.018338451161980629 -0.84860587120056152 -0.52870762348175049
736 -0.035048391669988632 -0.65976190567016602 -0.75065696239471436
737 0.0093011166900396347 -0.78350174427032471 -0.62131994962692261
738 -0.047944657504558563 0.45406517386436462 -0.88967758417129517
739 0.0075572635978460312 -0.30962368845939636 -0.9508291482925415
740 -0.038737028837203979 -0.42730268836021423 -0.9032784104347229
741 -0.024246878921985626 -0.7743145227432251 -0.63233625888824463
742 0.62561571598052979 0.78013068437576294 -0.0011059775715693831
743 -0.018396995961666107 -0.74810343980789185 -0.66332715749740601
744 -0.029464477673172951 -0.7055322527885437 -0.70806503295898438
745 0.66482692956924438 -0.74393296241760254 0.067594625055789948
746 0.99074238538742065 -0.13477858901023865 -0.016256272792816162
747 -0.061379574239253998 -0.69467663764953613 -0.71669870615005493
748 -0.083820872008800507 -0.61483454704284668 -0.78418916463851929
749 0.58078467845916748 -0.09799966961145401 0.80813699960708618
750 -0.044231481850147247 0.88005238771438599 -0.47281232476234436
751 0.72256016731262207 -0.68896251916885376 0.056898944079875946
752 -0.027988601475954056 -0.73243653774261475 -0.6802598237991333
753 0.71834009885787964 0.69559651613235474 0.011531718075275421
754 0.71380513906478882 0.70021164417266846 0.013636988587677479
755 -0.36463740468025208 -0.060436177998781204 -0.92918622493743896
756 0.61005079746246338 -0.78888046741485596 0.07420012354850769
757 0.55412691831588745 0.83242553472518921 0.0033357255160808563
758 0.48949787020683289 0.87197810411453247 0.0067888190969824791
759 0.58180516958236694 0.015505658462643623 -0.81318032741546631
760 0.97638297080993652 -0.2155444324016571 0.014729121699929237
761 -0.0021958311554044485 -0.067987531423568726 -0.99768376350402832
762 0.45254480838775635 0.89124119281768799 0.029872966930270195
763 0.51777374744415283 -0.85281473398208618 0.067951373755931854
764 0.98993003368377686 0.14085210859775543 -0.014114164747297764
765 0.67906701564788818 -0.11536881327629089 0.72495383024215698
766 0.9991416335105896 -0.039422109723091125 -0.012725783511996269
767 0.68600982427597046 -0.72456252574920654 0.066330283880233765
768 -0.035149764269590378 0.46219369769096375 -0.88608211278915405
769 -0.4072299599647522 -0.077441789209842682 -0.91003656387329102
770 0.63542336225509644 -0.76848453283309937 0.075291141867637634
771 0.22056408226490021 -0.97318404912948608 0.065302029252052307
772 0.64699441194534302 0.76231300830841064 -0.016648532822728157
773 0.70596438646316528 -0.70513957738876343 0.066276073455810547
774 0.86956560611724854 0.49362587928771973 0.013751355931162834
775 0.26555114984512329 -0.96177011728286743 0.066939875483512878
776 -0.047865312546491623 0.78943771123886108 -0.61196154356002808
777 0.64132416248321533 0.76724052429199219 0.0067341839894652367
778 0.56022131443023682 0.82832556962966919 0.0053794956766068935
779 0.63620561361312866 0.77148729562759399 0.0070562851615250111
780 0.64439165592193604 0.76454144716262817 -0.015355457551777363
781 -0.017227157950401306 -0.85552102327346802 -0.51748150587081909
782 0.75400251150131226 0.050160214304924011 -0.65495365858078003
783 -0.016063358634710312 -0.8877485990524292 -0.46004834771156311
784 0.57067334651947021 -0.81839466094970703 0.067544259130954742
785 0.82269203662872314 0.0099220704287290573 -0.56840074062347412
786 0.55228716135025024 0.83208835124969482 -0.051067657768726349
787 -0.054871011525392532 -0.64525425434112549 -0.76199483871459961
788 0.83923715353012085 -0.54035454988479614 0.060811899602413177
789 0.68058723211288452 -0.72999781370162964 0.062484312802553177
790 0.13017676770687103 -0.051293801516294479 0.99016314744949341
791 0.65806174278259277 -0.74994468688964844 0.06736253947019577
792 0.58385694026947021 0.016107695177197456 -0.81169682741165161
793 0.72677904367446899 -0.68307405710220337 0.072125568985939026
794 -0.04198918491601944 0.58431529998779297 -0.81043976545333862
795 0.64798533916473389 0.012619215995073318 -0.76154828071594238
796 0.59763133525848389 -0.10869237780570984 0.7943693995475769
797 0.20917199552059174 0.97761189937591553 0.022850390523672104
798 0.10567952692508698 0.99401277303695679 0.027757834643125534
799 0.22890704870223999 -0.060068145394325256 0.97159326076507568
800 0.79987621307373047 -0.59825927019119263 0.047790348529815674
801 -0.14624063670635223 -0.029905805364251137 0.9887968897819519
802 -0.052716441452503204 0.62298542261123657 -0.78045517206192017
803 0.89905089139938354 -0.43777984380722046 0.0075012845918536186
804 0.4207577109336853 -0.90436863899230957 0.071276597678661346
805 -0.031274113804101944 0.37326774001121521 -0.92719638347625732
806 0.97981399297714233 -0.19941799342632294 0.014037741348147392
807 0.14302688837051392 -0.038292918354272842 -0.98897778987884521
808 0.11263197660446167 -0.99124640226364136 0.068881385028362274
809 -0.24298828840255737 -0.022304652258753777 0.96977275609970093
810 0.57145106792449951 -0.090011149644851685 0.81568479537963867
811 0.052018798887729645 -0.99623292684555054 0.069383256137371063
812 0.3044179379940033 -0.067354686558246613 0.95015424489974976
813 0.48943805694580078 0.87195467948913574 -0.012062776833772659
814 -0.034120511263608932 -0.56548780202865601 -0.82405054569244385
815 0.58768731355667114 -0.80602210760116577 0.070371054112911224
816 -0.053023893386125565 -0.68105149269104004 -0.73031318187713623
817 0.79772239923477173 0.60204201936721802 0.034415457397699356
818 0.84427696466445923 -0.53320968151092529 0.053701099008321762
819 -0.019016411155462265 -0.81235653162002563 -0.58285093307495117
820 -0.025682801380753517 -0.78639125823974609 -0.61719465255737305
821 0.63701575994491577 -0.76852124929428101 0.059884309768676758
822 0.55631512403488159 -0.82780593633651733 0.072462901473045349
823 0.74345636367797852 -0.667591392993927 0.039932072162628174
824 0.49829629063606262 0.866973876953125 0.0075586256571114063
825 0.21844412386417389 -0.97377645969390869 0.063574165105819702
826 -0.041469700634479523 0.86480361223220825 -0.50039482116699219
827 -0.033209867775440216 -0.54792052507400513 -0.83587092161178589
828 -0.038374565541744232 0.5849534273147583 -0.81015861034393311
829 0.69231694936752319 -0.11726228147745132 0.71200203895568848
830 0.80230939388275146 0.59605920314788818 0.031828131526708603
831 -0.028575366362929344 0.33091422915458679 -0.94322812557220459
832 -0.0095345219597220421 -0.14971046149730682 -0.98868393898010254
833 0.71356499195098877 -0.10442949086427689 0.69276225566864014
834 0.78611588478088379 0.61685490608215332 0.038882840424776077
835 0.76499003171920776 -0.10562857985496521 0.63532108068466187
836 0.81897318363189697 0.57374250888824463 0.010121597908437252
837 -0.013327201828360558 -0.84427154064178467 -0.53574997186660767
838 0.32369652390480042 -0.021701164543628693 -0.94591206312179565
839 0.49551311135292053 -0.0049163307994604111 -0.86858654022216797
840 0.76609230041503906 0.64266717433929443 0.0090307854115962982
841 0.6983259916305542 0.061674244701862335 -0.71311789751052856
842 0.54047733545303345 -0.83885389566421509 0.064872458577156067
843 -0.82216393947601318 -0.049971845000982285 0.56705319881439209
844 -0.020026311278343201 -0.45201000571250916 -0.8917880654335022
845 -0.88839948177337646 -0.055520445108413696 0.45570158958435059
846 -0.020896259695291519 -0.43139228224754333 -0.90192246437072754
847 0.81757193803787231 -0.5733838677406311 0.052982654422521591
848 0.76942288875579834 0.63848400115966797 0.018074588850140572
849 0.48336634039878845 -0.082759983837604523 0.87149745225906372
850 0.77492958307266235 -0.10889407992362976 0.6225963830947876
851 -0.036492947489023209 -0.50733917951583862 -0.86097341775894165
852 0.26311475038528442 -0.96217471361160278 0.070643059909343719
853 0.79787087440490723 -0.60075753927230835 0.049924276769161224
854 -0.041514560580253601 0.97015857696533203 -0.23889108002185822
855 -0.038334999233484268 0.50714677572250366 -0.86100679636001587
856 0.77524334192276001 -0.62977010011672974 0.048861436545848846
857 0.69728785753250122 0.71677958965301514 0.0040799770504236221
858 -0.04191005602478981 0.77739983797073364 -0.62760907411575317
859 -0.044639550149440765 -0.66528666019439697 -0.74525237083435059
860 0.83829879760742188 0.021237043663859367 -0.54479742050170898
861 0.70011627674102783 0.71399974822998047 0.00644654780626297
862 0.87038552761077881 -0.49032312631607056 0.044859398156404495
863 0.84702688455581665 0.53142464160919189 -0.01155132707208395
864 -0.80120855569839478 -0.058566417545080185 0.59551233053207397
865 0.75520503520965576 0.048313431441783905 -0.65370577573776245
866 0.95065832138061523 -0.30962729454040527 0.01948750764131546
867 0.64377212524414062 0.024888312444090843 -0.76481246948242188
868 0.51148527860641479 0.85300767421722412 0.1037338450551033
869 0.9453892707824707 -0.32554414868354797 0.016132215037941933
870 0.90773391723632812 -0.41919106245040894 0.017265819013118744
871 -0.044911682605743408 0.86833828687667847 -0.49393481016159058
872 -0.71512299776077271 -0.067505650222301483 -0.69573140144348145
873 0.41299840807914734 -0.012971040792763233 -0.91063934564590454
874 -0.9584273099899292 -0.037609435617923737 -0.28284740447998047
875 -0.56289839744567871 -0.058227159082889557 -0.82447254657745361
876 -0.05103331059217453 0.70311737060546875 -0.7092401385307312
877 -0.033662423491477966 -0.59476912021636963 -0.80319154262542725
878 0.72037714719772339 0.018263461068272591 -0.69334214925765991
879 -0.41309541463851929 -0.0072716157883405685 0.91065877676010132
880 -0.033873222768306732 -0.74636846780776978 -0.66467046737670898
881 0.49128979444503784 -0.86759835481643677 0.076859854161739349
882 0.74736779928207397 -0.65782791376113892 0.093294322490692139
883 0.43007558584213257 0.89996713399887085 0.071373812854290009
884 0.57396954298019409 0.81886625289916992 -0.0041327988728880882
885 0.86409282684326172 -0.038693822920322418 0.50184303522109985
886 0.51860356330871582 -0.85213494300842285 0.070116899907588959
887 -0.03434298187494278 -0.48973542451858521 -0.87119448184967041
888 0.65023350715637207 0.013093752786517143 -0.75962162017822266
889 -0.033997185528278351 0.96325916051864624 -0.26641333103179932
890 0.87177568674087524 -0.48841613531112671 0.038169648498296738
891 -0.075621627271175385 0.81751114130020142 -0.57092642784118652
892 0.37825384736061096 0.92552447319030762 0.018123991787433624
893 0.91844022274017334 -0.39233347773551941 0.050419237464666367
894 0.24539393186569214 0.969196617603302 0.02097281813621521
895 -0.022024208679795265 -0.90427660942077637 -0.4263787567615509
896 -0.70780593156814575 -0.066086940467357635 -0.70330888032913208
897 -0.83971267938613892 -0.067053899168968201 -0.53887516260147095
898 -0.57908737659454346 -0.057570062577724457 -0.81323039531707764
899 0.72736555337905884 -0.68078488111495972 0.086436517536640167
900 -0.41716960072517395 0.023106316104531288 0.9085349440574646
901 0.49884098768234253 0.86655759811401367 -0.015351082198321819
902 0.98919147253036499 0.14585672318935394 -0.015035522170364857
903 -0.42285066843032837 -0.048907667398452759 -0.90487867593765259
904 0.60725408792495728 -0.78951621055603027 0.088919386267662048
905 -0.039163306355476379 0.62448966503143311 -0.78005063533782959
906 0.57583272457122803 0.81755661964416504 -0.0042382194660604
907 -0.039722152054309845 0.91814321279525757 -0.39425283670425415
908 0.55021601915359497 -0.83234423398971558 0.066824346780776978
909 -0.013183466158807278 -0.4998602569103241 -0.86600577831268311
910 0.87176007032394409 -0.48805207014083862 0.042891424149274826
911 -0.018641678616404533 -0.81967014074325562 -0.57253241539001465
912 -0.56304293870925903 0.0083011994138360023 0.8263859748840332
913 -0.022837108001112938 -0.8255239725112915 -0.56390488147735596
914 -0.014715216122567654 -0.8121454119682312 -0.58326947689056396
915 -0.01737871952354908 -0.91760551929473877 -0.39711225032806396
916 0.40509676933288574 -0.0012151983100920916 -0.91427302360534668
917 0.72471052408218384 0.03232862800359726 -0.68829470872879028
918 -0.04215322807431221 0.80038660764694214 -0.59800040721893311
919 0.53416866064071655 -0.093397721648216248 0.84020274877548218
920 -0.9226108193397522 -0.039318844676017761 -0.38372305035591125
921 -0.051715172827243805 0.41117504239082336 -0.91008824110031128
922 -0.027477402240037918 0.34407734870910645 -0.93853914737701416
923 0.40631845593452454 0.913604736328125 0.015219969674944878
924 -0.067648865282535553 0.94249361753463745 -0.32730630040168762
925 0.89425230026245117 -0.015695521607995033 -0.44728797674179077
926 0.650826096534729 0.028000893071293831 -0.75871038436889648
927 -0.0014043106930330396 -0.12145908921957016 -0.99259543418884277
928 -0.015923673287034035 -0.87698972225189209 -0.48024526238441467
929 0.95352077484130859 -0.015266149304807186 -0.30094036459922791
930 -0.056320995092391968 0.58929181098937988 -0.80595481395721436
931 0.72238057851791382 0.031764555722475052 -0.69076579809188843
932 -0.044739175587892532 0.87907946109771729 -0.47457113862037659
933 0.91627311706542969 -0.39796525239944458 0.04546714574098587
934 -0.031893644481897354 -0.78283768892288208 -0.62140810489654541
935 -0.033618524670600891 0.4763333797454834 -0.87862181663513184
936 -0.68226289749145508 -0.089025460183620453 -0.72566646337509155
937 0.63245934247970581 -0.75441223382949829 0.1756628155708313
938 -0.22041888535022736 -0.070023074746131897 -0.97288864850997925
939 0.49565973877906799 -0.004744561854749918 -0.8685038685798645
940 -0.028510943055152893 0.96858793497085571 -0.24703161418437958
941 -0.59184664487838745 0.0040345261804759502 0.80604052543640137
942 0.70308107137680054 -0.70737314224243164 0.072802938520908356
943 -0.029187478125095367 -0.89533716440200806 -0.44443166255950928
944 -0.010364732705056667 -0.86687582731246948 -0.49841642379760742
945 -0.68685793876647949 -0.078240580856800079 -0.72256803512573242
946 0.85192978382110596 0.52002698183059692 0.061543244868516922
947 -0.7838405966758728 -0.062466856092214584 -0.61781215667724609
948 -0.084212951362133026 0.82634449005126953 -0.55683296918869019
949 -0.49913102388381958 -0.053892962634563446 -0.8648490309715271
950 0.70910924673080444 0.70498001575469971 -0.012936755083501339
951 -0.023381458595395088 -0.91224205493927002 -0.40898388624191284
952 0.34458619356155396 0.93860667943954468 0.01667296327650547
953 -0.03595425933599472 0.38354900479316711 -0.92282038927078247
954 -0.029135555028915405 -0.3901190459728241 -0.92030340433120728
955 0.43402937054634094 -0.10541793704032898 0.89470976591110229
956 -0.034891996532678604 0.4665336012840271 -0.88381505012512207
957 -0.97575706243515015 -0.028842413797974586 -0.21694757044315338
958 -0.042040955275297165 0.50588053464889526 -0.86157840490341187
959 0.89223098754882812 0.45070108771324158 0.028151409700512886
960 -0.28068074584007263 -0.083669513463973999 -0.95614737272262573
961 0.97502458095550537 -0.00081549299648031592 -0.22209565341472626
962 -0.07395518571138382 0.87602657079696655 -0.47655856609344482
963 -0.84416937828063965 -0.038763225078582764 0.53467327356338501
964 -0.0086869215592741966 -0.97547227144241333 -0.21995101869106293
965 0.26982465386390686 0.96280789375305176 0.013988942839205265
966 0.92630726099014282 -0.374747633934021 0.038975842297077179
967 -0.046881441026926041 0.72445404529571533 -0.68772709369659424
968 0.40602684020996094 -0.91139841079711914 0.067045740783214569
969 -0.4557265043258667 0.039270192384719849 0.88925319910049438
970 0.5439179539680481 -0.09727034717798233 0.83348172903060913
971 -0.030690006911754608 0.67420703172683716 -0.73790454864501953
972 0.42980310320854187 0.90290504693984985 0.005633119959384203
973 -0.067593999207019806 0.72569519281387329 -0.68468791246414185
974 0.68465036153793335 0.7284969687461853 -0.023367069661617279
975 0.88541322946548462 -0.46303144097328186 0.04056163877248764
976 0.85453242063522339 -0.51751124858856201 0.044231034815311432
977 0.99065238237380981 0.0010961986845359206 0.13640624284744263
978 0.93459677696228027 -0.35372278094291687 0.037538226693868637
979 -0.83136987686157227 -0.064656399190425873 -0.55194538831710815
980 -0.021602727472782135 -0.9258723258972168 -0.37721854448318481
981 0.37351974844932556 -0.9248308539390564 0.071908630430698395
982 0.88245415687561035 0.47038054466247559 0.0041088727302849293
983 0.27223950624465942 0.96213412284851074 0.013549987226724625
984 0.26231175661087036 -0.96297085285186768 0.062288116663694382
985 -0.63674557209014893 -0.049588609486818314 -0.76947784423828125
986 0.19577689468860626 0.98031777143478394 0.025465451180934906
987 -0.0056480541825294495 -0.97690474987030029 -0.213600754737854
988 -0.028837006539106369 -0.91331058740615845 -0.40624162554740906
989 0.43244370818138123 0.90164607763290405 0.0051853358745574951
990 -0.03012673556804657 -0.4143156111240387 -0.90963459014892578
991 -0.035365935415029526 -0.96799033880233765 -0.24848343431949615
992 0.38225525617599487 -0.084675677120685577 0.92016899585723877
993 0.93231582641601562 0.36046996712684631 0.029131082817912102
994 0.47614982724189758 -0.081119820475578308 0.87561458349227905
995 -0.74079722166061401 -0.11310714483261108 -0.66213768720626831
996 -0.038345463573932648 0.85969251394271851 -0.50937068462371826
997 -0.50149697065353394 -0.003350292332470417 0.86515289545059204
998 -0.017713297158479691 -0.93717628717422485 -0.34840625524520874
999 0.93251991271972656 0.0021760829258710146 -0.36111220717430115
1000 0.69477367401123047 0.058385826647281647 -0.7168547511100769
1001 0.9711645245552063 -0.23757807910442352 0.01990506611764431
1002 -0.059989742934703827 0.78542733192443848 -0.61603987216949463
1003 0.3963015079498291 -0.08892735093832016 0.91380369663238525
1004 0.30866217613220215 -0.069032996892929077 0.94866335391998291
1005 -0.89646345376968384 -0.047369595617055893 0.44057849049568176
1006 -0.7832292914390564 -0.085047259926795959 -0.61588871479034424
1007 -0.9489593505859375 -0.027871860191226006 0.3141646683216095
1008 0.3623996376991272 0.92517709732055664 0.11275570839643478
1009 0.93172061443328857 -0.36102381348609924 0.039478439837694168
1010 -0.074314020574092865 -0.93742108345031738 -0.34017515182495117
1011 -0.96864861249923706 -0.023296818137168884 -0.24734023213386536
1012 -0.88391047716140747 -0.085390672087669373 -0.45979425311088562
1013 -0.044341582804918289 -0.26929467916488647 -0.96203655004501343
1014 -0.01710132323205471 -0.96157431602478027 -0.27401179075241089
1015 -0.052770569920539856 0.62976551055908203 -0.77499079704284668
1016 -0.020594684407114983 -0.97148329019546509 -0.23621192574501038
1017 0.36372649669647217 0.93139088153839111 0.014632736332714558
1018 -0.91521859169006348 -0.035961523652076721 0.40134996175765991
1019 0.35917642712593079 0.93319171667098999 -0.012067402713000774
1020 -0.88207483291625977 -0.056397121399641037 0.46772149205207825
1021 -0.99563074111938477 0.013764346018433571 -0.092357710003852844
1022 -0.02178855799138546 0.99604237079620361 -0.086167953908443451
1023 -0.99601411819458008 -0.0018123432528227568 0.089177079498767853
