0 0.041689224541187286 0.99909371137619019 -0.0085949376225471497
1 -0.11600477993488312 0.91895401477813721 0.3769170343875885
2 0.20420859754085541 0.21861794590950012 -0.95420390367507935
3 -0.014526575803756714 0.97097182273864746 0.23875239491462708
4 -0.026468679308891296 0.99959325790405273 -0.010619156062602997
5 0.043440062552690506 0.97431254386901855 -0.22097077965736389
6 -0.15117375552654266 0.90426075458526611 0.39932319521903992
7 -0.16900643706321716 0.95932328701019287 -0.22613203525543213
8 0.024412579834461212 0.99279528856277466 0.1173095777630806
9 -0.99989843368530273 0.008034910075366497 0.011776194907724857
10 -0.99928998947143555 -0.023708859458565712 0.029282940551638603
11 0.0012244955869391561 0.99366849660873413 0.11234518885612488
12 0.023999866098165512 0.99274939298629761 0.11778254061937332
13 0.05604037269949913 0.96022820472717285 -0.27353492379188538
14 -0.077749229967594147 0.94436341524124146 0.31958231329917908
15 0.065616503357887268 0.97757261991500854 0.20011594891548157
16 -0.99815082550048828 -0.010763715952634811 0.059825308620929718
17 0.096809320151805878 0.96267491579055786 0.25275477766990662
18 0.00016490370035171509 0.98415619134902954 0.177303746342659
19 -0.035712122917175293 0.96576845645904541 0.25693565607070923
20 0.23945616185665131 0.18944358825683594 -0.95224571228027344
21 -0.011091231368482113 0.99682986736297607 -0.07878604531288147
22 -0.0012662727385759354 0.99471026659011841 0.10271306335926056
23 0.016753342002630234 0.99391835927963257 0.10883751511573792
24 0.022056344896554947 0.99075859785079956 0.13383200764656067
25 -0.999847412109375 -0.0015964321792125702 0.017397567629814148
26 0.047822531312704086 0.96566849946975708 0.25533798336982727
27 -0.051870208233594894 0.95407289266586304 0.29504993557929993
28 -0.99852645397186279 0.018573107197880745 -0.050990182906389236
29 -0.20338539779186249 0.85952413082122803 0.46888449788093567
30 -0.91600841283798218 0.27387261390686035 -0.29312539100646973
31 -0.96923774480819702 -0.059708170592784882 0.23877438902854919
32 -0.99805033206939697 -0.011264558881521225 0.06139000877737999
33 -0.14433859288692474 0.97071319818496704 -0.19204749166965485
34 -0.99989223480224609 0.01444665715098381 0.0026222821325063705
35 -0.051366128027439117 0.015521003864705563 -0.99855929613113403
36 -0.999656081199646 -0.012913484126329422 0.022824008017778397
37 -0.204720139503479 0.93761336803436279 -0.28101763129234314
38 -0.048089943826198578 0.96406686305999756 0.26127082109451294
39 0.10995066165924072 0.95955854654312134 -0.2591492235660553
40 0.11769303679466248 0.97567492723464966 0.18495090305805206
41 -0.21876972913742065 -0.049063492566347122 -0.97454226016998291
42 -0.90317463874816895 0.24658104777336121 -0.35138776898384094
43 -0.99997365474700928 0.0059055145829916 -0.0042299493215978146
44 -0.22600966691970825 -0.026619603857398033 -0.97376132011413574
45 0.03992883488535881 0.95245009660720825 -0.3020671010017395
46 0.031874097883701324 0.97607606649398804 0.21508029103279114
47 -0.98534548282623291 -0.088933698832988739 -0.14555127918720245
48 -0.0023115447256714106 0.99767905473709106 0.068052969872951508
49 0.04378717765212059 0.99606841802597046 0.077009476721286774
50 -0.29280301928520203 0.92292076349258423 -0.24996745586395264
51 -0.99957305192947388 0.018513377755880356 -0.022605916485190392
52 0.10432427376508713 0.97244948148727417 -0.20846705138683319
53 0.15643732249736786 0.18132191896438599 -0.97090154886245728
54 0.01179432962089777 0.043428827077150345 -0.99898689985275269
55 -0.00051552808145061135 0.98798954486846924 0.15451997518539429
56 -0.98130810260772705 -0.074237309396266937 -0.17754791676998138
57 -0.99936920404434204 -0.019630445167422295 -0.029594579711556435
58 -0.97022771835327148 -0.070864386856555939 0.23159553110599518
59 0.10468359291553497 0.94582664966583252 0.30733257532119751
60 -0.99973100423812866 0.021614063531160355 -0.0084130112081766129
61 -0.98293739557266235 -0.04332476481795311 0.17876565456390381
62 0.018885692581534386 0.99039208889007568 0.1369922012090683
63 -0.0019839033484458923 0.98987525701522827 0.14192643761634827
64 0.15800485014915466 0.96356016397476196 0.21583864092826843
65 -0.97666662931442261 -0.20161472260951996 0.073984906077384949
66 -0.99924623966217041 -0.010939465835690498 0.037247207015752792
67 0.034930754452943802 0.93644565343856812 0.34906941652297974
68 -0.97400134801864624 0.10572099685668945 -0.20036114752292633
69 -0.12049300223588943 -0.014551178552210331 -0.99260753393173218
70 0.046390455216169357 0.9940028190612793 0.099027000367641449
71 0.010335610248148441 0.98926949501037598 0.14573641121387482
72 -0.32006695866584778 0.010013982653617859 -0.94734203815460205
73 -0.98832935094833374 -0.12293409556150436 0.089957386255264282
74 -0.99982345104217529 0.0092219561338424683 -0.016369879245758057
75 0.30153822898864746 -0.41361582279205322 -0.85906738042831421
76 -0.99357873201370239 -0.025665316730737686 0.11019386351108551
77 -0.057163678109645844 0.99157238006591797 0.11626054346561432
78 -0.32638111710548401 -0.35843196511268616 -0.87464392185211182
79 -0.99455314874649048 0.10155392438173294 -0.023469792678952217
80 0.21399596333503723 -0.45030409097671509 -0.866851806640625
81 -0.99996370077133179 0.0076049948111176491 0.0038510009180754423
82 -0.9915735125541687 -0.11430199444293976 -0.060968305915594101
83 -0.12310787290334702 -0.082891851663589478 -0.98892533779144287
84 -0.96873480081558228 0.15338622033596039 -0.19500146806240082
85 -0.96520572900772095 0.099348023533821106 -0.24188399314880371
86 -0.052584566175937653 0.97232985496520996 0.22761702537536621
87 -0.96533411741256714 0.066946946084499359 -0.25228595733642578
88 -0.98488408327102661 -0.058780316263437271 0.16293658316135406
89 0.012731947004795074 0.99832558631896973 0.05642671138048172
90 0.048378158360719681 0.99441272020339966 0.093823641538619995
91 -0.37750068306922913 0.90912914276123047 -0.17600400745868683
92 -0.95891118049621582 0.14916977286338806 -0.24132497608661652
93 -0.99614983797073364 -0.079580485820770264 -0.036775019019842148
94 0.14489935338497162 0.97690856456756592 0.15701557695865631
95 -0.24178032577037811 0.82586580514907837 0.50939959287643433
96 -0.98836839199066162 0.093119606375694275 -0.12023590505123138
97 -0.27074176073074341 0.85347521305084229 0.44528526067733765
98 -0.96585339307785034 0.19984398782253265 -0.16489273309707642
99 -0.99947589635848999 -0.0083640757948160172 0.031272951513528824
100 -0.9860072135925293 -0.07107660174369812 0.15079113841056824
101 0.149210125207901 -0.38313081860542297 -0.91156303882598877
102 -0.99385613203048706 -0.034443382173776627 0.10518422722816467
103 -0.34670844674110413 0.023016387596726418 -0.93769055604934692
104 0.067533083260059357 0.99360746145248413 0.090462900698184967
105 -0.95077139139175415 -0.097445055842399597 0.29417389631271362
106 -0.99479866027832031 0.10185644775629044 -0.00099055294413119555
107 -0.98287105560302734 -0.13714650273323059 0.12310748547315598
108 -0.96856397390365601 0.23223471641540527 -0.08916812390089035
109 -0.3787635862827301 0.37478351593017578 -0.84621250629425049
110 -0.96597224473953247 0.22686766088008881 -0.12421267479658127
111 -0.99772036075592041 -0.038474921137094498 -0.055442161858081818
112 -0.32924509048461914 0.91559058427810669 0.23084956407546997
113 -0.95506966114044189 0.20314094424247742 -0.21581418812274933
114 0.037440486252307892 0.99301475286483765 0.11189258098602295
115 0.025397807359695435 0.99832850694656372 0.051915299147367477
116 -0.93613684177398682 0.13603740930557251 -0.32425546646118164
117 -0.9948047399520874 0.040313776582479477 -0.093479141592979431
118 0.10197713971138 0.99404329061508179 0.038453761488199234
119 -0.29320979118347168 -0.34123632311820984 -0.89307665824890137
120 -0.017654987052083015 -0.18950881063938141 -0.98172032833099365
121 0.070156440138816833 -0.23522013425827026 -0.9694068431854248
122 -0.074208572506904602 -0.2055562436580658 -0.97582769393920898
123 -0.085547283291816711 -0.043733298778533936 -0.99537390470504761
124 -0.39056476950645447 -0.27066043019294739 -0.87988758087158203
125 -0.98701310157775879 0.14396840333938599 -0.071262523531913757
126 -0.054443687200546265 -0.020089821889996529 -0.99831473827362061
127 -0.091977186501026154 -0.26562607288360596 -0.95967864990234375
128 -0.95254349708557129 0.27469208836555481 -0.13116851449012756
129 0.035013597458600998 -0.22186459600925446 -0.97444868087768555
130 0.14660938084125519 -0.30742752552032471 -0.94020956754684448
131 -0.95390492677688599 0.25028496980667114 -0.16559840738773346
132 0.19776135683059692 0.97590905427932739 0.092152290046215057
133 -0.074519351124763489 0.076066479086875916 -0.99431425333023071
134 -0.89902716875076294 0.32842901349067688 -0.2896282970905304
135 0.055503834038972855 0.99839961528778076 0.010843111202120781
136 -0.13468700647354126 0.10581553727388382 -0.98522204160690308
137 0.03713785856962204 -0.28881591558456421 -0.95666414499282837
138 -0.99527549743652344 0.045206740498542786 -0.085924535989761353
139 -0.32943084836006165 -0.28669863939285278 -0.89959949254989624
140 -0.36378136277198792 -0.21208317577838898 -0.90701925754547119
141 0.2200416773557663 0.91454231739044189 0.33940252661705017
142 -0.99151569604873657 -0.092012383043766022 0.091817408800125122
143 -0.99280941486358643 0.070633672177791595 -0.09664618968963623
144 -0.13344025611877441 0.97759801149368286 0.16277551651000977
145 -0.037845835089683533 0.012030861340463161 -0.99921119213104248
146 0.032994277775287628 -0.18453940749168396 -0.98227113485336304
147 0.042173251509666443 0.99851256608963013 0.03455531969666481
148 -0.99389410018920898 0.083076439797878265 -0.072614565491676331
149 -0.09191972017288208 0.14814597368240356 -0.9846845269203186
150 -0.15204589068889618 0.92861378192901611 0.33846500515937805
151 0.20307168364524841 0.96333056688308716 0.17537431418895721
152 -0.057899612933397293 -0.076347626745700836 -0.99539881944656372
153 0.15301705896854401 -0.25341686606407166 -0.95517838001251221
154 -0.9868428111076355 0.14350332319736481 0.074485182762145996
155 -0.012031316757202148 0.99593555927276611 0.089261889457702637
156 0.068921975791454315 -0.19762393832206726 -0.9778519868850708
157 -0.0265350341796875 -0.046863563358783722 -0.99854880571365356
158 0.11573123931884766 0.34612107276916504 -0.93102443218231201
159 -0.23631082475185394 0.93009477853775024 0.28121346235275269
160 0.041385609656572342 -0.068639129400253296 -0.99678277969360352
161 -0.070443831384181976 -0.047621734440326691 -0.99637836217880249
162 -0.16090074181556702 0.97580373287200928 -0.14804781973361969
163 -0.096917010843753815 0.014976327307522297 -0.99517977237701416
164 -0.046521767973899841 0.031113749369978905 -0.99843263626098633
165 -0.046585984528064728 -0.10109816491603851 -0.99378514289855957
166 -0.99589163064956665 -0.036292098462581635 0.082962043583393097
167 -0.043025478720664978 0.10125526040792465 -0.99392968416213989
168 -0.044346995651721954 -0.11589993536472321 -0.99227046966552734
169 0.11586059629917145 0.99161100387573242 -0.057305581867694855
170 -0.11016969382762909 -0.040501318871974945 -0.9930872917175293
171 -0.27409040927886963 0.96139901876449585 -0.024214781820774078
172 -0.98816776275634766 0.12301882356405258 0.091601736843585968
173 0.042209293693304062 0.99651390314102173 -0.071962133049964905
174 -0.070909552276134491 -0.089135549962520599 -0.99349218606948853
175 0.016719436272978783 0.9972948431968689 -0.071578726172447205
176 -0.056560598313808441 -0.029665132984519005 -0.99795836210250854
177 -0.057588715106248856 0.99833846092224121 -0.001971367746591568
178 -0.049951467663049698 0.99840211868286133 -0.026421433314681053
179 -0.087194748222827911 0.9938475489616394 -0.068294897675514221
180 -0.015464354306459427 0.99651587009429932 -0.081956952810287476
181 -0.047414597123861313 0.99814635515213013 -0.038154534995555878
182 -0.0044514629989862442 0.99104750156402588 -0.13343563675880432
183 -0.012942717410624027 0.99578016996383667 -0.090853162109851837
184 -0.91874790191650391 0.16614782810211182 -0.35818609595298767
185 -0.942291259765625 0.27246996760368347 0.19454392790794373
186 0.19870491325855255 0.97468078136444092 -0.10253701359033585
187 -0.96934783458709717 -0.13315494358539581 -0.20648160576820374
188 -0.99843955039978027 0.018395502120256424 -0.052726443856954575
189 0.35357096791267395 0.92767143249511719 0.12005554884672165
190 -0.99307608604431152 0.10034599155187607 -0.061079453676939011
191 -0.099326975643634796 -0.021837165579199791 -0.99481523036956787
192 -0.95439964532852173 -0.2486117035150528 -0.16526822745800018
193 -0.78551149368286133 -0.17082780599594116 -0.5948021411895752
194 -0.97067999839782715 0.18819153308868408 0.14954715967178345
195 0.25679311156272888 0.96329289674758911 0.078256875276565552
196 -0.21039457619190216 0.26126068830490112 -0.94205993413925171
197 -0.019462183117866516 0.02894216775894165 -0.99939161539077759
198 -0.2021021693944931 0.97716861963272095 -0.06554509699344635
199 0.25956240296363831 0.90435630083084106 -0.33877274394035339
200 0.16423580050468445 0.26615923643112183 -0.94983464479446411
201 0.21713097393512726 -0.20589007437229156 -0.95418208837509155
202 -0.2437211275100708 0.31978574395179749 -0.9156075119972229
203 -0.13182233273983002 -0.23276504874229431 -0.9635576605796814
204 -0.99978131055831909 0.0082591921091079712 0.019212724640965462
205 -0.10114278644323349 0.99388045072555542 0.044405214488506317
206 -0.99655532836914062 0.0062783146277070045 0.082692600786685944
207 -0.99042606353759766 0.084602609276771545 0.10908087342977524
208 -0.1667429655790329 0.16992732882499695 -0.97124743461608887
209 -0.99981158971786499 0.0076700658537447453 0.017831012606620789
210 -0.3255426287651062 0.30403858423233032 -0.89531141519546509
211 -0.97642356157302856 0.072365492582321167 0.20337246358394623
212 -0.90875136852264404 0.33212083578109741 0.25271862745285034
213 0.16078725457191467 0.9110986590385437 0.37953490018844604
214 -0.97264373302459717 0.14264316856861115 0.18334968388080597
215 -0.91845405101776123 -0.33107858896255493 -0.2164003998041153
216 -0.13499489426612854 0.03632049635052681 -0.9901803731918335
217 -0.99228465557098389 0.060465972870588303 0.10823597013950348
218 -0.023722799494862556 -0.023073378950357437 -0.99945229291915894
219 -0.93215084075927734 -0.18069164454936981 -0.31376016139984131
220 -0.83449035882949829 -0.12800909578800201 -0.53594732284545898
221 -0.18949620425701141 0.12010874599218369 -0.97450762987136841
222 -0.13751220703125 -0.01021696999669075 -0.99044740200042725
223 -0.28073394298553467 -0.15836808085441589 -0.94662988185882568
224 0.22559903562068939 0.42396882176399231 -0.8771291971206665
225 -0.92315047979354858 -0.14431151747703552 -0.35632488131523132
226 0.40935960412025452 0.39897656440734863 -0.82051348686218262
227 -0.92461788654327393 -0.28453269600868225 -0.25322508811950684
228 0.017567325383424759 -0.1505957692861557 -0.98843932151794434
229 -0.063052110373973846 -0.076655454933643341 -0.99506199359893799
230 0.21527644991874695 0.33213987946510315 -0.91833502054214478
231 -0.81996285915374756 0.56767904758453369 0.073494806885719299
232 -0.89825671911239624 -0.36641210317611694 -0.2426459789276123
233 -0.90699905157089233 -0.2206193208694458 -0.35871985554695129
234 0.18019714951515198 -0.32126498222351074 -0.92968696355819702
235 0.12123546004295349 0.19129335880279541 -0.97401684522628784
236 -0.89482563734054565 0.44216272234916687 0.06147577241063118
237 -0.91101962327957153 0.21465456485748291 0.35208892822265625
238 -0.081597276031970978 0.99199515581130981 0.096372134983539581
239 -0.99811482429504395 0.053214441984891891 0.030579246580600739
240 0.091813959181308746 0.99257850646972656 -0.07973838597536087
241 0.28285062313079834 0.28974819183349609 -0.9143531322479248
242 -0.049926400184631348 0.99831670522689819 -0.029513761401176453
243 -0.013063863851130009 0.998371422290802 -0.055532727390527725
244 -0.18577183783054352 0.03679206594824791 -0.98190385103225708
245 -0.22154580056667328 0.97509217262268066 -0.010618549771606922
246 0.037348899990320206 0.12197065353393555 -0.99183076620101929
247 -0.98002451658248901 -0.17689648270606995 0.090882308781147003
248 -0.023551061749458313 -0.14624601602554321 -0.9889678955078125
249 -0.20211599767208099 0.90057492256164551 0.38485580682754517
250 0.064392700791358948 0.12422569841146469 -0.9901624321937561
251 0.049255330115556717 0.038267761468887329 -0.99805289506912231
252 -0.032366052269935608 0.99701094627380371 0.070154786109924316
253 -0.99713540077209473 -0.074539914727210999 -0.01283484511077404
254 -0.041782617568969727 -0.11876464635133743 -0.99204295873641968
255 -0.017030881717801094 0.032028850167989731 -0.99934184551239014
256 0.10834923386573792 0.99387997388839722 0.021518239751458168
257 -0.097214929759502411 0.95604491233825684 0.27663582563400269
258 -0.1498076319694519 -0.046448715031147003 -0.98762351274490356
259 0.059340961277484894 0.99810320138931274 -0.01639334112405777
260 -0.025466801598668098 0.013097385875880718 -0.99958986043930054
261 0.034643769264221191 0.99741119146347046 -0.063014253973960876
262 0.037542335689067841 0.17090927064418793 -0.98457133769989014
263 -0.99697625637054443 -0.063696727156639099 0.044509336352348328
264 -0.058592073619365692 0.99799418449401855 0.023970946669578552
265 -0.25383093953132629 -0.1069846972823143 -0.96131378412246704
266 -0.9998091459274292 -0.0038500465452671051 0.019154226407408714
267 -0.9716147780418396 0.082018382847309113 -0.22189566493034363
268 0.21833883225917816 0.93600142002105713 0.27609696984291077
269 -0.1157715693116188 0.99319177865982056 0.012927111238241196
270 -0.95244312286376953 -0.20509140193462372 0.22536569833755493
271 -0.98674976825714111 0.12788107991218567 -0.099856659770011902
272 -0.98538810014724731 0.042781513184309006 -0.16486366093158722
273 -0.91689592599868774 0.32999101281166077 -0.22451694309711456
274 0.270000159740448 0.15170305967330933 -0.95083445310592651
275 -0.28648850321769714 0.25529259443283081 -0.92344468832015991
276 -0.1081899106502533 0.99383920431137085 -0.02405383437871933
277 0.078406751155853271 0.99361592531204224 -0.081115961074829102
278 0.20747861266136169 0.97668933868408203 0.055051784962415695
279 -0.091907121241092682 -0.13880003988742828 -0.9860464334487915
280 -0.98413026332855225 -0.15725113451480865 0.082217589020729065
281 -0.94852864742279053 0.15687774121761322 0.27510517835617065
282 -0.10831528156995773 -0.10815571993589401 -0.98821562528610229
283 -0.9603850245475769 -0.21261581778526306 0.18015319108963013
284 -0.075164660811424255 0.99408376216888428 -0.078408248722553253
285 -0.95490813255310059 -0.28725957870483398 -0.075049817562103271
286 -0.92855554819107056 0.18975786864757538 -0.31902441382408142
287 -0.96890133619308472 -0.21986988186836243 -0.11352278292179108
288 -0.23097915947437286 0.1761544942855835 -0.95687943696975708
289 0.19287660717964172 0.9166904091835022 -0.3499675989151001
290 0.34604921936988831 0.3414272665977478 -0.87388640642166138
291 -0.25818261504173279 0.90512126684188843 -0.33778288960456848
292 -0.24954797327518463 0.96377360820770264 -0.094160608947277069
293 -0.97084087133407593 -0.23309706151485443 -0.055980287492275238
294 -0.94804024696350098 -0.28283357620239258 0.14568808674812317
295 0.12860389053821564 0.060578007251024246 -0.98984414339065552
296 -0.15676896274089813 0.96236348152160645 0.22199122607707977
297 -0.94228625297546387 0.33165082335472107 0.045873120427131653
298 -0.96871006488800049 0.23298433423042297 0.085552692413330078
299 -0.92733776569366455 -0.35760322213172913 0.11029338836669922
300 0.041729215532541275 0.038473915308713913 -0.99838787317276001
301 -0.97680795192718506 -0.11358800530433655 0.18150489032268524
302 -0.93887758255004883 -0.29621392488479614 0.17540319263935089
303 -0.24419111013412476 0.010466554202139378 -0.96967065334320068
304 0.25307640433311462 -0.37384331226348877 -0.89229673147201538
305 -0.090825721621513367 0.97123867273330688 0.2201048731803894
306 -0.091983653604984283 0.99417966604232788 -0.056087758392095566
307 0.059694357216358185 0.99320173263549805 -0.099934898316860199
308 0.02679203636944294 0.99152088165283203 -0.1271558552980423
309 -0.94212359189987183 0.29788446426391602 0.1538442075252533
310 -0.97390341758728027 -0.10138703137636185 0.20305866003036499
311 0.33674126863479614 0.84875422716140747 -0.4077027440071106
312 -0.99057012796401978 -0.13419432938098907 -0.027618564665317535
313 0.28289055824279785 0.9310004711151123 0.23067526519298553
314 -0.17650130391120911 -0.007802814245223999 -0.98426949977874756
315 -0.094641350209712982 -0.075095891952514648 -0.99267500638961792
316 -0.26028239727020264 -0.22051031887531281 -0.94001501798629761
317 -0.045685321092605591 0.99873584508895874 -0.020967060700058937
318 0.23490032553672791 0.96553623676300049 -0.11207868903875351
319 -0.87606465816497803 -0.26459115743637085 0.40311577916145325
320 0.051996104419231415 -0.28681379556655884 -0.95657426118850708
321 -0.16713862121105194 -0.10193394869565964 -0.98064988851547241
322 -0.92149293422698975 -0.26318442821502686 0.28563043475151062
323 -0.9862329363822937 0.15537135303020477 -0.056607667356729507
324 0.11550934612751007 0.27257201075553894 -0.95517653226852417
325 0.013117991387844086 0.99479126930236816 0.10108527541160583
326 -0.96265977621078491 -0.14923582971096039 0.22586482763290405
327 -0.066269382834434509 -0.097269609570503235 -0.99304938316345215
328 -0.95428198575973511 -0.12108412384986877 0.273284912109375
329 -0.96773648262023926 0.22738872468471527 0.10853786021471024
330 -0.97583532333374023 -0.14682142436504364 -0.16182981431484222
331 -0.025626199319958687 0.99873447418212891 -0.04327576607465744
332 0.3931768536567688 0.90845459699630737 0.14185301959514618
333 -0.98658555746078491 -0.059929713606834412 -0.15184672176837921
334 -0.25225722789764404 0.10939203202724457 -0.96145713329315186
335 -0.98706495761871338 -0.09918619692325592 0.12595605850219727
336 -0.96968889236450195 -0.18761923909187317 -0.15653294324874878
337 -0.99730205535888672 0.068171985447406769 0.027224507182836533
338 0.11159033328294754 -0.11511318385601044 -0.9870646595954895
339 -0.95061558485031128 0.1185634434223175 0.28683233261108398
340 -0.87329649925231934 -0.45849338173866272 0.1647331565618515
341 0.18084128201007843 0.11645837873220444 -0.976593017578125
342 0.058799281716346741 -0.13909873366355896 -0.98853135108947754
343 -0.99866247177124023 0.033609326928853989 0.039290815591812134
344 -0.17663726210594177 0.97738832235336304 -0.11623838543891907
345 0.097255751490592957 -0.44134345650672913 -0.89205235242843628
346 -0.83981585502624512 -0.30625265836715698 0.4482395350933075
347 0.053138643503189087 0.92097443342208862 0.38598239421844482
348 0.065307147800922394 0.18354880809783936 -0.9808388352394104
349 -0.0033647976815700531 0.99683713912963867 -0.079400584101676941
350 -0.99486607313156128 0.098203033208847046 0.024446830153465271
351 -0.034278292208909988 -0.066743813455104828 -0.99718117713928223
352 0.17157357931137085 0.88815599679946899 -0.42631149291992188
353 -0.0042664487846195698 0.99369782209396362 -0.11201123148202896
354 0.008846670389175415 0.99273765087127686 -0.11997366696596146
355 -0.23883861303329468 -0.15923616290092468 -0.95791441202163696
356 -0.91375577449798584 -0.22546970844268799 0.33795547485351562
357 0.19005663692951202 -0.13584212958812714 -0.97232991456985474
358 -0.96793043613433838 -0.16066168248653412 0.193128302693367
359 0.10876800119876862 0.083954572677612305 -0.99051564931869507
360 -0.16664694249629974 -0.27817323803901672 -0.94596433639526367
361 -0.99981886148452759 0.017586512491106987 0.0072800237685441971
362 0.15294539928436279 -0.17704646289348602 -0.97224605083465576
363 -0.95756149291992188 -0.21469515562057495 -0.19230715930461884
364 0.048480354249477386 0.24224852025508881 -0.96900224685668945
365 0.17746114730834961 0.97627288103103638 -0.12409233301877975
366 -0.32443839311599731 0.85383111238479614 -0.40707758069038391
367 -0.16831940412521362 -0.052575543522834778 -0.9843294620513916
368 -0.0080236569046974182 0.98909860849380493 0.14703619480133057
369 0.0029130170587450266 0.083692826330661774 -0.99648737907409668
370 -0.84282267093658447 0.4033111035823822 -0.35635665059089661
371 -0.90334808826446533 -0.15231303870677948 0.40095266699790955
372 -0.202928826212883 0.96404856443405151 -0.17155241966247559
373 0.33577409386634827 0.86319524049758911 0.37702754139900208
374 -0.9379650354385376 -0.18815214931964874 0.29123961925506592
375 -0.93217307329177856 -0.15411251783370972 0.32757088541984558
376 0.016036465764045715 -0.25327247381210327 -0.96726208925247192
377 0.14057774841785431 0.90902215242385864 -0.39232218265533447
378 -0.047157317399978638 0.99443286657333374 -0.094231337308883667
379 -0.99883592128753662 0.035161085426807404 0.033022534102201462
380 -0.89731627702713013 0.39227479696273804 -0.20234648883342743
381 0.035173967480659485 0.075780764222145081 -0.99650394916534424
382 -0.19561618566513062 -0.23650231957435608 -0.95173579454421997
383 0.14893649518489838 -0.54445618391036987 -0.82546073198318481
384 -0.0061753466725349426 -0.11154583841562271 -0.99374014139175415
385 -0.9978938102722168 -0.050359796732664108 0.040889061987400055
386 -0.99440658092498779 0.018740905448794365 0.10394356399774551
387 -0.043046317994594574 -0.0083111431449651718 -0.99903851747512817
388 0.14796444773674011 0.97590368986129761 -0.16037027537822723
389 -0.9993283748626709 0.022675598040223122 -0.028786879032850266
390 -0.97147345542907715 -0.22355552017688751 0.079134814441204071
391 -0.98688143491744995 0.076649405062198639 -0.14209161698818207
392 -0.29309636354446411 0.93669193983078003 0.19157959520816803
393 -0.13432848453521729 -0.0040548616088926792 -0.99092859029769897
394 -0.99637299776077271 0.083058759570121765 0.018494788557291031
395 0.30149394273757935 0.2244204580783844 -0.92668056488037109
396 -0.99745762348175049 -0.054699309170246124 0.045676399022340775
397 -0.99894577264785767 -0.028002463281154633 -0.036375019699335098
398 0.012210763990879059 -0.094447396695613861 -0.99545490741729736
399 -0.84675991535186768 0.052123233675956726 0.5294155478477478
400 -0.31800833344459534 0.13164734840393066 -0.93890345096588135
401 0.38663610816001892 0.27902242541313171 -0.87901026010513306
402 -0.30596074461936951 0.055891681462526321 -0.95040214061737061
403 -0.37709447741508484 0.1892019510269165 -0.90664350986480713
404 -0.0037879524752497673 0.062476307153701782 -0.99803924560546875
405 -0.91949021816253662 0.35393249988555908 -0.17108330130577087
406 0.067726247012615204 -0.39209738373756409 -0.91742730140686035
407 0.083300657570362091 0.11554748564958572 -0.98980289697647095
408 -0.02832120843231678 0.99801021814346313 -0.056334950029850006
409 -0.99519103765487671 -0.075533658266067505 -0.06236562505364418
410 -0.90971261262893677 0.033586084842681885 0.41387799382209778
411 -0.90946817398071289 -0.35414719581604004 0.21782428026199341
412 0.087889060378074646 0.86418688297271729 0.49543580412864685
413 -0.16210423409938812 0.97887027263641357 0.12464068830013275
414 -0.00256313756108284 0.98112708330154419 -0.19334739446640015
415 -0.99158453941345215 0.037563376128673553 -0.12389145791530609
416 0.012275602668523788 0.14140033721923828 -0.989876389503479
417 0.3332236111164093 0.17860983312129974 -0.92577570676803589
418 0.17933814227581024 0.96627485752105713 -0.18479938805103302
419 -0.2365504652261734 -0.26363790035247803 -0.93516790866851807
420 -0.99358165264129639 0.013855109922587872 0.11226566880941391
421 -0.85154247283935547 -0.3778514564037323 0.36346083879470825
422 -0.064076349139213562 -0.075804188847541809 -0.99506175518035889
423 0.08343081921339035 0.96356242895126343 -0.25413933396339417
424 -0.9426802396774292 -0.11793120950460434 -0.31216371059417725
425 -0.040958195924758911 -0.12334803491830826 -0.99151790142059326
426 -0.97650361061096191 0.21362763643264771 0.028354166075587273
427 -0.026507848873734474 0.9953005313873291 -0.093135543167591095
428 0.29228430986404419 0.8604806661605835 0.41730436682701111
429 -0.99148547649383545 -0.086503848433494568 -0.097333244979381561
430 -0.48717257380485535 0.12404096871614456 -0.86445176601409912
431 -0.040917214006185532 -0.078776583075523376 -0.99605226516723633
432 -0.24745641648769379 -0.017703743651509285 -0.96873730421066284
433 0.27043884992599487 0.92833930253982544 -0.25504723191261292
434 -0.9992673397064209 0.032692719250917435 0.01990046538412571
435 -0.99753856658935547 -0.025114411488175392 -0.065468616783618927
436 -0.17954504489898682 0.90117150545120239 -0.39452949166297913
437 -0.99255222082138062 -0.10887199640274048 0.054653078317642212
438 -0.96955269575119019 -0.058054365217685699 -0.23790207505226135
439 -0.29023641347885132 -0.077899053692817688 -0.95377910137176514
440 0.16149292886257172 0.13755108416080475 -0.9772409200668335
441 -0.20385096967220306 0.9671177864074707 0.15207919478416443
442 0.023669831454753876 -0.33612576127052307 -0.94151967763900757
443 0.34057286381721497 0.91768062114715576 -0.20462754368782043
444 -0.99985325336456299 -0.0028054667636752129 -0.016899609938263893
445 -0.2104545384645462 -0.014650680124759674 -0.97749388217926025
446 -0.16441254317760468 -0.05141783133149147 -0.98505067825317383
447 -0.99998444318771362 0.0053789736703038216 -0.0014818764757364988
448 -0.99282491207122803 -0.070187568664550781 0.096811302006244659
449 -0.99992126226425171 0.0088520161807537079 -0.0088932178914546967
450 -0.98928821086883545 -0.075524806976318359 0.12491932511329651
451 -0.98558491468429565 0.040029577910900116 -0.16437789797782898
452 -0.99627864360809326 -0.040610548108816147 0.076024353504180908
453 0.12028828263282776 -0.37419268488883972 -0.91951650381088257
454 -0.025375533849000931 -0.15492822229862213 -0.98759979009628296
455 -0.98450106382369995 0.16600297391414642 0.056574210524559021
456 0.01473706029355526 0.045232333242893219 -0.99886775016784668
457 -0.98203730583190918 0.18844015896320343 0.0096526630222797394
458 -0.99735116958618164 0.068028196692466736 0.025745406746864319
459 -0.050480391830205917 0.00077562412479892373 -0.99872475862503052
460 -0.015760594978928566 0.99849897623062134 0.052454058080911636
461 -0.97863179445266724 0.05650605633854866 0.197704017162323
462 0.25488492846488953 0.91501712799072266 0.31269365549087524
463 -0.065257646143436432 0.9688078761100769 -0.23906663060188293
464 -0.99881845712661743 -0.020799564197659492 -0.04392247274518013
465 0.30306708812713623 0.93501776456832886 -0.18409836292266846
466 -0.99862557649612427 0.020740700885653496 -0.048132870346307755
467 -0.98361307382583618 0.062195878475904465 -0.16922459006309509
468 0.031339727342128754 0.99801212549209595 0.054677415639162064
469 -0.23150907456874847 -0.21151731908321381 -0.94955992698669434
470 0.034097224473953247 0.083240076899528503 -0.99594604969024658
471 0.029161784797906876 0.9841005802154541 -0.17520198225975037
472 -0.99140769243240356 0.12072096765041351 -0.050371162593364716
473 -0.036305353045463562 0.019623829051852226 -0.99914807081222534
474 -0.98544329404830933 -0.12815853953361511 -0.11170066893100739
475 -0.90543252229690552 -0.30638068914413452 0.29380738735198975
476 -0.99866956472396851 0.049469612538814545 0.01455756276845932
477 -0.018056120723485947 -0.18519492447376251 -0.98253589868545532
478 -0.028106695041060448 0.01727377250790596 -0.99945569038391113
479 -0.13317283987998962 -0.14265532791614532 -0.98077237606048584
480 -0.11053238064050674 -0.071528077125549316 -0.99129527807235718
481 -0.31561237573623657 0.94004112482070923 -0.12927345931529999
482 -0.95191586017608643 0.0091448510065674782 0.30622327327728271
483 0.21020548045635223 0.96749532222747803 -0.14059329032897949
484 -0.091308116912841797 -0.080148681998252869 -0.99259209632873535
485 -0.1098577156662941 0.96663200855255127 -0.23141707479953766
486 -0.16075761616230011 -0.13202480971813202 -0.97812390327453613
487 -0.98761683702468872 0.15055780112743378 0.044105999171733856
488 0.092847429215908051 0.095170743763446808 -0.99112153053283691
489 -0.99478775262832642 -0.068346463143825531 -0.0756717249751091
490 -0.11518701910972595 0.9343104362487793 -0.33733657002449036
491 -0.99304413795471191 0.030003558844327927 -0.1138557642698288
492 0.097102634608745575 0.94232845306396484 -0.32029396295547485
493 -0.37120139598846436 0.04448193684220314 -0.9274863600730896
494 -0.056768216192722321 0.97400856018066406 -0.21928238868713379
495 -0.45514252781867981 0.095355287194252014 -0.88529807329177856
496 -0.074039846658706665 0.98362159729003906 -0.16433693468570709
497 0.012774698436260223 -0.26317942142486572 -0.96466237306594849
498 -0.99229514598846436 0.041706264019012451 -0.1166660413146019
499 -0.99750268459320068 -0.025293659418821335 -0.065943844616413116
500 0.0237903892993927 0.99405479431152344 0.10625051707029343
501 -0.011113555170595646 0.99662166833877563 -0.08137473464012146
502 -0.9999995231628418 -0.00098991882987320423 -0.00010472357098478824
503 -0.99987536668777466 0 -0.015789046883583069
504 -0.99988925457000732 0 -0.014883603900671005
505 -0.99988442659378052 0 -0.015204737894237041
506 -0.999886155128479 0 -0.015090259723365307
507 -0.99988889694213867 0 -0.014905639924108982
508 -0.9998895525932312 0 -0.014863620512187481
509 -0.99987727403640747 0 -0.015666946768760681
510 -0.99987775087356567 0 -0.015639077872037888
511 -0 0.99999761581420898 -0.0021859726402908564
512 -0 0.9999968409538269 -0.0025311305653303862
513 0 0.99999821186065674 -0.0018985280767083168
514 0 0.99999707937240601 -0.002425790298730135
515 0 0.99999922513961792 -0.0012378947576507926
516 0 0.99999862909317017 -0.0016579778166487813
517 0 0.99999916553497314 -0.0013108125422149897
518 0 0.99999856948852539 -0.0016936686588451266
519 0 0.99999821186065674 -0.001891362713649869
520 -0.99997657537460327 -0.0068470146507024765 0
521 -0.9999774694442749 -0.0067130383104085922 0
522 -0.9999769926071167 -0.00678237434476614 0
523 -0.99997800588607788 -0.0066322488710284233 0
524 -0.99999839067459106 0 0.0018085697665810585
525 -0.99999731779098511 0 0.0023246598429977894
526 -0.99999767541885376 0 0.0021765255369246006
527 -0.99999773502349854 0 0.0021294308826327324
528 -0.99999821186065674 0 0.0019002711633220315
529 -0.99999850988388062 0 0.001744599430821836
530 -0.99999856948852539 0 0.0016986755654215813
531 -0.99999827146530151 0 0.0018691718578338623
532 0 0.99991244077682495 0.013232960365712643
533 0 0.99991583824157715 0.012976756319403648
534 0 0.9999159574508667 0.012965705245733261
535 -0 0.99991464614868164 0.013064420782029629
536 -0 0.99991393089294434 0.013121627271175385
537 -0 0.99991309642791748 0.013183406554162502
538 0 0.99991452693939209 0.013077443465590477
539 -0 0.99991446733474731 0.013078507967293262
540 -0 0.99991506338119507 0.013033406808972359
541 -0.12325848639011383 0.915915846824646 -0.38197576999664307
542 -0.91712051630020142 -0.36182740330696106 -0.16724494099617004
543 0.022628419101238251 -0.072579674422740936 -0.99710589647293091
544 0.22566592693328857 0.95346266031265259 0.19995950162410736
545 -0.99667900800704956 -0.011801423504948616 0.08057134598493576
546 0.058981530368328094 -0.092688523232936859 -0.99394667148590088
547 -0.99411982297897339 -0.0068691973574459553 0.10806786268949509
548 -0.90108656883239746 -0.39111164212226868 -0.18728236854076385
549 0.011496873572468758 0.99589037895202637 0.089834488928318024
550 0.42453497648239136 0.011932790279388428 -0.90533298254013062
551 0.033160720020532608 0.99926626682281494 0.019164498895406723
552 0.12748296558856964 -0.16754192113876343 -0.97758775949478149
553 0.23951323330402374 0.95864933729171753 0.15370409190654755
554 0.31973391771316528 0.056112147867679596 -0.94584441184997559
555 0.16365410387516022 -0.16711978614330292 -0.97225940227508545
556 -0.99897772073745728 -0.025750596076250076 0.037153378129005432
557 0.22346851229667664 0.97174674272537231 0.075961098074913025
558 -0.015724314376711845 0.99983447790145874 -0.0091585265472531319
559 -0.25293242931365967 0.96101856231689453 0.11166264861822128
560 -0.13411629199981689 0.9107820987701416 -0.39049831032752991
561 -0.99512982368469238 0.098201446235179901 -0.0085516255348920822
562 0.06268281489610672 0.99407017230987549 -0.08885599672794342
563 -0.90173256397247314 0.17309372127056122 0.3961276113986969
564 0.0086062587797641754 0.99448049068450928 0.10456798225641251
565 0.22900301218032837 0.0098718041554093361 -0.97337567806243896
566 -0.013759399764239788 0.99874502420425415 -0.048156995326280594
567 0.14550894498825073 0.96468108892440796 -0.219585120677948
568 -0.10480944812297821 0.93322253227233887 -0.34367251396179199
569 0.072357699275016785 0.99331998825073242 -0.089887663722038269
570 0.23253250122070312 -0.37284412980079651 -0.89828497171401978
571 -0.022786973044276237 0.99671930074691772 0.07766222208738327
572 0.0049299043603241444 0.99683278799057007 0.079373650252819061
573 -0.99786406755447388 -0.029515311121940613 -0.058276604861021042
574 -0.99315667152404785 -0.1091609001159668 0.041517741978168488
575 0.15198858082294464 0.96828246116638184 0.19831441342830658
576 0.15652410686016083 -0.015327753499150276 -0.98755520582199097
577 -0.13514697551727295 0.96500188112258911 0.2247370183467865
578 -0.99930280447006226 -0.036080814898014069 0.0095954397693276405
579 -0.12874160706996918 0.96893167495727539 0.21118009090423584
580 -0.08527238667011261 0.99613720178604126 -0.020960293710231781
581 -0.37041723728179932 0.91192275285720825 -0.17660129070281982
582 0.46681973338127136 0.85918527841567993 0.20947554707527161
583 0.14614962041378021 -0.011647184379398823 -0.98919397592544556
584 -0.99801534414291382 -0.041057784110307693 -0.04774649441242218
585 -0.28607085347175598 0.92884784936904907 0.2353830486536026
586 0.16383782029151917 0.97366559505462646 -0.15853254497051239
587 -0.99752563238143921 -0.06367771327495575 0.029796775430440903
588 -0.99189692735671997 -0.025855958461761475 0.12438630312681198
589 -0.99783223867416382 0.065809011459350586 0.00021142327750567347
590 -0.99294483661651611 -0.022898115217685699 0.11634539812803268
591 -0.21270047128200531 0.97366619110107422 0.082053087651729584
592 0.4334028959274292 0.85707211494445801 -0.27854877710342407
593 -0.13177016377449036 0.97416520118713379 -0.1834089607000351
594 -0.2516196072101593 0.95791125297546387 0.13817988336086273
595 -0.98209935426712036 0.1846979558467865 -0.036980938166379929
596 0.19860680401325226 -0.36507624387741089 -0.90954649448394775
597 -0.066881150007247925 0.9951702356338501 -0.071855507791042328
598 -0.33536109328269958 0.91460460424423218 0.2259012907743454
599 -0.99893957376480103 -0.045827563852071762 0.0044190008193254471
600 -0.039408214390277863 0.99532824754714966 -0.088140331208705902
601 0.34854084253311157 -0.36736169457435608 -0.86230200529098511
602 -0.129597008228302 0.99074012041091919 -0.040480218827724457
603 -0.037154931575059891 0.99527275562286377 -0.089730821549892426
604 -0.048927467316389084 0.99754828214645386 -0.050035338848829269
605 -0.99829864501953125 -0.017631649971008301 0.055577613413333893
606 0.0068049635738134384 -0.12122432142496109 -0.99260181188583374
607 -0.9740108847618103 -0.17818428575992584 -0.13983258605003357
608 -0.86726409196853638 0.12068802118301392 0.48299834132194519
609 -0.99510383605957031 -0.050971716642379761 -0.084677912294864655
610 0.52323895692825317 0.062454242259263992 -0.84989440441131592
611 -0.9741550087928772 -0.10809113085269928 -0.19833898544311523
612 -0.98490309715270996 0.013445530086755753 0.17258386313915253
613 0.14680604636669159 0.98915839195251465 0.0037018510047346354
614 0.10665713995695114 0.97425377368927002 -0.19863007962703705
615 0.11104393005371094 0.99209111928939819 -0.0585196353495121
616 0.37053859233856201 0.90606272220611572 -0.20433191955089569
617 -0.90449362993240356 0.24515414237976074 0.34898531436920166
618 0.023735877126455307 0.99756073951721191 0.065644919872283936
619 -0.97681581974029541 -0.17485980689525604 -0.12351115792989731
620 -0.98351198434829712 0.019955398514866829 0.17973858118057251
621 0.44111844897270203 0.16095377504825592 -0.88289779424667358
622 -0.97201412916183472 -0.086010918021202087 -0.21861089766025543
623 -0.87134891748428345 -0.43602180480957031 -0.22502472996711731
624 -0.98152828216552734 0.051117349416017532 0.18436193466186523
625 0.062055900692939758 -0.051333613693714142 -0.99675172567367554
626 0.1801714301109314 0.93417638540267944 -0.30798178911209106
627 -0.13890519738197327 0.98073393106460571 -0.137354776263237
628 0.061382796615362167 0.99244433641433716 0.10623773187398911
629 -0.99899005889892578 -0.013397108763456345 0.042888715863227844
630 0.081528328359127045 -0.14323912560939789 -0.98632431030273438
631 -0.98170852661132812 0.070197448134422302 0.17697645723819733
632 0.2186439037322998 0.9608604907989502 -0.17012356221675873
633 -0.87497514486312866 -0.33175903558731079 -0.35263934731483459
634 -0.96401190757751465 0.11558368802070618 0.23941890895366669
635 0.087021969258785248 0.99586987495422363 -0.025892389938235283
636 0.015982493758201599 0.99324804544448853 0.11490379273891449
637 -0.96912616491317749 0.045897185802459717 0.2422560453414917
638 0.20938616991043091 0.9766811728477478 -0.047448493540287018
639 -0.98156964778900146 0.10085950791835785 0.16232174634933472
640 -0.12024714052677155 0.99274331331253052 0.0012019127607345581
641 0.10621506720781326 0.99433684349060059 0.0035602825228124857
642 0.014953959733247757 0.98799782991409302 -0.15374262630939484
643 0.49391889572143555 -0.067002959549427032 -0.86692249774932861
644 -0.99417233467102051 0.054995536804199219 0.09271916002035141
645 -0.99861824512481689 -0.022308915853500366 0.047581799328327179
646 -0.98881512880325317 -0.087942823767662048 -0.12046058475971222
647 -0.95701456069946289 -0.13292177021503448 -0.25778877735137939
648 -0.98330247402191162 0.14036464691162109 0.11581888794898987
649 -0.10402479022741318 0.26302593946456909 -0.95916438102722168
650 0.27053946256637573 0.92904430627822876 -0.25235903263092041
651 -0.98397767543792725 -0.070779129862785339 -0.16364070773124695
652 0.24185885488986969 0.96693986654281616 0.080818884074687958
653 -0.98516052961349487 0.15225629508495331 0.079226337373256683
654 -0.99491488933563232 0.06585761159658432 0.076204597949981689
655 -0.24416597187519073 0.93016445636749268 0.27418437600135803
656 -0.96735078096389771 0.2468198835849762 0.057554632425308228
657 -0.078237578272819519 0.20499928295612335 -0.97563016414642334
658 -0.96523886919021606 0.060483995825052261 0.25427472591400146
659 -0.99889922142028809 -0.010005985386669636 0.045829135924577713
660 -0.9953228235244751 -0.067059420049190521 -0.069538287818431854
661 -0.99311912059783936 0.046047750860452652 0.10767602175474167
662 -0.98276746273040771 0.11641918122768402 0.14357838034629822
663 -0.14633141458034515 0.96972519159317017 -0.1954999566078186
664 -0.96270292997360229 -0.12491544336080551 0.23999862372875214
665 -0.98884868621826172 0.1469932496547699 0.023902315646409988
666 -0.063012048602104187 0.25210770964622498 -0.96564549207687378
667 0.028559060767292976 0.99343913793563843 0.11073862016201019
668 -0.96391057968139648 0.15185241401195526 0.21867159008979797
669 -0.04281853511929512 -0.13693244755268097 -0.989654541015625
670 -0.89613723754882812 -0.33742159605026245 -0.28824430704116821
671 -0.99409186840057373 -0.10841279476881027 -0.0052901860326528549
672 -0.96462398767471313 0.21198852360248566 0.15672069787979126
673 0.15602412819862366 0.98482275009155273 0.076030649244785309
674 -0.98188751935958862 -0.14433780312538147 -0.12273352593183517
675 -0.93882673978805542 0.12148143351078033 0.32225263118743896
676 -0.29282119870185852 0.34306231141090393 -0.89250439405441284
677 -0.35287043452262878 0.40738824009895325 -0.84232848882675171
678 -0.038907557725906372 0.10784821957349777 -0.99340575933456421
679 -0.00018522143363952637 0.19904477894306183 -0.97999042272567749
680 -0.059505637735128403 0.1279914528131485 -0.98998850584030151
681 0.24536673724651337 0.28168755769729614 -0.92760300636291504
682 0.010802851058542728 0.99032026529312134 -0.13838008046150208
683 0.32666236162185669 0.93658918142318726 0.12685611844062805
684 -0.98895436525344849 -0.1280682235956192 -0.074617952108383179
685 0.48665234446525574 0.83672058582305908 -0.25113373994827271
686 -0.99941152334213257 -0.032703492790460587 0.010347717441618443
687 -0.90492594242095947 0.35533392429351807 0.23419402539730072
688 -0.10280056297779083 -0.21240818500518799 -0.97175866365432739
689 -0.99787348508834839 -0.0097937034443020821 0.064441271126270294
690 0.022365579381585121 0.33964264392852783 -0.94028866291046143
691 -0.99758052825927734 0.062825322151184082 0.029768219217658043
692 -0.96206140518188477 0.18909607827663422 0.19667366147041321
693 -0.02723812498152256 0.088237427175045013 -0.99572700262069702
694 -0.94669181108474731 0.30509904026985168 -0.10338898003101349
695 -0.046706996858119965 0.18866324424743652 -0.98093050718307495
696 -0.023020315915346146 0.072718888521194458 -0.99708676338195801
697 -0.11080151796340942 0.20636415481567383 -0.97218155860900879
698 -0.9780271053314209 -0.14400877058506012 0.15074625611305237
699 -0.84327238798141479 -0.37595921754837036 0.38411769270896912
700 -0.99786370992660522 -0.063969135284423828 -0.013267062604427338
701 -0.98905062675476074 -0.0015815533697605133 0.14756833016872406
702 -0.97451967000961304 -0.21480715274810791 0.064570404589176178
703 -0.17449943721294403 -0.38558095693588257 -0.90602278709411621
704 -0.93460136651992798 0.32683587074279785 -0.14035196602344513
705 -0.15831264853477478 -0.27373999357223511 -0.9486851692199707
706 -0.079129219055175781 0.99470323324203491 -0.065605685114860535
707 -0.99649250507354736 0.068261265754699707 0.048406679183244705
708 -0.98892951011657715 -0.13817387819290161 -0.054096415638923645
709 0.046748217195272446 0.99835842847824097 0.033092968165874481
710 0.040115199983119965 0.99783599376678467 0.052097432315349579
711 -0.043428771197795868 0.030249699950218201 -0.99859851598739624
712 -0.045404348522424698 0.99812841415405273 -0.0409654900431633
713 -0.063710018992424011 0.99638932943344116 -0.056119080632925034
714 0.07047966867685318 0.9961998462677002 0.051171671599149704
715 0.0043664611876010895 0.99788802862167358 0.064810894429683685
716 -0.087189078330993652 0.99616444110870361 -0.007383931428194046
717 -0.069510564208030701 0.99724090099334717 0.026054775342345238
718 -0.043444283306598663 0.99874246120452881 -0.025021450594067574
719 -0.017147434875369072 0.048787891864776611 -0.99866199493408203
720 -0.98200255632400513 0.17431610822677612 -0.072697408497333527
721 0.16802935302257538 -0.13193093240261078 -0.9769136905670166
722 -0.89127039909362793 0.40986737608909607 -0.19402553141117096
723 -0.20457281172275543 0.97451025247573853 -0.09208562970161438
724 -0.85755431652069092 -0.32983538508415222 0.39472675323486328
725 -0.99903696775436401 -0.04308854416012764 0.0082822302356362343
726 -0.21839658915996552 -0.34288454055786133 -0.91363734006881714
727 -0.95796036720275879 0.25470760464668274 -0.13204561173915863
728 0.32264909148216248 0.90272176265716553 0.28458938002586365
729 -0.99945443868637085 0.023734962567687035 0.022967826575040817
730 -0.05295727401971817 0.078399918973445892 -0.99551445245742798
731 -0.93684196472167969 -0.22302168607711792 0.26942268013954163
732 -0.98411232233047485 -0.10661444067955017 0.14197278022766113
733 0.22933050990104675 0.88451367616653442 0.40625494718551636
734 -0.34438621997833252 0.92318511009216309 0.17066755890846252
735 -0.92411124706268311 -0.18748082220554352 0.33297058939933777
736 -0.99343734979629517 0.10482867807149887 -0.045751370489597321
737 -0.90983045101165771 -0.26442387700080872 0.31982579827308655
738 -0.93683803081512451 0.28850764036178589 0.19773192703723907
739 -0.95651060342788696 -0.27951568365097046 0.083417795598506927
740 -0.97400110960006714 0.21806725859642029 -0.061388395726680756
741 -0.99904131889343262 -0.0042947852052748203 0.043567247688770294
742 0.24894006550312042 -0.20097741484642029 -0.94743698835372925
743 -0.96902239322662354 -0.15008290112018585 0.19613945484161377
744 -0.997123122215271 -0.028746820986270905 0.070136941969394684
745 -0.17176266014575958 -0.24030527472496033 -0.95538002252578735
746 -0.0090033570304512978 0.054249484091997147 -0.99848687648773193
747 -0.90644365549087524 0.339395672082901 -0.25133726000785828
748 -0.87588822841644287 0.42072489857673645 -0.23624208569526672
749 0.44029077887535095 0.87281119823455811 -0.21058180928230286
750 -0.99201226234436035 0.017273195087909698 0.12495335936546326
751 -0.29395759105682373 -0.38069868087768555 -0.87673109769821167
752 -0.98980081081390381 0.11540135741233826 -0.083528436720371246
753 -0.16999036073684692 0.19157366454601288 -0.96664518117904663
754 -0.096915788948535919 0.11804428696632385 -0.98826766014099121
755 -0.29150831699371338 0.95513904094696045 0.052271421998739243
756 -0.24490031599998474 -0.27678275108337402 -0.92920136451721191
757 0.13105720281600952 -0.083283193409442902 -0.98787045478820801
758 -0.0021739811636507511 0.0090056005865335464 -0.99995708465576172
759 -0.22180196642875671 0.96494656801223755 -0.14029285311698914
760 0.012008590623736382 -0.0139258848503232 -0.99983096122741699
761 -0.99959653615951538 0.028403673321008682 0.00026446234551258385
762 0.19842329621315002 -0.067980431020259857 -0.9777560830116272
763 -0.2542436420917511 -0.22922517359256744 -0.93958288431167603
764 -0.018812829628586769 0.032083179801702499 -0.99930816888809204
765 0.32896581292152405 0.9306827187538147 -0.16003510355949402
766 -0.012193800881505013 0.013705753721296787 -0.99983173608779907
767 -0.034665722399950027 -0.12360900640487671 -0.99172532558441162
768 -0.99936342239379883 -0.010836959816515446 0.033990778028964996
769 -0.3796057403087616 0.92060971260070801 0.091527253389358521
770 -0.098182983696460724 -0.1771262139081955 -0.97927850484848022
771 -0.03298722580075264 -0.074355326592922211 -0.99668610095977783
772 -0.3229827880859375 0.25421425700187683 -0.91162341833114624
773 0.095500469207763672 0.0020519644021987915 -0.99542731046676636
774 0.025518123060464859 -0.017107727006077766 -0.99952799081802368
775 0.063717067241668701 -0.051773037761449814 -0.99662423133850098
776 -0.99268323183059692 0.030398871749639511 0.1168588325381279
777 -0.075569987297058105 0.071897022426128387 -0.99454516172409058
778 0.043480269610881805 -0.022920427843928337 -0.99879133701324463
779 0.0052924323827028275 0.0047817127779126167 -0.99997454881668091
780 -0.24688096344470978 0.18899385631084442 -0.95043736696243286
781 -0.97776466608047485 0.12259869277477264 -0.17013488709926605
782 -0.34849274158477783 0.87573528289794922 -0.33412647247314453
783 -0.99949908256530762 0.026805084198713303 -0.016826201230287552
784 0.051295358687639236 -0.046565644443035126 -0.997597336769104
785 -0.20489013195037842 0.93782591819763184 -0.28018313646316528
786 -0.40804627537727356 0.21640084683895111 -0.88694357872009277
787 -0.87988400459289551 -0.32950830459594727 0.34238648414611816
788 0.20620393753051758 0.2127729058265686 -0.95509564876556396
789 0.16203117370605469 0.066793531179428101 -0.98452252149581909
790 0.11572502553462982 0.99262118339538574 0.036206774413585663
791 0.037252228707075119 -0.056927133351564407 -0.99768310785293579
792 -0.27312025427818298 0.94542574882507324 -0.17769506573677063
793 0.21697977185249329 0.12868821620941162 -0.96765655279159546
794 -0.99682122468948364 -0.079469762742519379 -0.0056508667767047882
795 -0.08913981169462204 0.99424803256988525 -0.059372011572122574
796 0.37449845671653748 0.9138903021812439 -0.15670180320739746
797 0.057772886008024216 0.010972019284963608 -0.99826949834823608
798 0.064073741436004639 0.021049376577138901 -0.99772316217422485
799 0.073103629052639008 0.99633669853210449 0.044374700635671616
800 0.16609977185726166 0.14414986968040466 -0.97551614046096802
801 0.051935091614723206 0.99793243408203125 0.037863180041313171
802 -0.94892710447311401 -0.27469602227210999 -0.15517553687095642
803 0.12056069821119308 0.23104792833328247 -0.96544390916824341
804 -0.012336076237261295 -0.084266692399978638 -0.99636691808700562
805 -0.99950993061065674 -0.012944434769451618 0.028502104803919792
806 -0.011585407890379429 -0.12674449384212494 -0.99186772108078003
807 -0.10188741981983185 0.99337249994277954 -0.053198140114545822
808 -0.04128342866897583 -0.073931001126766205 -0.99640852212905884
809 0.098869457840919495 0.99395972490310669 0.047633890062570572
810 0.088987395167350769 0.99490213394165039 0.04744521901011467
811 0.048538632690906525 -0.066872976720333099 -0.99658018350601196
812 0.12443044036626816 0.99176138639450073 0.03043813444674015
813 -0.3644518256187439 0.19196495413780212 -0.91122132539749146
814 -0.99901455640792847 -0.0041199815459549427 0.044192302972078323
815 0.19547855854034424 0.057050168514251709 -0.97904717922210693
816 -0.94866406917572021 0.26271516084671021 -0.17611716687679291
817 -0.21055072546005249 0.33155637979507446 -0.91964060068130493
818 -0.085747979581356049 -0.23332379758358002 -0.96861106157302856
819 -0.97709012031555176 -0.10849471390247345 0.1830950528383255
820 -0.99735581874847412 0.062143661081790924 -0.037677481770515442
821 -0.31706809997558594 -0.33203688263893127 -0.88838016986846924
822 0.27471843361854553 0.10091735422611237 -0.95621418952941895
823 -0.3452572226524353 -0.43425807356834412 -0.83199602365493774
824 -0.096398718655109406 0.064065307378768921 -0.9932788610458374
825 0.14755578339099884 -0.031438242644071579 -0.98855400085449219
826 -0.99625319242477417 -0.073832541704177856 -0.045037101954221725
827 -0.99039846658706665 -0.094251029193401337 0.10113173723220825
828 -0.97527074813842773 -0.19852110743522644 -0.09714149683713913
829 0.26455461978912354 0.95924907922744751 -0.099258013069629669
830 0.27329540252685547 -0.3194115161895752 -0.90735113620758057
831 -0.99495828151702881 -0.10016521066427231 -0.0049985670484602451
832 -0.99342679977416992 0.11420939862728119 -0.0077137770131230354
833 0.10899963229894638 0.99333548545837402 0.037466268986463547
834 -0.15524840354919434 0.25795692205429077 -0.9536016583442688
835 0.21292383968830109 0.9724687933921814 -0.09469875693321228
836 0.048900380730628967 -0.052205353975296021 -0.99743843078613281
837 -0.99478697776794434 0.065369404852390289 -0.078267477452754974
838 -0.094537489116191864 0.99399220943450928 -0.055155493319034576
839 -0.0895419642329216 0.99436724185943604 -0.056710358709096909
840 0.012865606695413589 -0.0012855990789830685 -0.9999164342880249
841 -0.40796825289726257 0.85290926694869995 -0.32574179768562317
842 0.12442736327648163 0.0034359283745288849 -0.99222278594970703
843 0.1873963326215744 0.91685599088668823 0.35250213742256165
844 -0.98656779527664185 -0.13570104539394379 0.090935893356800079
845 0.13923585414886475 0.91331338882446289 0.38271671533584595
846 -0.9656679630279541 -0.22493496537208557 0.12996025383472443
847 0.11376539617776871 0.070643685758113861 -0.99099290370941162
848 0.19507776200771332 -0.20795038342475891 -0.9584890604019165
849 0.13010862469673157 0.99125629663467407 0.021969348192214966
850 0.15126851201057434 0.98837262392044067 -0.015410483814775944
851 -0.98866724967956543 0.14387129247188568 -0.0428725965321064
852 0.23502799868583679 -0.0070913140662014484 -0.97196274995803833
853 0.0084409378468990326 -0.071675017476081848 -0.99739235639572144
854 -0.97132420539855957 0.016834212467074394 0.2371622771024704
855 -0.99660748243331909 -0.082202047109603882 -0.0040459148585796356
856 0.066678412258625031 0.004668116569519043 -0.99776363372802734
857 0.12171795219182968 -0.11279483884572983 -0.98613494634628296
858 -0.99774569272994995 -0.065517611801624298 -0.014527833089232445
859 -0.92568492889404297 -0.25296890735626221 0.28127250075340271
860 -0.040962599217891693 0.99887019395828247 -0.024093084037303925
861 0.045095775276422501 -0.03520490974187851 -0.99836218357086182
862 -0.13203969597816467 -0.32021322846412659 -0.93809866905212402
863 0.11218756437301636 -0.19997090101242065 -0.9733579158782959
864 0.12341932207345963 0.95762664079666138 0.26022863388061523
865 -0.28073593974113464 0.92502552270889282 -0.25595930218696594
866 0.026900146156549454 0.01968875341117382 -0.99944424629211426
867 -0.3764989972114563 0.88042771816253662 -0.28826308250427246
868 0.36416009068489075 -0.10583400726318359 -0.92530351877212524
869 0.057629533112049103 0.11823370307683945 -0.99131208658218384
870 0.084629073739051819 0.14264139533042908 -0.98614978790283203
871 -0.96124684810638428 -0.17218799889087677 -0.21530415117740631
872 -0.18660484254360199 0.97763997316360474 0.096947148442268372
873 -0.039748121052980423 0.99868911504745483 -0.032252009958028793
874 -0.049834154546260834 0.99810320138931274 0.036147814244031906
875 -0.41032296419143677 0.88559913635253906 0.21759876608848572
876 -0.93753319978713989 0.21098098158836365 0.27661973237991333
877 -0.95285248756408691 -0.2233869731426239 0.20535451173782349
878 -0.043416254222393036 0.99888020753860474 -0.018797451630234718
879 0.093722380697727203 0.99431914091110229 0.050454225391149521
880 -0.96887814998626709 0.18769407272338867 -0.161388099193573
881 -0.17361469566822052 -0.18401904404163361 -0.96746832132339478
882 0.33004429936408997 0.2457079291343689 -0.9114266037940979
883 0.29194000363349915 -0.063828915357589722 -0.95430439710617065
884 -0.1321534663438797 0.087647460401058197 -0.98734664916992188
885 0.23454542458057404 0.91312843561172485 -0.33344408869743347
886 -0.02283414825797081 -0.095780655741691589 -0.99514055252075195
887 -0.99820363521575928 0.059628289192914963 0.005830155685544014
888 -0.15525753796100616 0.9810410737991333 -0.11598952114582062
889 -0.99114370346069336 0.0017429366707801819 0.13278239965438843
890 0.079552814364433289 0.064253941178321838 -0.99475771188735962
891 -0.93777292966842651 -0.25291627645492554 -0.23793953657150269
892 0.12834113836288452 -0.033042237162590027 -0.99117952585220337
893 -0.092822887003421783 -0.33766889572143555 -0.93667691946029663
894 -0.011606285348534584 0.024570027366280556 -0.99963080883026123
895 -0.97136139869689941 0.12027829140424728 -0.20491495728492737
896 -0.12462306022644043 0.99168038368225098 0.03223593533039093
897 -0.11309604346752167 0.99218153953552246 0.052773885428905487
898 -0.11771712452173233 0.99295502901077271 0.013531245291233063
899 0.37971851229667664 0.29434725642204285 -0.87702542543411255
900 0.19182856380939484 0.97939318418502808 0.063172996044158936
901 -0.27414324879646301 0.14096048474311829 -0.95130211114883423
902 -0.0053598103113472462 -0.066504590213298798 -0.9977717399597168
903 -0.20991091430187225 0.97667038440704346 0.045303631573915482
904 0.33427914977073669 0.15235969424247742 -0.93007743358612061
905 -0.93903005123138428 0.24387143552303314 0.24238261580467224
906 -0.21997974812984467 0.14994221925735474 -0.96391201019287109
907 -0.99222499132156372 0.010330747812986374 0.12402805685997009
908 -0.099476858973503113 -0.14479453861713409 -0.98444855213165283
909 -0.9437214732170105 -0.28002583980560303 0.1759980320930481
910 -0.047830868512392044 -0.17190812528133392 -0.9839511513710022
911 -0.9945603609085083 -0.04349173977971077 0.094648189842700958
912 0.14785720407962799 0.98482745885848999 0.090847015380859375
913 -0.91933214664459229 0.23896902799606323 -0.31260553002357483
914 -0.96168392896652222 0.17120905220508575 -0.21412958204746246
915 -0.99854910373687744 0.0361747145652771 -0.039889514446258545
916 -0.23909898102283478 0.96505701541900635 -0.10722286254167557
917 -0.18965739011764526 0.96967458724975586 -0.15414683520793915
918 -0.99469572305679321 -0.089828260242938995 -0.050113167613744736
919 0.32335129380226135 0.94087505340576172 -0.10098578035831451
920 -0.075906068086624146 0.99384641647338867 0.080669835209846497
921 -0.94062715768814087 -0.32618933916091919 -0.093920789659023285
922 -0.96371263265609741 -0.25851118564605713 -0.06655825674533844
923 0.033830028027296066 0.0016040559858083725 -0.99942630529403687
924 -0.9511076807975769 0.038170415908098221 0.30649194121360779
925 -0.097883313894271851 0.96833276748657227 -0.22967498004436493
926 -0.30353924632072449 0.92557507753372192 -0.22621850669384003
927 -0.99755090475082397 -0.069242559373378754 0.0098841991275548935
928 -0.99766260385513306 -0.017985183745622635 0.065923124551773071
929 -0.064874887466430664 0.96489393711090088 -0.25450149178504944
930 -0.90351825952529907 0.3134026825428009 0.29229021072387695
931 -0.25884142518043518 0.93874150514602661 -0.2275204211473465
932 -0.98918306827545166 -0.10541115701198578 -0.1020069345831871
933 -0.032993953675031662 -0.18811118602752686 -0.98159337043762207
934 -0.89659398794174194 0.29716619849205017 -0.32834663987159729
935 -0.94577246904373169 -0.29935353994369507 -0.12610271573066711
936 -0.44138610363006592 0.84141796827316284 0.31175991892814636
937 0.48361361026763916 0.20743530988693237 -0.85034608840942383
938 -0.21799254417419434 0.97572797536849976 -0.020838769152760506
939 -0.17368724942207336 0.97924357652664185 -0.10447375476360321
940 -0.9995732307434082 -0.026052642613649368 0.013214909471571445
941 0.083051010966300964 0.99497056007385254 0.056001190096139908
942 0.27970674633979797 0.18096870183944702 -0.94287568330764771
943 -0.96866536140441895 -0.084376528859138489 0.23359799385070801
944 -0.9159083366394043 0.20824316143989563 -0.34314236044883728
945 -0.31508073210716248 0.92796117067337036 0.19902826845645905
946 -0.17195785045623779 0.38882622122764587 -0.90512138605117798
947 -0.070658586919307709 0.99743765592575073 -0.011203616857528687
948 -0.90288573503494263 -0.2996898889541626 -0.30819368362426758
949 -0.056992843747138977 0.99794477224349976 -0.029294483363628387
950 0.30707195401191711 -0.3252827525138855 -0.89437013864517212
951 -0.98845952749252319 -0.040151197463274002 0.14606747031211853
952 -0.028654403984546661 0.028268884867429733 -0.99918961524963379
953 -0.98468166589736938 -0.17124702036380768 -0.032810427248477936
954 -0.99521863460540771 -0.074547000229358673 0.063107937574386597
955 0.38143765926361084 0.92122399806976318 -0.076495900750160217
956 -0.98615735769271851 -0.1595129668712616 -0.0452687107026577
957 -0.049009319394826889 0.99490004777908325 0.088158920407295227
958 -0.97382092475891113 -0.21356098353862762 -0.077875636518001556
959 -0.13348875939846039 0.32278817892074585 -0.93701046705245972
960 -0.30083486437797546 0.95366388559341431 0.0048590302467346191
961 -0.037531834095716476 0.98500639200210571 -0.16838568449020386
962 -0.9423297643661499 0.095024041831493378 0.32091283798217773
963 0.090503260493278503 0.97276055812835693 0.2134152352809906
964 -0.99701589345932007 0.025322070345282555 -0.07292521744966507
965 -0.18170377612113953 0.065178103744983673 -0.98119086027145386
966 0.025344949215650558 -0.04123561829328537 -0.99882793426513672
967 -0.92803233861923218 -0.28628957271575928 -0.23831565678119659
968 -0.169464111328125 -0.14718261361122131 -0.97448408603668213
969 0.3092973530292511 0.94376134872436523 0.11683207005262375
970 0.26353603601455688 0.96280562877655029 -0.059616837650537491
971 -0.95218884944915771 -0.24422906339168549 -0.18354444205760956
972 -0.14564003050327301 0.075482293963432312 -0.98645395040512085
973 -0.87709224224090576 0.28387123346328735 0.38746145367622375
974 0.24312594532966614 -0.25848099589347839 -0.93492108583450317
975 0.03367205336689949 -0.023139003664255142 -0.99916505813598633
976 0.0001788921799743548 -0.084865018725395203 -0.99639242887496948
977 0.0057147280313074589 0.99875634908676147 -0.049529589712619781
978 -0.012099530547857285 -0.13708266615867615 -0.99048572778701782
979 -0.15060016512870789 0.98225522041320801 0.11177802085876465
980 -0.98265206813812256 0.089178271591663361 -0.16261057555675507
981 -0.089489638805389404 -0.11308352649211884 -0.9895472526550293
982 0.16511107981204987 -0.30155274271965027 -0.93904435634613037
983 -0.23071743547916412 0.078940518200397491 -0.96981334686279297
984 -0.091783933341503143 -0.089153386652469635 -0.99177992343902588
985 -0.37942913174629211 0.88889914751052856 0.25669422745704651
986 -0.11872127652168274 0.049470521509647369 -0.99169450998306274
987 -0.99722445011138916 -0.010355730541050434 0.073730744421482086
988 -0.94684362411499023 0.1552257239818573 -0.28176623582839966
989 -0.23568704724311829 0.11858642101287842 -0.96456670761108398
990 -0.99939131736755371 0.028499193489551544 0.020118780434131622
991 -0.97248536348342896 -0.023954791948199272 0.2317291647195816
992 0.32753163576126099 0.94355654716491699 -0.049234863370656967
993 0.12898027896881104 -0.25617432594299316 -0.95798683166503906
994 0.20315419137477875 0.9789469838142395 -0.019780190661549568
995 -0.41178762912750244 0.85524868965148926 0.31461188197135925
996 -0.97721731662750244 -0.1387486457824707 -0.16060864925384521
997 0.0048019280657172203 0.9999663233757019 0.0066558551043272018
998 -0.9994848370552063 0.025924829766154289 -0.018920334056019783
999 -0.077481187880039215 0.97789901494979858 -0.19419105350971222
1000 -0.43821126222610474 0.82470214366912842 -0.3575434684753418
1001 -0.018502144142985344 -0.15834423899650574 -0.98721063137054443
1002 -0.94617325067520142 -0.24138316512107849 -0.21561633050441742
1003 0.24767400324344635 0.96875441074371338 -0.013137177564203739
1004 0.191775843501091 0.98139733076095581 0.0090177925303578377
1005 0.12598782777786255 0.92598801851272583 0.35591194033622742
1006 -0.20497120916843414 0.97054034471511841 0.12664243578910828
1007 0.067935138940811157 0.95464372634887695 0.28989696502685547
1008 0.33957496285438538 -0.018403515219688416 -0.94039899110794067
1009 -0.068014122545719147 -0.28023502230644226 -0.95751887559890747
1010 -0.94539856910705566 -0.042322158813476562 0.32315719127655029
1011 -0.078273653984069824 0.97350627183914185 0.21484605967998505
1012 -0.19540020823478699 0.96068805456161499 0.19722405076026917
1013 -0.96851253509521484 0.24773600697517395 -0.024706555530428886
1014 -0.9824751615524292 0.067034237086772919 -0.17392235994338989
1015 -0.87454599142074585 0.34549254179000854 0.34030023217201233
1016 -0.99617868661880493 0.039996594190597534 -0.077642284333705902
1017 -0.1171225905418396 0.061311420053243637 -0.99122309684753418
1018 0.05543217808008194 0.97530490159988403 0.21379351615905762
1019 -0.28077647089958191 0.095718875527381897 -0.95498818159103394
1020 0.071809276938438416 0.96511238813400269 0.2517966628074646
1021 0.0062012560665607452 0.9966391921043396 0.081681624054908752
1022 -0.99976259469985962 -0.021707480773329735 0.0018779212841764092
1023 0.0057314573787152767 0.99642693996429443 0.084264703094959259
