5248 3
0 1 2
2 1 3
4 5 6
7 8 9
10 11 12
13 14 15
16 17 18
6 19 4
9 20 7
13 21 22
23 24 25
26 27 28
29 30 31
15 32 13
18 33 16
11 34 12
22 21 35
36 37 38
39 1 40
41 42 43
15 14 44
45 17 16
27 46 28
29 47 30
37 7 38
12 48 10
43 6 41
3 1 39
0 2 49
44 50 51
52 53 45
25 54 23
55 56 57
57 58 55
51 59 44
45 60 52
8 61 9
13 32 21
4 48 5
62 17 53
50 14 63
64 7 37
24 34 25
40 33 39
64 8 7
38 65 36
42 66 43
64 37 67
68 69 70
70 71 68
72 69 68
73 74 75
67 37 76
77 69 72
78 39 18
79 80 81
82 83 84
72 68 85
86 10 4
75 74 83
84 83 87
82 88 89
3 39 90
91 38 92
93 13 22
88 94 89
78 18 95
96 43 97
72 85 41
87 57 79
82 84 88
84 79 81
98 99 100
84 81 88
101 102 103
104 3 90
86 4 105
106 11 10
107 82 89
15 73 75
77 72 108
109 83 82
110 111 112
90 39 78
113 89 114
115 116 117
84 87 79
106 10 86
81 80 101
118 94 88
89 94 114
117 119 120
121 114 122
123 9 124
124 9 125
83 74 87
100 99 126
94 127 128
129 11 106
25 11 129
72 41 108
130 131 132
101 80 102
102 133 103
114 128 122
134 115 135
136 122 119
114 94 128
130 132 137
115 117 138
139 140 141
117 136 119
117 116 136
112 111 134
124 125 142
143 25 129
107 109 82
113 107 89
81 101 118
144 77 145
112 134 135
115 138 135
109 75 83
146 116 115
15 44 73
117 120 138
133 147 148
119 149 120
85 42 41
121 113 114
150 126 151
103 133 148
136 121 122
81 118 88
126 99 151
112 135 152
122 153 119
128 153 122
77 108 145
131 154 140
134 146 115
12 155 126
101 103 156
119 153 149
157 158 153
135 159 152
127 157 128
160 161 67
69 111 110
128 157 153
144 145 151
144 151 146
162 163 164
165 166 167
168 169 170
145 150 151
136 98 121
134 144 146
0 137 169
148 171 172
103 148 172
173 170 174
150 12 126
112 152 175
49 130 137
161 176 67
108 5 145
101 156 118
151 99 146
41 6 108
173 40 168
177 15 75
100 178 98
120 141 138
176 64 67
173 168 170
136 116 98
168 0 169
145 5 150
179 180 162
147 45 16
0 49 137
146 99 116
118 127 94
181 182 183
178 184 185
113 185 107
172 174 156
165 186 166
6 5 108
103 172 156
77 111 69
172 173 174
155 100 126
187 188 189
183 190 191
109 177 75
172 171 173
138 159 135
167 192 181
110 112 175
147 16 148
193 194 195
196 197 179
160 67 76
16 171 148
76 37 36
198 110 175
199 200 159
198 201 202
195 186 165
192 182 181
203 70 198
131 8 154
162 180 163
134 111 144
170 158 157
166 186 203
198 175 201
160 76 204
76 36 205
144 111 77
116 99 98
198 70 110
98 178 121
189 206 207
166 203 202
141 159 138
208 209 196
203 198 202
70 69 110
210 160 204
173 171 40
23 21 211
85 212 42
210 204 190
113 178 185
169 158 170
121 178 113
197 180 179
183 182 190
191 213 214
215 211 177
216 217 193
166 192 167
156 127 118
207 51 218
214 219 220
221 52 208
222 223 216
132 224 137
201 225 202
68 226 85
185 215 107
182 210 190
166 202 192
193 217 194
109 215 177
107 215 109
132 140 139
100 184 178
202 225 192
188 206 189
194 186 195
196 209 197
192 225 182
132 139 224
174 127 156
152 200 227
214 213 219
120 139 141
190 213 191
174 157 127
160 228 161
207 206 51
52 209 208
201 228 225
203 71 70
204 213 190
170 157 174
153 158 149
158 224 149
71 226 68
182 225 210
223 217 216
185 184 229
169 224 158
152 227 175
224 139 149
229 23 211
159 200 152
76 205 204
137 224 169
228 227 161
155 184 100
149 139 120
217 226 194
131 140 132
194 226 71
141 199 159
225 228 210
194 71 186
215 229 211
186 71 203
210 228 160
227 200 161
226 212 85
140 199 141
176 200 199
185 229 215
201 227 228
175 227 201
217 212 226
154 8 64
213 205 219
161 200 176
223 212 217
204 205 213
155 24 184
212 27 42
140 154 199
36 30 205
176 154 64
184 24 229
229 24 23
205 30 219
199 154 176
223 27 212
230 2 104
44 14 50
53 17 45
130 231 61
104 2 3
61 231 125
63 14 93
95 17 62
43 19 6
230 232 2
7 20 38
12 34 155
150 48 12
21 32 211
177 32 15
2 232 49
16 33 171
130 61 131
125 232 142
96 19 43
4 19 105
39 33 18
91 65 38
43 66 97
143 54 25
38 20 92
123 20 9
168 1 0
164 56 55
55 58 187
25 34 11
87 233 57
234 47 29
28 46 235
220 47 234
235 46 222
57 236 79
237 238 239
240 241 242
21 54 35
218 238 237
242 241 221
30 47 219
223 46 27
239 50 63
62 53 240
5 48 150
131 61 8
93 14 13
18 17 95
10 48 4
9 61 125
23 54 21
26 66 27
30 65 31
155 34 24
211 32 177
171 33 40
142 232 230
57 233 58
56 236 57
36 65 30
105 19 96
27 66 42
31 65 91
97 66 26
35 54 143
92 20 123
40 1 168
163 56 164
187 58 188
125 231 232
51 238 218
221 241 52
243 236 163
219 47 220
222 46 223
73 244 74
245 246 133
102 245 133
147 60 45
133 246 147
44 59 73
80 236 243
80 243 102
197 246 245
180 243 163
79 236 80
197 245 180
74 233 87
188 244 206
73 59 244
209 246 197
188 233 244
244 59 206
243 245 102
206 59 51
180 245 243
52 60 209
246 60 147
244 233 74
209 60 246
52 241 53
49 231 130
50 238 51
239 238 50
53 241 240
163 236 56
58 233 188
232 231 49
247 248 249
250 2626 252
249 253 247
252 254 250
255 256 257
258 259 260
261 262 263
264 265 266
267 268 269
256 270 257
260 271 258
267 272 273
264 2627 275
2667 277 278
2628 2673 281
282 2660 2629
266 285 264
269 286 267
262 287 263
275 274 288
259 268 289
273 272 290
291 292 2630
266 265 294
2673 295 281
269 268 296
284 247 2631
248 297 249
296 259 258
298 254 2632
2633 251 300
293 256 2634
263 301 261
294 302 303
296 268 259
278 2635 2667
305 306 307
307 308 305
282 2636 2660
303 310 294
299 271 2637
267 286 272
264 285 2627
257 301 255
250 254 298
302 265 311
277 287 278
256 312 2634
313 314 315
255 312 256
297 314 313
284 316 247
292 317 2630
2632 318 2638
320 2668 322
323 324 325
326 324 323
327 328 329
330 328 327
325 324 331
332 320 322
333 2637 260
334 335 336
337 323 325
338 261 257
250 298 339
340 249 341
2639 343 344
345 250 339
327 346 330
347 343 2639
348 2640 2643
351 264 275
352 348 2643
353 2630 354
326 307 334
355 356 357
352 358 348
358 334 336
266 337 325
358 336 348
332 322 2641
2642 2631 361
362 262 261
338 257 363
330 346 364
365 352 2643
347 366 343
333 260 367
336 335 355
350 349 2644
369 350 2644
355 335 356
331 324 352
362 261 338
358 326 334
2645 2637 333
258 370 371
372 325 331
329 328 373
374 2640 348
258 375 370
322 376 2641
356 377 357
378 328 330
349 379 2646
381 262 362
278 262 381
364 346 382
2644 349 2646
327 329 383
384 385 2653
373 368 387
329 387 388
389 390 391
392 383 390
368 380 387
336 355 374
377 393 394
389 392 390
296 258 371
395 267 273
396 278 381
384 397 385
365 331 352
389 398 392
329 373 387
369 2647 350
372 266 325
366 399 343
329 388 383
2648 2650 401
402 398 389
266 294 337
269 371 403
343 2656 344
405 342 406
336 374 348
373 2649 368
392 398 346
357 377 394
392 327 383
2650 359 407
408 2651 342
346 398 382
355 357 409
410 411 364
412 403 397
390 413 391
414 415 388
352 324 358
2652 2639 344
416 364 382
269 296 371
402 389 405
389 391 405
383 417 390
2650 407 401
382 398 401
411 378 330
263 418 411
385 415 414
407 382 401
419 420 421
407 416 382
422 384 2653
411 330 364
416 255 410
379 2654 2646
400 320 332
384 412 397
390 417 413
391 408 405
424 425 426
416 410 364
388 417 383
358 324 326
2655 404 428
408 342 405
412 269 403
401 398 402
344 2656 427
2657 2629 2661
357 394 430
410 263 411
2664 372 331
370 432 371
355 409 374
433 434 435
431 2662 2658
438 439 440
402 405 406
418 378 411
2657 386 2659
392 346 327
373 442 2649
435 443 444
2648 401 402
2629 2660 2661
276 274 2658
376 292 291
424 445 425
365 2664 331
376 291 2641
2657 2661 386
419 446 420
357 430 409
428 434 433
384 447 412
421 428 433
430 441 409
422 447 384
448 344 427
449 450 451
440 445 424
2648 402 406
448 400 2652
408 452 453
2662 276 2658
431 2663 2662
455 456 438
457 458 459
430 429 441
2664 437 372
374 2665 2640
460 320 448
416 312 255
459 446 419
359 312 407
448 2652 344
407 312 416
420 446 2666
283 447 422
283 272 447
461 315 455
462 300 463
385 414 423
448 320 400
420 2666 2655
444 464 462
2634 312 359
460 448 427
451 465 466
435 434 443
418 467 378
438 456 439
420 428 421
468 469 457
442 454 2649
385 423 2653
428 404 434
2647 2663 431
466 303 470
471 472 468
387 414 388
369 2663 2647
420 2655 428
462 464 300
439 445 440
457 469 458
409 2665 374
397 415 385
315 456 455
464 2633 300
450 465 451
458 446 459
418 277 467
443 464 444
322 473 376
391 452 408
436 277 2667
376 474 292
423 414 380
467 277 436
452 432 370
441 2665 409
403 475 397
2668 473 322
469 2669 458
373 328 442
442 328 378
466 465 303
460 2668 320
2659 2654 379
453 452 370
371 432 403
475 415 397
403 432 475
380 414 387
408 453 2651
458 2669 321
386 2654 2659
472 469 468
2638 318 366
366 2670 399
475 432 413
417 475 413
388 415 417
347 2638 366
413 452 391
454 467 436
375 453 370
417 415 475
442 467 454
464 476 2633
443 476 464
2671 476 443
458 321 446
378 467 442
446 321 2666
434 2671 443
343 399 2656
469 2672 2669
413 432 452
473 474 376
472 2672 469
404 2671 434
375 299 319
474 280 292
375 319 453
453 319 2651
472 2673 2672
394 248 316
2670 318 252
366 318 2670
429 316 284
394 316 430
294 265 302
316 248 247
430 316 429
341 313 477
2674 2626 345
2637 271 260
247 253 2631
393 248 394
367 259 289
311 265 351
289 268 395
249 313 341
345 2626 250
293 270 256
340 253 249
2631 253 361
410 301 263
2627 285 437
372 285 266
412 286 269
272 286 447
263 287 418
258 271 375
2630 317 354
360 2636 282
396 2635 278
353 270 293
257 270 363
426 306 305
305 308 449
278 287 262
326 479 307
477 480 481
482 483 478
281 295 484
481 480 461
463 483 482
484 295 471
307 485 334
318 254 252
274 304 288
486 487 488
470 487 486
472 295 2673
272 309 290
260 259 367
393 297 248
488 302 311
255 301 410
351 265 264
395 268 267
261 301 257
276 304 274
283 309 272
279 317 280
361 253 340
437 285 372
447 286 412
249 297 313
418 287 277
307 479 308
306 485 307
375 271 299
280 317 292
2632 254 318
354 317 279
2675 2635 396
2676 2636 360
363 270 353
425 306 426
449 308 450
313 480 477
478 483 251
489 314 393
303 487 470
461 480 315
300 483 463
490 485 425
471 295 472
491 489 377
356 491 377
377 489 393
337 492 323
335 490 356
294 310 337
439 489 491
335 485 490
323 479 326
445 490 425
334 485 335
439 491 445
456 489 439
337 310 492
450 492 465
450 479 492
492 310 465
490 491 356
465 310 303
445 491 490
492 479 323
456 314 489
315 314 456
302 487 303
315 480 313
251 483 300
488 487 302
393 314 297
425 485 306
308 479 450
493 494 495
2677 2704 498
499 500 501
501 502 499
503 504 505
2680 507 508
2704 509 498
2683 511 512
513 504 503
495 494 514
515 516 517
518 519 520
521 2678 523
523 2678 524
2679 2683 512
2697 527 528
517 516 529
508 530 2680
520 519 531
532 533 534
532 534 522
510 507 2680
527 535 528
536 537 538
539 517 540
2681 2678 521
541 537 536
523 524 542
543 516 544
545 533 546
536 547 542
513 502 501
542 547 523
548 2682 550
551 494 552
553 551 552
540 554 539
555 556 557
558 559 560
552 494 493
538 547 536
533 561 546
557 537 541
501 504 513
562 530 563
544 564 543
565 566 567
2683 506 511
568 569 570
571 503 505
572 573 574
575 530 562
563 530 508
576 569 568
577 2684 2685
557 556 537
560 559 579
507 580 508
580 581 582
583 584 582
507 581 580
585 586 543
587 497 574
549 588 2685
567 566 495
589 586 590
591 576 592
593 576 594
2686 596 597
543 586 589
582 581 583
583 598 584
599 591 592
2688 587 2687
601 2688 602
576 568 594
586 603 590
587 574 2687
604 605 606
607 2690 608
609 610 611
612 601 602
613 519 518
601 587 2688
2689 497 587
518 520 565
615 616 617
591 569 576
570 618 568
619 620 613
621 518 565
584 598 622
2690 522 608
592 576 593
2689 587 601
579 551 553
623 579 624
625 605 604
2689 601 2691
627 614 626
600 575 562
540 517 529
628 623 624
629 616 615
522 534 608
590 603 616
630 624 499
600 562 631
632 514 633
634 620 619
600 631 2692
635 636 637
638 513 639
613 518 640
616 603 617
641 603 642
529 516 543
625 604 643
2692 591 599
644 609 611
642 603 586
645 2690 607
607 608 595
611 610 646
525 2708 648
542 524 645
646 649 650
574 573 651
619 613 640
540 529 589
562 563 652
621 565 653
654 655 635
563 508 656
604 578 2694
608 2693 595
508 580 656
658 605 659
660 650 629
585 548 658
661 654 662
612 602 599
633 623 663
664 665 655
642 585 658
643 2694 2681
641 642 659
562 652 631
654 635 662
604 2694 643
630 499 666
642 658 659
563 656 667
606 605 658
649 589 590
632 633 663
649 540 589
668 664 655
669 661 670
615 617 671
563 667 652
661 662 670
672 622 673
2691 601 612
674 514 632
649 590 650
628 624 630
541 536 675
640 518 621
660 646 650
676 671 677
593 594 555
656 678 667
656 679 678
680 648 664
676 615 671
679 580 582
681 525 648
529 543 589
548 550 606
665 528 636
679 682 678
650 616 629
673 622 669
617 603 641
663 623 628
654 668 655
683 566 684
685 686 687
536 542 675
672 584 622
669 622 661
655 636 635
625 643 688
689 677 685
617 641 690
642 586 585
679 582 691
669 670 692
689 676 677
641 659 693
675 542 645
635 637 694
677 686 685
668 680 664
534 2693 608
548 606 658
582 584 691
687 686 695
696 605 625
665 636 655
691 697 682
672 687 697
698 611 646
617 690 671
679 691 682
646 610 649
681 510 525
680 681 648
696 625 699
673 685 687
654 598 668
700 629 615
656 580 679
701 702 703
687 695 697
697 704 682
590 616 650
705 706 707
643 2681 521
708 660 629
652 569 631
659 605 696
668 598 583
649 610 540
673 669 709
693 710 690
622 598 661
709 689 685
669 692 709
703 710 693
631 591 2692
682 711 678
691 672 697
686 712 695
701 713 702
531 644 611
635 694 662
712 714 695
659 696 693
676 700 615
667 570 652
641 693 690
570 569 652
715 716 717
710 718 690
625 688 699
672 673 687
715 717 719
720 721 722
690 718 671
677 718 686
661 598 654
702 710 703
673 709 685
670 723 692
678 724 667
660 698 646
682 704 711
725 549 726
714 727 704
691 584 672
493 683 728
668 583 680
729 730 713
696 703 693
695 704 697
705 731 706
699 701 703
701 729 713
732 733 730
671 718 677
734 512 735
594 556 555
696 699 703
700 708 629
2695 544 736
706 737 707
737 553 552
738 526 739
705 707 728
689 731 676
707 552 493
667 724 570
708 740 660
741 577 742
676 731 700
732 538 743
637 715 694
681 507 510
700 705 708
683 740 728
643 521 688
705 728 708
700 731 705
707 737 552
729 732 730
707 493 728
711 724 678
493 495 683
744 2696 738
746 539 747
717 501 719
732 743 733
568 748 594
680 581 681
749 572 750
662 751 670
631 569 591
713 727 714
660 740 698
698 531 611
538 537 743
670 751 723
694 751 662
719 558 752
692 753 754
755 546 741
728 740 708
695 714 704
2695 2682 544
756 2698 744
521 758 688
747 759 760
681 581 507
701 761 729
718 712 686
731 754 706
715 719 752
553 560 579
521 523 758
583 581 680
761 762 729
699 761 701
689 754 731
715 752 694
692 754 709
688 761 699
763 2699 756
2705 545 755
760 765 766
732 762 538
752 751 694
758 761 688
702 714 712
745 767 527
710 712 718
754 753 706
2696 526 738
709 754 689
713 714 702
745 527 2697
730 727 713
702 712 710
741 546 577
729 762 732
751 768 723
744 2698 2696
539 759 747
706 753 737
647 769 770
723 753 692
704 727 711
657 533 532
758 762 761
550 578 606
723 771 753
711 772 724
737 771 553
753 771 737
545 546 755
752 768 751
2699 2698 756
748 556 594
727 772 711
760 759 765
606 578 604
558 768 752
733 772 730
745 757 767
523 547 758
730 772 727
768 771 723
772 618 724
758 547 762
724 618 570
770 2700 647
762 547 538
639 503 774
733 618 772
514 567 495
2708 775 648
664 775 665
776 2701 764
637 716 715
766 778 779
775 780 665
571 505 757
757 505 767
618 748 568
2685 588 577
511 781 512
767 716 527
778 782 620
733 748 618
783 509 627
498 509 783
530 2702 2680
638 502 513
528 2703 2697
575 2702 530
513 503 639
499 502 666
543 564 585
743 748 733
743 556 748
623 551 579
537 556 743
684 566 520
2709 780 775
565 567 653
614 509 2704
674 567 514
2705 777 545
657 561 533
720 784 721
526 784 739
531 684 520
765 778 766
574 651 2687
496 785 497
515 517 746
624 559 499
501 500 719
506 573 511
534 786 2693
648 775 664
736 516 515
787 788 634
781 573 572
597 789 790
683 684 740
779 788 787
698 684 531
790 789 776
610 554 540
574 785 572
771 560 553
528 535 636
770 769 734
558 560 768
512 781 735
722 2700 770
749 781 572
725 588 549
577 588 742
774 2706 792
2693 786 777
2707 791 763
651 573 506
717 504 501
716 793 717
609 794 759
716 535 527
637 535 716
750 785 496
759 794 765
512 769 2679
782 795 620
666 502 638
759 554 609
499 559 500
739 784 720
539 554 759
767 793 716
719 500 558
572 785 750
633 494 551
531 519 644
511 573 781
633 551 623
2708 773 775
514 494 633
495 566 683
740 684 698
653 567 674
746 517 539
548 564 2682
768 560 771
2682 564 544
546 561 577
520 566 565
497 785 574
765 782 778
544 516 736
577 561 2684
734 769 512
2679 769 647
533 786 534
503 2706 774
596 789 597
579 559 624
775 773 2709
609 554 610
2684 561 657
585 564 548
620 795 613
627 509 614
634 788 620
545 786 533
735 781 749
571 2706 503
644 794 609
636 535 637
644 795 782
2703 780 2709
742 588 725
778 788 779
776 789 2701
519 795 644
763 791 2699
665 780 528
721 2700 722
500 559 558
2701 789 596
505 793 767
620 788 778
777 786 545
782 794 644
528 780 2703
504 793 505
765 794 782
717 793 504
613 795 519
796 2710 798
796 799 2710
799 796 2711
2713 802 803
804 799 2711
805 806 807
806 808 807
809 2712 800
2712 809 810
802 2713 811
812 813 814
815 812 814
816 817 818
819 817 820
821 822 823
824 819 820
825 2714 2720
828 829 826
2727 831 832
833 805 807
808 815 814
831 834 832
817 819 818
815 808 806
823 822 835
2715 834 831
805 833 836
2716 813 812
829 828 837
2717 2713 803
839 825 2720
2714 825 840
2718 2714 840
801 841 2719
842 843 844
845 846 843
846 847 843
842 845 843
842 844 848
847 846 849
829 837 850
851 852 853
851 853 854
855 856 850
852 851 849
857 855 850
858 859 860
861 862 863
864 865 849
859 866 860
846 852 849
856 829 850
867 839 2720
856 868 829
856 869 868
2721 871 848
848 871 872
873 874 875
857 850 876
877 857 876
865 847 849
878 879 880
856 881 869
882 875 802
883 2722 827
875 874 802
884 885 862
886 832 887
888 873 875
884 853 885
877 889 857
890 891 858
851 864 849
892 891 890
893 889 877
894 895 896
829 868 826
881 897 869
898 851 854
899 878 880
900 898 854
901 877 876
867 902 839
843 903 844
904 905 858
847 903 843
867 906 902
890 858 860
907 908 901
888 909 873
901 908 877
910 2723 830
858 905 859
799 2724 2710
913 799 804
914 915 883
916 903 847
917 842 918
919 920 882
873 917 874
905 921 861
891 904 858
854 853 884
915 2725 2722
868 883 827
883 915 2722
862 880 863
874 917 918
922 909 888
879 923 880
920 888 875
850 837 876
919 882 2726
855 881 856
882 920 875
869 883 868
889 892 890
925 888 920
914 926 915
922 927 909
913 2724 799
912 928 797
873 929 917
916 894 903
897 914 869
857 930 855
826 868 827
857 889 930
893 892 889
897 931 914
932 933 2715
934 899 935
903 894 896
832 886 936
908 893 877
865 916 847
937 913 804
873 909 929
938 939 940
914 883 869
941 819 824
917 845 842
862 899 880
914 931 926
855 942 881
844 903 896
915 943 2725
944 920 919
941 945 819
946 927 922
922 888 925
833 941 824
946 934 927
947 934 946
855 930 942
948 945 941
949 948 941
833 949 941
898 864 851
948 950 945
904 951 905
952 953 808
954 949 833
955 947 940
947 946 938
947 938 940
925 920 944
934 878 899
947 878 934
921 884 861
909 927 956
915 926 943
881 957 897
902 906 796
939 958 805
859 861 863
922 925 959
925 960 959
955 878 947
961 955 940
962 955 961
955 879 878
919 2726 2716
938 946 959
938 958 939
938 959 958
917 929 845
897 963 931
962 879 955
962 963 879
881 942 957
885 899 862
931 963 962
930 889 890
796 906 2711
852 964 965
929 909 956
852 965 853
897 957 963
926 931 966
946 922 959
959 960 958
960 944 815
816 926 966
943 816 809
962 961 966
964 929 956
967 968 825
957 942 866
937 2712 810
925 944 960
963 957 923
899 885 935
846 964 852
845 964 846
957 866 923
969 970 2718
943 926 816
971 972 838
900 854 921
845 929 964
931 962 966
956 927 935
927 934 935
879 963 923
972 973 801
974 2730 886
853 965 885
905 951 921
976 971 2728
973 974 841
2725 943 800
854 884 921
945 950 810
965 964 956
977 978 979
980 976 870
2727 911 831
809 816 818
942 930 860
930 890 860
866 942 860
943 809 800
965 956 935
876 837 823
866 859 863
971 838 2728
838 972 801
940 939 820
932 2715 831
973 841 801
901 876 823
841 974 886
885 965 935
951 900 921
870 976 2728
859 905 861
813 933 814
884 862 861
950 937 810
952 808 814
919 2716 812
816 966 817
808 953 807
954 833 807
880 923 863
923 866 863
815 944 812
805 958 806
2726 882 811
832 924 887
960 815 806
981 977 982
966 961 817
797 982 2729
817 961 820
911 932 831
834 924 832
944 919 812
961 940 820
886 2730 936
833 824 836
874 918 803
933 952 814
980 870 983
958 960 806
953 954 807
984 907 835
822 984 835
825 839 2732
820 939 836
986 980 983
975 987 2731
977 979 982
918 848 872
945 810 818
967 825 2732
824 820 836
825 968 840
928 988 989
979 978 985
969 2718 840
988 981 989
810 809 818
821 823 2733
837 828 2733
882 802 811
2727 832 936
901 823 835
918 842 848
844 896 991
802 874 803
992 910 993
895 2734 995
987 992 993
994 986 2735
902 796 798
896 2739 991
848 844 991
2718 970 990
902 798 996
2729 979 2736
982 979 2729
978 2737 985
970 2738 990
968 969 840
896 895 995
823 837 2733
924 2719 887
910 830 993
819 945 818
907 901 835
797 928 989
871 2717 872
803 918 872
981 982 989
979 985 2736
839 902 996
841 886 887
2721 848 991
939 805 836
2739 896 995
2739 2721 991
830 2731 993
982 797 989
986 983 2735
2731 987 993
2717 803 872
2719 841 887
2732 839 996
997 998 999
1000 997 999
1001 2740 1003
1004 1005 2741
2742 1006 2795
2753 1009 2743
1009 2753 2744
2745 1002 1012
1013 1014 1015
1016 2746 1011
2747 1016 1011
1014 1018 1015
1019 1020 999
1021 1022 1023
2743 1009 1024
1010 2750 1026
1027 1028 1029
1028 1027 1030
998 1019 999
1031 1032 1033
1005 1034 2741
1022 2748 1023
2748 1017 1023
1032 1023 1033
1032 1021 1023
1035 1032 1031
1034 1005 1036
1037 1035 1031
2749 1039 1040
1041 1042 1043
2740 1001 1044
1035 1037 1045
2750 2798 1026
1037 2751 1045
1048 1041 1049
2750 1010 1050
1043 1020 1049
1041 1043 1049
1047 1051 2752
2753 1052 2744
1053 1042 1041
1043 1054 1020
1055 1056 1042
2754 1058 2756
2755 1061 2766
1055 1062 1056
2754 2756 1063
2757 1051 1047
1058 1065 2756
1066 1048 1013
2758 1064 1067
1066 1068 1048
1042 1056 1043
1060 1069 2759
1064 1057 1067
2760 2754 1063
1070 1071 1072
1056 1054 1043
1073 2761 1008
1074 1000 1054
1074 1054 1056
2759 1075 1002
1022 1069 1060
1014 1013 1076
1077 2747 1011
1068 1053 1041
1078 1071 1070
1079 1080 1081
1082 1068 1066
1083 1053 1068
2762 1085 1086
1065 1055 1059
1022 1087 1069
2763 1038 1088
1052 2764 2744
2743 1024 2765
1079 1081 1086
1021 1087 1022
1065 1062 1055
1048 1068 1041
1077 1089 2747
2746 2755 2766
1016 2755 2746
1022 1060 2748
1062 1074 1056
1090 1028 1072
1071 1090 1072
1055 1042 1091
1021 1092 1087
2759 1069 1075
1023 1017 1033
1093 1092 1021
1092 1094 1095
1093 1096 1092
1083 1068 1082
2767 1096 1093
1037 1098 2751
1069 1087 1099
1085 1079 1086
1051 2771 2752
1098 2768 2751
1091 1042 1053
2767 1093 1035
1102 1103 1031
1103 1037 1031
1069 1099 1075
1093 1021 1032
2771 1097 2752
1097 2749 2769
2772 2770 2763
1093 1032 1035
1101 2757 1047
2771 2749 1097
1106 1107 1108
1109 1110 1111
1110 1084 1111
1004 1106 1108
2772 1112 2770
1109 1111 1105
1112 2773 2770
1113 2774 1057
1110 2775 1084
1090 1114 1028
1115 2776 1104
1103 1098 1037
1101 2777 2757
1004 1108 1005
2779 1100 2758
2780 2778 2742
1092 1096 1094
2767 1035 1045
1100 1117 1038
2779 1117 1100
1113 1057 1064
1116 2778 2780
1108 1107 1027
1087 1092 1095
1107 1083 1027
2781 2778 1116
1083 1082 1027
1118 1107 1106
1020 1019 1119
2779 2758 1067
1120 1053 1083
1120 1107 1118
1017 1089 1033
1099 1087 1095
1120 1083 1107
1055 1091 1059
1091 1053 1120
2781 1116 2760
1008 1026 1121
1102 1031 1033
1059 1091 2782
2781 2760 1063
1122 1078 1018
1080 2783 2745
1091 1120 2782
1120 1118 2782
1124 1125 1014
2784 2788 1001
1128 1129 1130
2785 2796 1133
1049 1130 1134
1073 1008 1121
1048 1049 1134
1089 1102 1033
2786 2785 2787
1001 2788 1044
2785 1133 2787
1078 1070 1018
1081 1080 2745
1054 1000 999
1133 1024 1135
2766 1061 2789
1034 2790 2741
1024 1133 2765
1124 1014 1076
1130 1129 1076
1108 1027 1029
1019 1128 1119
2769 2749 1040
1039 1105 1136
2780 2742 2791
2792 2750 1050
1123 2794 1138
1139 1122 1140
1095 2793 1142
2793 2762 1142
1125 1139 1140
2794 2784 1138
1129 1124 1076
1008 1010 1026
1130 1049 1119
1003 1123 1138
1122 1018 1140
1049 1020 1119
1040 1039 1136
1028 1114 1036
1143 1073 1121
2742 2795 2791
1001 1003 1138
1018 1014 1140
1115 1104 1006
1006 1104 2795
2772 2763 1007
1070 1072 1144
1020 1054 999
1012 1075 1145
1072 1028 1030
1015 1070 1144
1066 1013 1015
1061 2740 2789
1002 1075 1012
1128 1130 1119
1066 1015 1144
1145 1099 1142
1075 1099 1145
1144 1072 1030
1114 1034 1036
1018 1070 1015
1082 1066 1144
1133 2796 2765
1005 1108 1029
1099 1095 1142
1111 1084 1141
1130 1076 1134
1013 1048 1134
2797 2769 1040
1027 1082 1030
1081 1012 1145
2762 1086 1142
1082 1144 1030
1086 1081 1145
1086 1145 1142
1095 1094 2793
1038 1117 1088
2787 1133 1135
1105 1111 1136
2740 1044 2789
1014 1125 1140
2784 1001 1138
2798 1143 1121
1029 1028 1036
1081 2745 1012
1076 1013 1134
1141 2797 1136
1111 1141 1136
1007 2763 1088
2797 1040 1136
1026 2798 1121
1005 1029 1036
1126 1137 1146
1137 1147 1146
1148 1149 1150
1151 1152 1153
1154 1155 1156
1157 1152 1151
1158 1148 1150
1159 1127 1146
1152 1157 1160
1127 1126 1146
1155 1154 1161
1151 1153 1162
1163 1164 1160
2799 2800 2832
1168 2801 1170
1155 1171 1156
1164 1152 1160
2802 1173 1174
1173 2802 2807
1175 1176 1177
1172 1163 1160
1178 2803 1180
2804 2818 2834
2803 1178 1184
1176 1185 1186
1187 2809 1174
1189 2805 1191
1179 1192 2806
1169 1173 2807
1157 1168 1170
1154 1193 1194
1195 1177 1159
1192 1189 2806
1175 1196 1176
1197 1198 1175
1199 1200 1201
1202 1198 1197
1203 2810 1205
1177 1176 1186
2808 1165 1206
1207 1189 1191
1185 1208 1149
1159 1177 1186
2805 1189 1192
1209 1208 1185
1197 1175 1177
1210 1200 1199
1200 1151 1201
2809 2802 1174
1211 2811 1184
1149 1148 1213
1214 1215 1216
1195 1197 1177
1210 1168 1200
1217 1193 1154
1147 1218 1195
1174 1173 1184
1195 1218 1197
1178 1187 1174
1178 1174 1184
1219 1168 1210
1220 1221 1194
1160 1157 1170
1205 2810 2812
1200 1157 1151
1214 1222 1215
1164 1223 1152
1196 1209 1176
2811 2803 1184
1209 1224 1208
1198 1203 1205
1193 1220 1194
2812 1190 1225
1196 1226 1209
2813 1228 2816
1210 1230 1231
1230 1199 1155
1219 1210 1231
2816 1228 1181
1220 1232 1221
1202 1203 1198
1205 2812 1225
1209 1185 1176
1219 2801 1168
1173 1211 1184
1175 1198 1233
1218 1202 1197
2814 2801 1219
1235 1214 1216
2815 1235 1216
1204 1207 1191
1210 1199 1230
1221 1232 1237
1238 1219 1231
1239 2813 2816
1234 1211 1169
1172 1160 1170
2819 2817 1229
1175 1233 1196
2818 1211 1234
2814 1219 1238
1209 1226 1224
2818 2811 1211
1232 2817 2819
1240 1212 1182
1200 1168 1157
1241 1178 1180
1242 1236 2820
1244 1241 1180
1207 2821 1189
1242 1235 1236
1189 2821 2806
1241 1187 1178
1245 2822 1243
1227 1246 2823
1188 1163 1172
1247 1245 1243
1248 1245 1247
1246 2824 2799
2823 1246 2799
1248 1247 1165
2828 2825 1251
1212 1252 1179
2826 2808 2827
1169 1211 1173
1250 1240 1166
1240 1252 1212
1250 1252 1240
1250 2830 1252
1253 1254 1190
1179 1252 1192
2828 2829 2825
1127 1159 1255
2830 2805 1192
1196 1256 1226
1252 2830 1192
1196 1233 1256
1257 1249 1258
2831 2828 1251
1249 1254 1253
1257 1256 1254
1226 1256 1257
1233 1198 1205
1257 1254 1249
1259 1201 1260
1257 1258 1261
1226 1257 1261
1224 1226 1261
1256 1233 1225
1262 1186 1263
1190 1254 1225
1233 1205 1225
1182 1181 1264
1223 1265 1153
1222 1266 1158
1254 1256 1225
1186 1185 1263
1046 1025 1148
1125 1124 1267
1124 1129 1260
1132 1131 1262
1129 1128 1259
1128 1019 1171
1267 1124 1260
1129 1259 1260
1259 1128 1171
1152 1223 1153
1215 1222 1158
1147 1195 1146
1019 998 1156
1171 1019 1156
1201 1259 1268
1199 1201 1268
1153 1267 1162
2823 2799 2832
1148 1025 1213
1132 1262 1213
1229 2804 2837
2818 1234 2834
1131 1127 1255
1166 1240 1264
1265 1139 1270
1266 2833 1271
997 1217 1272
2833 1046 1271
1139 1125 1270
998 997 1272
1025 1132 1213
1186 1262 1255
1201 1151 1162
2804 2834 2837
1153 1265 1270
1158 1266 1271
1260 1201 1162
1159 1186 1255
1167 1166 1264
1148 1158 1271
1267 1153 1270
1273 1230 1161
1181 1228 1167
1216 1215 1274
1217 1154 1272
1195 1159 1146
2815 1216 1275
1149 1208 1150
1230 1155 1161
1215 1150 1274
1231 1273 1276
1231 1230 1273
1262 1131 1255
1155 1199 1268
2820 1236 1277
1150 1208 1274
1154 1194 1161
1247 1243 1278
1216 1274 1275
1238 1231 1276
1247 1278 1206
2820 1277 2835
1165 1247 1206
2815 1275 2836
1215 1158 1150
1208 1224 1274
1238 1276 1269
1194 1273 1161
1213 1262 1263
1185 1149 1263
1273 1221 1276
1194 1221 1273
2814 1238 1183
1274 1224 1275
1224 1261 1275
1275 1261 2836
1221 1237 1276
1261 1258 2836
1278 2827 1206
1277 2831 2835
1240 1182 1264
1259 1171 1268
2827 2808 1206
2819 1229 2837
2831 1251 2835
1276 1237 1269
1154 1156 1272
1171 1155 1268
1046 1148 1271
1125 1267 1270
1267 1260 1162
1156 998 1272
1149 1213 1263
1181 1167 1264
1183 1238 1269
2838 1280 1281
1282 1283 2839
2840 1279 1285
1286 1287 1288
1287 1289 1288
2880 1291 2841
2844 1291 2880
2842 1284 1294
1293 1295 2843
1291 2844 1296
2845 2846 1298
1283 1282 2847
2851 1300 1301
2848 1290 1303
1301 1300 1304
1305 1306 1307
1306 1305 1308
2849 1297 1309
1290 1310 1303
1311 2850 1313
1314 1315 1316
2850 1311 1304
1280 1315 1281
1300 2851 2852
1317 1307 1309
1305 1307 1317
1315 1314 1281
1284 2853 1294
1318 1286 1288
1319 2857 2854
2855 2856 1320
2857 2878 2854
2858 2859 1302
2860 2848 1303
1284 2861 2853
2862 1327 2863
2839 2862 2863
1327 2864 2863
2875 2865 1321
1330 2866 2867
2868 2875 1321
1332 2869 1334
1332 1335 2869
1335 2870 2869
1333 1337 2871
1338 1337 1333
1339 1340 1315
1110 1109 2842
1207 1204 1291
1078 1122 1289
1090 1071 2872
2776 1115 2845
2783 1080 1311
1147 1137 2883
1203 1202 1310
1139 1265 1318
1241 1244 1343
1163 1188 1279
1223 1164 1314
1034 1114 1305
1079 1085 2851
1330 2873 2866
1330 2840 2873
1280 1339 1315
2865 1339 1280
1283 2862 2839
1340 1335 1332
1339 1335 1340
1345 1326 2849
1338 1345 1337
2875 1339 2865
2875 1335 1339
1338 1326 1345
1338 2874 1326
2875 2870 1335
1336 1338 1333
2876 1336 1329
1336 2874 1338
2876 2874 1336
2877 2864 1327
2878 2879 2854
1322 1328 1331
1325 1346 1300
1328 1346 1325
1323 1328 1322
1323 1346 1328
1323 2850 1346
1324 2858 1302
1324 1312 2858
1318 1316 1286
1315 1340 1316
1289 1287 1347
2855 1320 2880
1316 1340 1286
1324 1342 1312
2881 1348 1349
1340 1332 1286
1350 1289 1347
2857 1319 1293
1348 2881 2886
1310 1290 1292
1319 1344 1295
1312 1342 2882
1346 2850 1304
2871 1337 1306
1286 1332 1287
1345 2849 1309
1320 2844 2880
1306 1337 1307
1311 1301 1304
1337 1345 1307
2873 2840 1285
1341 1306 1308
1295 1343 2843
1332 1334 1287
1352 2883 2860
1352 2860 1303
1316 1318 1353
1293 1319 1295
1218 1147 1352
1122 1139 1288
1078 1289 1350
1147 2883 1352
1114 1090 1308
2794 1123 2882
2872 1071 1350
1297 2790 1317
1291 1204 2841
1289 1122 1288
2776 2845 1298
2783 1311 1313
2810 1203 2884
1203 1310 1292
2821 1207 1296
1071 1078 1350
1305 1114 1308
1342 2794 2882
1139 1318 1288
1187 1241 1348
2773 1112 2847
1282 2773 2847
1080 1079 1301
1090 1341 1308
1207 1291 1296
1343 1244 2843
1079 2851 1301
2790 1034 1317
1311 1080 1301
1241 1343 1348
1034 1305 1317
1318 1265 1353
1223 1314 1353
1265 1223 1353
1279 1188 1351
1314 1316 1353
1310 1202 1354
1163 2838 1355
1314 1164 1355
1110 2842 1356
1299 2775 1356
2871 1306 2885
1306 1341 2885
1300 1346 1304
1295 1344 1349
2809 1187 2886
1344 2881 1349
1297 1317 1309
1164 1163 1355
2775 1110 1356
1202 1218 1354
1285 1279 1351
1303 1310 1354
1307 1345 1309
1281 1314 1355
2838 1281 1355
1287 1334 1347
1352 1303 1354
2842 1294 1356
1294 1299 1356
1187 1348 2886
1343 1295 1349
1218 1352 1354
2872 1350 1347
1348 1343 1349
1357 1358 2932
2932 1358 2887
1361 1358 1362
1358 1363 1362
981 988 1364
1365 1366 1367
1366 2888 1367
988 1369 1364
1370 1371 1372
2889 1368 1373
1368 2890 1373
1375 1376 2891
1378 1365 1370
1365 1378 1366
987 975 1379
1380 1381 1382
1383 1384 1385
1378 1370 1372
2892 1387 1388
1381 1380 1389
1385 1390 1391
1374 1392 2893
1393 2894 2896
1392 1374 1395
1390 1396 1391
1397 2895 1377
1384 1383 1398
987 1379 1399
1385 1384 1390
2894 1393 1400
1401 2892 1388
2896 1386 1402
1393 2896 1402
1403 977 1364
1404 1405 1403
1405 1404 1406
1407 1408 2897
977 981 1364
1406 1409 1410
1387 1411 1388
1411 1412 1388
1408 1407 1413
1405 1406 1410
2898 2894 1400
1415 2898 1400
1416 1409 2900
1409 1416 1410
977 1403 1418
1419 1361 1362
1420 1421 2902
1417 1423 2899
1416 2900 1424
1412 1411 1425
1426 1427 1379
1428 1396 1390
1429 2901 1431
1404 1432 1406
1433 1427 1426
1434 1435 1425
2901 1436 1431
1437 1428 1390
1438 1427 1433
1439 1440 1372
1441 1442 1443
1444 1426 1445
1439 1359 1440
1426 1401 1445
2899 1420 2902
1411 1434 1425
1426 1379 1401
1412 1445 1388
1432 1446 1406
1447 1443 1380
1448 1441 1443
1446 1409 1406
1445 1401 1388
1443 1442 1380
1449 2903 2930
1435 1451 1425
1452 1453 2904
1414 1434 1394
1444 1433 1426
1438 1455 1427
1369 1432 1404
1456 1433 1444
2905 1448 1443
1376 2906 1459
1428 1449 1396
1460 1461 1384
1462 1435 1434
1437 1463 1428
1464 1463 1437
1462 1434 1414
1396 1449 2930
1358 1357 1363
1456 1465 1433
2915 1467 2907
1469 2908 1457
2915 1431 1467
1461 1437 1390
1470 1471 1472
1460 1384 1398
1412 1473 1445
1464 1474 1463
1384 1461 1390
1473 1444 1445
1369 1404 1364
1428 1475 1449
1394 1411 1387
1476 1473 1412
1371 1435 1462
1458 1477 2909
1361 1478 1358
1479 2906 1376
1480 1481 1471
1465 1438 1433
1482 1483 1484
1441 2927 1442
1486 1451 1435
1470 1480 1471
1429 2910 2901
1476 1412 1425
1456 1488 1487
1489 1474 1464
1484 1483 1480
1358 1478 2887
1490 1437 1461
1491 1465 1456
1446 1492 1409
1405 1398 1403
1429 1493 2910
1484 1480 1494
1495 1423 1417
1482 1484 1360
1468 2911 2904
1491 1456 1487
1409 1492 2900
1488 1444 1473
1496 1469 1457
2912 2898 1415
1449 1498 2903
1397 1381 1389
1394 1434 1411
1428 1463 1475
1486 1435 1371
1456 1444 1488
1499 1461 1460
1472 2913 2888
1368 1500 2890
2890 1500 2914
1471 1496 1472
2915 1501 1431
1483 1481 1480
1464 1437 1490
1489 1502 1474
1447 2905 1443
2916 1502 1489
1493 1491 2910
1501 1429 1431
2921 1504 2917
1505 1473 1476
1451 1476 1425
1492 1495 1417
1472 1496 2913
1453 2918 1466
1474 1502 1392
1494 1470 1378
2899 1423 1420
1506 1496 1471
1488 1473 1505
1507 2919 2918
1508 1429 1501
1453 1507 2918
1495 2934 1423
1508 1493 1429
1510 1507 1453
1506 1469 1496
1511 1504 2921
2914 1500 2920
1511 2921 1512
2913 1496 1457
1494 1480 1470
1511 1513 1504
2916 1489 2922
1376 1515 2891
1464 1490 1516
1481 1506 1471
1517 1511 1512
2926 1518 1365
2923 1514 1421
1490 1461 1499
1462 1414 1497
1519 1476 1451
2924 1511 1517
1371 1439 1372
1521 1451 1486
1503 1514 2923
2924 1513 1511
1420 2925 1454
1449 1475 1498
1520 1518 2926
1490 1522 1516
1475 1463 1523
1521 1486 1518
1505 1476 1519
1521 1518 1520
1421 1514 2902
1519 1451 1521
1487 1488 1430
1489 1464 1516
1499 1460 1410
1479 1376 1375
1381 1475 1523
2922 1489 1516
2912 1415 1357
1460 1398 1405
1442 2927 2895
1474 1392 1523
1505 1519 2929
2924 1517 2928
1522 1499 1416
1519 1521 1524
1488 1505 1430
1498 1381 1397
1505 2929 1430
1396 2930 1391
1462 1497 1439
1460 1405 1410
1522 1416 1424
1497 1359 1439
2929 1519 1524
1478 2931 2887
1490 1499 1522
969 968 1408
972 971 1393
1521 1520 1524
1371 1462 1439
1463 1474 1523
1421 1420 1454
2912 1357 2932
1498 1475 1381
1522 1424 1422
1416 1499 1410
1516 1522 1422
2737 978 1383
974 973 1386
976 980 1525
2738 970 1526
1376 1459 1515
1431 1436 1467
1466 1468 2904
2922 1516 1422
2933 2911 1468
1420 1423 2925
1423 2934 2925
1510 1453 1452
1472 2888 1366
1486 1371 1370
1365 1518 1370
1378 1470 1366
1436 2928 1467
1467 1517 2907
1392 1502 2893
1517 1512 2907
2926 1365 1367
1453 1466 2904
2928 1517 1467
1485 1479 1375
1381 1523 1382
1509 1510 1452
1518 1486 1370
1470 1472 1366
1383 1385 1527
1523 1392 1382
822 821 1528
1504 1513 2889
1504 2889 1373
2917 1504 1373
1382 1392 1395
1455 992 1399
992 987 1399
1408 2935 2897
1379 1427 1399
969 1408 1413
1525 980 1529
1400 1393 1530
1526 970 1413
1450 1515 1531
1379 975 2937
2738 1526 2936
1533 1450 1531
1447 1380 1395
1525 1529 1534
1442 2895 1389
1360 1484 1440
1515 1459 1531
1359 1360 1440
972 1393 1402
1477 984 1535
1386 973 1402
1393 971 1530
984 822 1535
976 1525 1530
978 977 1418
2895 1397 1389
2903 1498 1377
2892 1401 2937
1515 1450 2891
1398 1383 1418
1380 1382 1395
1459 2936 1531
980 986 1529
1408 968 2935
2737 1383 1527
970 969 1413
1363 1357 1534
1357 1415 1534
1527 1385 1391
1529 1363 1534
2730 974 1532
973 972 1402
974 1386 1532
971 976 1530
1403 1398 1418
1529 986 1536
1401 1379 2937
1383 978 1418
1404 1403 1364
1498 1397 1377
1427 1455 1399
2909 1477 1535
968 967 2935
1415 1400 1537
1484 1494 1440
994 1419 1536
1440 1494 1372
1494 1378 1372
1526 1413 1533
1362 1529 1536
1530 1525 1537
1407 1450 1533
1374 1447 1395
1380 1442 1389
822 1528 1535
986 994 1536
1528 2909 1535
1413 1407 1533
1363 1529 1362
1526 1533 1531
2936 1526 1531
1400 1530 1537
1525 1534 1537
1534 1415 1537
1419 1362 1536
1538 1539 1540
2942 1542 1543
1538 1540 1544
1545 1546 1544
2927 1441 2938
1548 1549 1550
1548 1551 1549
1552 1545 1544
1543 1542 1553
2939 2954 2940
1556 1551 1557
1551 1548 1557
1541 1558 2941
1542 2942 1559
1560 1561 2943
2944 1562 1563
1549 1564 1565
1566 2945 2938
1554 1567 1568
1567 1554 1569
1558 1541 1570
1441 1566 2938
1571 1549 1565
1572 1573 1574
1539 1538 1575
1573 1572 1563
1576 1485 1547
1561 1560 1553
1568 1577 1570
1568 1567 1577
1540 1552 1544
1560 1543 1553
2946 2947 1546
2954 2947 2940
2946 1546 1545
1564 1580 1565
2948 1580 1564
1582 1583 2944
1584 2949 1583
2949 2950 1583
2965 1584 1583
1587 1588 1589
1590 1587 1589
1583 2950 2944
2951 2952 1589
1588 2951 1589
2952 1593 1589
2953 2956 2954
1596 1597 2956
2956 1597 2954
2962 1596 2956
2954 1597 2947
2955 2962 2956
1600 1601 1538
1441 1448 1566
908 907 1539
904 891 1602
864 898 1571
2931 1478 1542
1361 1419 1561
1481 1483 1558
984 1477 1552
892 893 2957
2734 895 1573
1469 1506 1567
894 916 1604
900 951 1548
2906 1479 1578
1605 2951 1588
2958 2951 1605
1594 2959 1595
1600 1591 1601
1606 1600 1538
1596 1606 1597
1585 2942 1543
1585 2960 2942
1607 2959 1594
1600 1592 1591
1596 1600 1606
1585 2961 2960
1596 1592 1600
1584 1599 2949
2962 1592 1596
2962 2963 1592
1584 1598 1599
1584 2964 1598
1593 1590 1589
2965 2964 1584
1590 1564 1587
1590 2948 1564
1586 1590 1593
1586 2948 1590
1582 2965 1583
1582 1581 2965
1572 1581 1582
1572 2966 1581
2947 1597 1546
1587 1564 1549
1604 2966 1572
1597 1606 1546
2957 1608 1575
1603 1609 1610
2957 1575 2967
1549 1571 1550
1588 1587 1551
1605 1588 1556
1611 1603 1610
1604 1572 1574
1579 1578 1576
1572 1582 1563
1594 1555 1554
1541 1607 1570
1551 1587 1549
1594 1554 1568
1546 1606 1544
1538 1601 1575
1562 1573 1563
1607 1594 1568
1479 1485 1576
1578 1479 1576
2945 1566 2968
1602 1556 1557
1604 2969 2966
1580 1612 1565
1588 1551 1556
916 865 2969
895 894 1574
898 900 1550
892 1603 1611
904 1602 1557
1604 916 2969
1558 1483 2941
2931 1542 1559
1419 994 2943
1483 1482 2941
2908 1469 1569
1469 1567 1569
984 1552 1540
894 1604 1574
1566 1448 2968
908 1539 1608
951 904 1557
1506 1481 1577
907 984 1540
1539 907 1540
893 908 1608
1571 898 1550
1567 1506 1577
1477 1458 1545
2734 1573 1562
891 892 1611
1481 1558 1577
1548 951 1557
900 1548 1550
1561 1419 2943
2957 893 1608
1573 895 1574
1458 2946 1545
1552 1477 1545
1602 891 1611
1606 1538 1544
864 1571 1613
1542 1478 1614
1361 1561 1614
1582 2944 1563
1605 1556 1610
1577 1558 1570
2958 1605 1609
1478 1361 1614
865 864 1613
1571 1565 1613
1579 1576 1547
1607 1568 1570
1565 1612 1613
1553 1542 1614
1561 1553 1614
1609 1605 1610
1556 1602 1610
1612 865 1613
1608 1539 1575
1575 1601 2967
1602 1611 1610
1615 1616 1617
764 1618 776
1619 1620 1621
1621 1622 1619
1623 1624 1625
2970 1627 1628
1618 1629 776
1630 1631 1632
1633 1624 1623
1634 1635 1636
1617 1616 1637
720 1638 1639
1640 1641 1642
1642 1641 1643
1644 1630 1632
1645 1646 1647
1639 1638 1648
1636 1635 1649
1628 1650 2970
1651 1652 1653
1651 1653 1641
1630 2971 1626
1646 1654 1647
1655 1656 1657
1658 1639 1659
1651 1641 1640
1660 1656 1655
1642 1643 2974
1662 1638 1663
2972 3031 1665
1655 2973 1661
1633 1622 1621
2974 1666 1642
1667 1668 1669
1670 1616 2975
1672 2976 1671
1659 1673 1658
1674 1675 1676
2977 2978 1679
2975 1616 1615
1657 2973 1655
3031 1680 1665
1676 1656 1660
1621 1624 1633
1681 1650 1682
1663 1683 1662
1630 1626 1631
1684 1685 1686
2982 2979 2980
1690 1623 1625
2981 1692 1693
1694 1650 1681
1682 1650 1628
1695 2979 2982
1696 1697 1669
1676 1675 1656
2983 3035 1698
1627 1699 1628
1699 2985 1701
2986 1703 1701
1627 2985 1699
1704 1705 1662
1706 1618 1693
1707 1635 1634
1668 1708 1669
1709 1705 1710
2990 1695 1712
2984 2987 1714
1715 1716 1717
1662 1705 1709
1701 2985 2986
2986 1718 1703
1719 2990 1712
1720 1706 1694
1721 1720 1722
2987 1687 1714
1705 1723 1710
1706 1693 1694
2988 1725 1726
1686 1685 1617
1727 1643 1728
1729 1730 1731
1732 1721 1722
1721 1706 1720
1733 1618 1706
1734 1735 2989
2990 2979 1695
1689 1737 1687
1738 1739 1707
1707 1634 1740
1703 1718 1741
1643 1641 1728
1712 1695 1713
1733 1706 1721
1698 2976 1672
1742 1698 2993
1744 2991 1724
1733 1721 1745
1746 1733 1745
1720 1694 1681
1659 1639 1648
2992 1742 2993
1748 1735 1734
1641 1653 1728
1634 1636 1684
1710 1723 1735
1749 1743 1619
1720 1681 1750
1751 1637 1752
1753 1739 1738
1720 1750 1722
1754 2994 3009
1757 1633 1758
1759 1634 1684
1735 1723 2989
3006 1723 1761
1648 1638 1662
1744 1724 1762
1722 1711 1719
1763 1729 1731
1761 1723 1705
1764 1643 1727
1727 1728 1715
1731 1730 1765
1644 1766 1767
2974 1643 1764
1765 1768 1769
1693 1692 1770
1738 1707 1740
1659 1648 1709
1681 1682 1771
1759 1684 1772
1773 1774 1754
1682 1628 1775
1776 1685 1777
2988 1697 2995
1728 1716 1715
1628 1699 1775
1779 1725 2996
1781 1769 1748
1704 1667 1779
1782 1773 1783
1732 1722 1719
1752 3007 1784
1785 3011 1774
1761 1704 1779
1762 1778 1651
3006 1761 2996
1681 1771 1750
1773 1754 1783
1724 1778 1762
1749 1619 1787
1761 1779 2996
1682 1775 1788
1726 1725 1779
1768 1709 1710
1751 1752 1784
1768 1659 1709
1789 1785 1774
3008 2997 2998
2999 1736 1792
1682 1788 1771
1782 1783 3000
3001 3004 1794
1745 1721 1732
1795 1637 1751
1768 1710 1769
3002 1743 1749
1660 1655 1796
1740 1634 1759
1781 1765 1769
1797 1792 1798
2984 1714 1674
1775 1799 1788
1775 1800 1799
1801 1767 1785
1797 2999 1792
1800 1699 1701
1802 1644 1767
1648 1662 1709
1667 1669 1726
1786 1647 1755
1800 3003 1799
1769 1735 1748
1794 3004 3005
2989 1723 3006
1784 3007 1747
1773 1789 1774
1804 1805 3013
1655 1661 1796
1793 1703 1741
3008 1741 2997
1774 2994 1754
1744 1762 1807
1808 1798 1804
1736 1760 1809
1761 1705 1704
1800 1701 3012
1790 1791 1811
1808 1797 1798
1760 1780 1812
1796 1661 1764
1754 3009 1813
1798 1805 1804
1789 1801 1785
1653 1716 1728
1667 1726 1779
1701 1703 3012
3013 1805 3010
1815 2991 1744
3011 2994 1774
1810 1816 1803
3001 1806 1816
1817 1731 1765
1736 1809 1792
1800 3012 3003
1765 1730 1768
1802 1630 1644
1801 1802 1767
1815 1744 1818
3016 1804 3013
1773 3015 1789
1819 1748 1734
1775 1699 1800
1820 1821 1822
1806 1814 1816
1816 1823 1803
1710 1735 1769
1824 1825 3014
1762 1651 1640
1827 1781 1748
1771 1688 1750
1780 2991 1815
1789 3015 1702
1768 1730 1659
3016 1790 1828
1812 1829 1809
1741 1718 2997
1828 1808 1804
1790 1811 1828
1822 1829 1812
1750 1711 1722
1803 1830 3017
1810 3001 1816
1805 1831 3010
1820 1832 1821
1649 1763 1731
1754 1813 1783
1831 3018 3010
1780 1815 1812
1797 3019 2999
1788 3020 1771
1760 1812 1809
3020 1688 1771
1834 1835 1836
1829 1837 1809
1744 1807 1818
3001 1794 1806
1834 1836 1838
515 1839 736
1809 1837 1792
1798 1837 1805
1782 3015 1773
1821 1829 1822
3016 1828 1804
1791 1840 1811
1799 3024 1788
1781 1817 1765
1803 1823 1830
734 1668 770
1833 1842 1823
3012 1703 1793
1615 1776 1843
1789 1702 1801
1844 1845 3021
1815 1822 1812
1814 1823 1816
1824 1846 1825
1818 1820 1822
1820 3022 1832
1847 1848 1845
1792 1837 1798
725 1632 742
1714 1675 1674
1815 1818 1822
1819 1827 1748
770 1663 722
1825 1849 3014
1849 1672 1671
747 1645 746
3023 1826 1843
1808 1846 1797
1826 2975 1615
1788 3024 3020
1827 1850 1781
749 1696 735
1797 1846 3019
1847 1657 1851
1756 1834 3025
1802 2971 1630
1819 3023 1827
1776 1850 1843
1762 1640 1807
3023 1843 1827
3019 1846 1824
3014 1849 1671
1844 1847 1845
1826 1615 1843
1830 1841 3017
1615 1617 1776
760 1852 747
739 1658 738
1836 1621 1838
1847 1851 1848
1687 1853 1714
1801 1700 1802
741 1691 755
1783 1854 3000
1750 1688 1711
3021 1842 1833
1781 1850 1817
1817 1649 1731
1657 1656 1851
3000 1854 3026
1813 1854 1783
1838 1677 3028
1811 1856 1857
750 1665 749
1843 1850 1827
1814 1833 1823
770 1668 1663
1640 1858 1807
1802 1700 2971
1820 1859 3022
766 1860 760
738 1861 744
1837 1831 1805
1846 1857 1825
1834 1838 3028
1672 2983 1698
1640 1642 1858
1702 1700 1801
1859 3027 3022
1818 1859 1820
1808 1857 1846
1834 3028 3025
1811 1857 1828
1807 1859 1818
779 1690 766
496 2972 750
744 1863 756
1847 1862 1657
1855 1854 1813
1858 1859 1807
1821 3018 1831
1852 1864 1646
1829 1831 1837
1857 1856 1825
1852 1645 747
1828 1857 1808
1832 3018 1821
1852 1646 1645
1845 1842 3021
1821 1831 1829
749 1665 1696
1844 1862 1847
1854 3029 3026
760 1860 1852
1825 1856 1849
1766 1866 726
1840 1856 1811
1658 1861 738
1823 1842 1830
1778 1652 1651
1858 3027 1859
1669 1697 1726
1840 1867 1856
1830 1868 1841
1849 1867 1672
1856 1867 1849
2972 1665 750
1855 3029 1854
1853 1675 1714
744 1861 1863
1842 1868 1830
1690 1860 766
1726 1697 2988
2977 3029 1855
1852 1860 1864
1848 1868 1845
1642 1666 1858
1845 1868 1842
1865 1867 1840
1868 1737 1841
1858 1666 3027
1841 1737 1689
726 1869 1766
1862 2973 1657
1758 1623 1870
1848 1737 1868
1637 1686 1617
1766 3030 1767
1785 3030 3011
498 1872 2677
1756 1835 1834
756 1873 763
1871 1874 1786
1690 1625 1860
1860 1625 1864
1737 1853 1687
1669 1708 1696
1631 1875 1632
1864 1835 1646
1873 1876 1739
1848 1853 1737
790 1629 1746
776 1629 790
1650 1770 2970
1757 1622 1633
1647 1877 1645
1694 1770 1650
1633 1623 1758
1619 1622 1787
1662 1683 1704
1851 1853 1848
1777 1685 1636
1851 1675 1853
1742 2976 1698
1656 1675 1851
1839 1874 1871
1684 1686 1772
1733 1629 1618
1795 1686 1637
2677 1872 1664
2995 1680 3031
515 1877 1839
1649 1777 1636
1645 1877 746
1863 1873 756
1693 1770 1694
764 3033 1618
720 1639 739
1743 1678 1619
1621 1620 1838
1626 3032 1631
1653 1879 1716
1767 3030 1785
722 1638 720
2707 1880 1753
1875 3032 1691
1717 1881 783
1776 1777 1850
763 1880 2707
1817 1777 1649
783 1881 498
1730 1673 1659
1693 3033 2981
1867 2983 1672
1647 1654 1755
726 1866 725
2977 1679 3029
1632 1875 742
736 3034 2695
741 1875 1691
734 1708 1668
1696 1708 735
1870 1882 787
1716 1879 1872
787 1882 779
1770 1692 2970
1836 1624 1621
1835 1883 1836
1729 1884 1861
1835 1654 1646
1756 1654 1835
755 1878 2705
1861 1884 1863
1632 1866 1644
1876 1885 1739
1787 1622 1757
1861 1673 1729
1619 1678 1620
746 1877 515
1658 1673 1861
1864 1883 1835
1838 1620 1677
1691 1878 755
1752 1616 1670
1649 1635 1763
1631 3032 1875
1752 1670 3007
1766 1869 3030
1637 1616 1752
1617 1685 1776
1772 1686 1795
1850 1777 1817
739 1639 1658
1667 1683 1668
1865 2983 1867
1668 1683 1663
1665 1680 1696
1618 3033 1693
1863 1876 1873
1636 1685 1684
1663 1638 722
1696 1680 1697
725 1866 1632
1644 1866 1766
1652 1879 1653
1623 1882 1870
1716 1881 1717
1698 3035 2993
1871 3034 1839
1729 1673 1730
1697 1680 2995
1704 1683 1667
1739 1885 1707
1746 1629 1733
1753 1880 1739
1664 1879 1652
742 1875 741
1690 1882 1623
1763 1884 1729
1755 1654 1756
1763 1885 1876
1877 1874 1839
735 1708 734
1873 1880 763
498 1881 1872
1635 1885 1763
779 1882 1690
1786 1874 1647
1839 3034 736
1620 1678 1677
1872 1881 1716
1625 1883 1864
1739 1880 1873
1872 1879 1664
1876 1884 1763
1647 1874 1877
1624 1883 1625
1863 1884 1876
1836 1883 1624
1707 1885 1635
1886 3036 1888
1889 1890 1891
1888 1892 1886
1891 1893 1889
1894 1895 3037
3038 1898 3039
1900 1901 1902
1903 1904 3040
1906 1907 1908
1895 1909 3037
1899 1910 3041
1906 3047 1912
3045 3046 3042
1915 3043 1917
1918 1919 1920
1921 1922 3044
1905 1924 3045
1908 1925 1906
1901 1926 1902
3042 3046 1927
3050 1907 1928
1912 3047 1929
1930 1931 1932
3040 1904 1933
1919 1934 1920
1908 1907 1935
1923 1886 3048
1887 1936 3049
1935 3050 1897
1937 1893 1938
1891 1890 1939
1932 1895 1930
1902 1940 1900
1933 1941 1942
1935 1907 3050
1917 1943 1915
424 1944 1945
1945 1946 424
1921 1947 1922
1942 1948 1933
1938 1910 1937
1906 1925 3047
3045 1924 3046
1896 1940 3051
1889 1893 1937
1941 1904 1949
1916 1926 3052
1895 1950 1930
1951 1952 1953
1894 1950 1895
1936 1952 1951
1923 1954 1886
1931 1955 1932
1938 1956 1957
1958 1959 1960
1961 3053 1963
1964 3053 1961
1965 1966 1967
1968 1966 1965
3054 1962 1969
1889 1937 1970
1971 1958 1960
1972 1973 3057
1975 1961 1963
1976 1900 1896
1977 1888 1978
1979 1980 1981
1982 1889 1970
1983 1937 1899
1965 1984 1968
1985 1980 1979
1986 3055 3060
1989 1903 1914
1990 1986 3060
1991 1932 1992
1964 1945 1972
3061 1994 3056
1990 3058 1986
1996 1972 3057
3040 1975 1963
3058 1974 1986
1971 1960 1997
1998 1921 1999
3059 3037 2000
1968 1984 2001
2002 1990 3060
1985 2003 1980
1983 3039 2004
1970 1937 1983
3057 1973 3061
1988 1987 2005
2006 1988 2005
3061 1973 1994
1969 1962 1990
2007 1900 1976
1996 1964 1972
1897 2008 2009
2010 3054 1969
1967 1966 3069
3052 1901 3062
2013 3055 1986
2007 1901 1900
3041 2014 3063
1960 2015 1997
1994 2016 3056
2017 1966 1968
1987 2018 2019
2001 1984 3073
2005 1987 2019
1965 1967 2021
3064 2023 2024
2011 2005 3065
1967 2025 2026
3068 2028 3066
2030 2021 2028
2005 2019 3065
3062 1901 2007
1974 1993 2013
2016 2031 3072
3068 2030 2028
1935 1897 2009
2033 1917 2012
2034 1906 1912
2022 2035 3067
2002 1969 1990
3068 2036 2030
1967 3069 2025
2006 3070 1988
2010 1905 3054
2003 2037 1980
1967 2026 2021
2038 1971 2039
2040 3071 2027
3040 1933 1975
1908 2009 2041
1980 2042 1981
2043 1979 2044
1974 2013 1986
2011 2006 2005
2030 2036 1984
3056 2016 3072
2030 1965 2021
1971 1997 2045
2046 1985 1979
1984 2036 3073
1993 1995 2047
2048 2049 2001
2050 2041 2035
2028 2051 3066
3074 2053 2026
1990 1962 3058
2044 1979 1981
2054 2001 3073
1908 1935 2009
2040 2027 2043
2027 2029 2043
2021 2055 2028
1971 2045 2039
2020 3071 2039
2049 2017 1968
1902 2056 2049
3067 2053 3074
2045 2020 2039
433 2057 421
2045 3075 2020
2058 3064 2024
2049 1968 2001
2054 3051 2048
2018 2059 2019
2038 1958 1971
2022 2050 2035
2028 2055 2051
2029 2046 2043
305 2060 426
2054 2048 2001
2026 2055 2021
1996 3053 1964
2061 2042 2062
2046 1979 2043
2050 1908 2041
2039 3071 2040
1981 2042 2061
3076 3044 2058
1995 2032 2064
449 2065 305
2048 1902 2049
3080 2010 1969
2008 2067 2009
1993 2047 2013
419 2068 459
2066 2069 3077
451 2071 449
2040 2043 2044
2056 2017 2049
3076 2024 3078
2030 1984 1965
2011 2073 2006
459 2074 457
2038 2039 2040
3044 1922 2058
1915 1913 3077
2015 1931 1930
2002 3080 1969
2015 1930 1997
3076 2058 2024
433 2075 2057
1995 2064 2047
2062 2068 419
2022 2076 2050
421 2062 419
2064 2072 2047
2058 3079 3064
2077 1981 2061
440 2078 438
2038 2040 2044
2077 2038 2044
2046 3084 2080
2069 1915 3077
2066 2081 2069
466 2082 451
444 2083 435
2064 2063 2072
3080 2070 2010
2013 3081 3055
2084 1958 2077
3075 1950 1894
435 2075 433
1997 1950 2045
2077 2044 1981
305 2065 2060
2045 1950 3075
2057 2075 2084
1922 3079 2058
1922 1911 3079
470 1953 466
468 1939 471
2023 2052 2059
2077 1958 2038
2071 2065 449
2057 2084 2061
457 2085 468
1930 1950 1997
2084 2077 2061
462 2086 444
459 2068 2074
2056 2087 2017
451 2082 2071
2057 2062 421
438 2088 455
2073 2081 2006
2023 2059 2024
2062 2042 2068
3070 2081 2066
455 1942 461
463 2089 462
2025 3074 2026
2006 2081 3070
2057 2061 2062
468 2085 1939
2047 3081 2013
2035 2053 3067
1953 2082 466
2085 1891 1939
2083 2075 435
444 2086 2083
2056 1916 2087
2074 2085 457
1960 2090 2015
2029 3084 2046
2069 3043 1915
2015 2091 1931
2059 2052 2019
455 2088 1942
3082 3043 2069
2079 2067 2008
2072 3081 2047
2041 2092 2035
2078 2088 438
3069 1966 3083
3083 1966 2017
2089 2086 462
2084 1959 1958
3078 2059 2018
2080 3084 3063
2009 2067 2041
1959 2090 1960
2092 2053 2035
2086 2090 2083
2041 2067 2092
2019 2052 3065
2046 2080 1985
2024 2059 3078
1957 1956 2003
2003 2093 2037
2092 2067 2051
2055 2092 2051
2026 2053 2055
1985 1957 2003
2083 2090 1959
2051 2079 3066
2081 3082 2069
2014 2080 3063
2055 2053 2092
2073 3082 2081
2085 2093 1891
2074 2093 2085
2037 2093 2074
2083 1959 2075
2017 2087 3083
2075 1959 2084
2068 2037 2074
1980 2037 2042
2086 2091 2090
2090 2091 2015
2051 2067 2079
2089 2091 2086
2042 2037 2068
2014 1938 1957
2091 1919 1931
2014 1957 2080
2080 1957 1985
2089 1919 2091
2032 3036 1954
2093 1956 1891
2003 1956 2093
2063 1954 1923
2032 1954 2064
1933 1904 1941
1954 3036 1886
2064 1954 2063
3086 1951 2094
2095 1890 1982
1937 1910 1899
1886 1892 3048
2031 1887 3072
3085 3050 1928
1949 1904 1989
1928 1907 2034
3049 1951 3086
1982 1890 1889
1932 1909 1895
1977 1892 1888
3048 1892 1999
2048 1940 1902
3046 1924 2070
2010 1924 1905
2050 1925 1908
3047 1925 2076
1902 1926 2056
3041 1910 2014
1932 1955 1992
1998 1947 1921
2033 1943 1917
1991 1909 1932
3037 1909 2000
426 1944 424
424 1946 440
3052 1926 1901
1964 2096 1945
2094 2097 486
484 2098 2095
1920 1934 482
486 2097 470
471 2098 484
482 1934 463
1945 2099 1972
1956 1893 1891
1913 1943 3087
481 2100 2101
461 2100 481
2089 1934 1919
1911 1947 3088
3039 1898 2004
2031 1936 1887
2101 1941 1949
3051 1940 2048
1989 1904 1903
2034 1907 1906
1900 1940 1896
1915 1943 1913
1922 1947 1911
1918 1955 1919
1999 1892 1977
2070 1924 2010
2076 1925 2050
3049 1936 1951
2056 1926 1916
1945 2096 1946
1944 2099 1945
2014 1910 1938
1919 1955 1931
1938 1893 1956
1992 1955 1918
3087 1943 2033
3088 1947 1998
2000 1909 1991
2060 1944 426
440 1946 2078
1951 2097 2094
2095 2098 1890
2102 1952 2031
1942 2100 461
470 2097 1953
1939 2098 471
463 1934 2089
2103 2099 2060
2104 2102 2016
1994 2104 2016
2016 2102 2031
1975 2105 1961
1973 2103 1994
1933 1948 1975
2071 2102 2104
1961 2096 1964
1973 2099 2103
2065 2103 2060
1972 2099 1973
2071 2104 2065
2082 2102 2071
1975 1948 2105
2078 2096 2105
2078 2105 2088
2103 2104 1994
2088 1948 1942
2105 1948 2088
2065 2104 2103
2105 2096 1961
2082 1952 2102
1953 1952 2082
1941 2100 1942
1953 2097 1951
1890 2098 1939
2101 2100 1941
2031 1952 1936
2060 2099 1944
1946 2096 2078
1738 2106 2107
1870 2108 2109
2110 2111 2112
2113 2114 2115
2106 2111 2110
2108 2114 2113
1740 2106 1738
787 2108 1870
2116 2117 2118
1977 2119 1999
1928 3089 3085
275 2121 351
311 2122 488
1998 3090 3088
1970 2124 1982
338 2125 362
486 2126 2094
484 2127 281
381 2128 396
279 3095 354
1912 2130 2034
353 2131 363
2132 2133 2134
2115 2135 2113
2112 3093 2110
2132 2134 2137
2118 2138 2116
1747 2139 2140
619 2141 2142
621 2143 3091
639 2145 2146
1772 2147 3105
674 2149 2150
2121 2151 351
2131 2152 363
2122 2153 488
2123 2154 1929
3095 2155 354
2125 2156 362
666 2157 2158
3096 3100 3092
3093 2161 2110
2119 2162 1999
2127 2163 281
2135 2164 2113
2118 3094 2138
2166 2165 3097
2106 2110 2107
2108 2113 2109
2167 2160 2168
2169 2162 2119
2170 2163 2127
2171 2152 2131
2172 2154 2123
2173 2156 2125
2174 2155 3095
2175 2153 2122
2166 2151 2121
2175 2176 2145
2171 2177 2143
2173 2178 2149
3098 2179 2141
2172 2180 2147
1759 2181 1740
634 2182 787
2128 2116 396
2120 2137 2004
275 3103 2121
1970 2134 2124
1749 3096 3002
640 2141 619
774 2145 639
653 2143 621
1795 2147 1772
632 2149 674
1928 2168 3089
2130 2168 2034
638 3097 666
2128 2117 2116
2130 2167 2168
484 2115 2127
1977 2112 2119
2134 2133 2124
2173 2183 2156
2172 2184 2154
2175 2185 2153
2169 3102 2162
2170 2179 2163
2174 2177 2155
2171 2178 2152
2124 2135 1982
2126 2136 2094
2166 2176 2151
2129 2179 3098
2123 2180 2172
2131 2177 2171
2125 2178 2173
2122 2176 2175
2126 3099 2136
2137 2159 2132
1998 2162 3090
2628 2163 2129
2139 2160 2140
2124 2164 2135
381 2156 2128
486 2153 2126
353 2155 2131
338 2152 2125
1912 2154 2130
311 2151 2122
2121 2165 2166
3092 3100 3101
2182 2108 787
2181 2106 1740
2157 3094 2158
2162 3102 3090
2163 2179 2129
2155 2177 2131
2152 2178 2125
2151 2176 2122
2156 2183 2128
2154 2184 2130
2153 2185 2126
2168 2160 3089
3103 2165 2121
2120 2159 2137
2112 2111 2119
2115 2114 2127
2095 2135 2115
1978 3093 2112
2145 2176 2146
2143 2177 3091
2149 2178 2150
2141 2179 2142
2147 2180 3105
2113 2164 2109
2110 2161 2107
2004 2137 1983
396 2116 2675
1983 2134 1970
288 3103 275
2140 2160 2167
2118 2117 2186
2034 2168 1928
1978 2112 1977
2095 2115 484
1982 2135 2095
2094 2136 3086
630 2158 2186
1787 2187 3104
2158 3094 2118
2186 2189 628
663 2189 2190
2107 2191 1753
792 3106 2192
2140 2193 1784
1751 2193 2194
281 2163 2628
1999 2162 1998
363 2152 338
488 2153 486
1929 2154 1912
362 2156 381
354 2155 353
2187 2133 2132
351 2151 311
2109 2195 1758
2164 2133 2195
674 2150 653
619 2142 634
630 2186 628
1747 2140 1784
621 2144 640
1870 2109 1758
1772 3105 1759
1751 2194 1795
1738 2107 1753
1787 2188 1749
792 2192 774
639 2146 638
663 2190 632
2167 2184 2193
2117 2183 2189
3099 2185 3106
2137 2134 1983
2116 2138 2675
1757 2195 2187
2187 2132 3104
2158 2118 2186
1757 2187 1787
666 2158 630
2140 2167 2193
2186 2117 2189
2107 2161 2191
2109 2164 2195
628 2189 663
1753 2191 2707
1784 2193 1751
1758 2195 1757
2195 2133 2187
2189 2183 2190
3106 2185 2192
2193 2184 2194
2130 2184 2167
2128 2183 2117
2126 2185 3099
2142 2182 634
2148 2181 1759
2124 2133 2164
2188 3096 1749
2194 2147 1795
2144 2141 640
2150 2143 653
2192 2145 774
2190 2149 632
2146 3097 638
2188 3100 3096
2170 2114 2182
2169 2111 2181
2142 2170 2182
2148 2169 2181
2144 3098 2141
2190 2173 2149
2194 2172 2147
2150 2171 2143
2192 2175 2145
2146 2166 3097
2132 2159 3104
2192 2185 2175
2190 2183 2173
2194 2184 2172
2119 2111 2169
2127 2114 2170
2146 2176 2166
3091 2177 2174
2150 2178 2171
2142 2179 2170
2148 3102 2169
2182 2114 2108
2181 2111 2106
2196 2197 1217
2198 2199 1073
997 2200 2196
1000 2201 2200
1222 2202 2203
2204 2205 1103
1266 2203 2206
1227 2207 2208
1062 2209 2210
2768 2211 3107
2213 2214 1245
1074 2210 2201
2197 2215 1193
2216 3108 3109
1246 2208 3116
2215 2217 1220
1065 2218 2209
2217 3118 1232
2206 3110 2833
1098 2205 2211
2220 2221 1089
1235 2222 2223
2219 3117 1239
2774 2224 3111
1214 2223 2202
1102 2221 2204
2199 3112 2761
2212 3113 2777
2225 3114 2764
2214 3115 2822
1217 2197 1193
997 2196 1217
1000 2200 997
1073 2199 2761
1227 2208 1246
1143 2198 1073
1266 2206 2833
1222 2203 1266
1220 2217 1232
1193 2215 1220
1248 2213 1245
1102 2204 1103
1246 3116 2824
1101 2212 2777
1052 2225 2764
1239 3117 2813
1214 2202 1222
1074 2201 1000
1098 2211 2768
1245 2214 2822
1062 2210 1074
1065 2209 1062
1058 2218 1065
1103 2205 1098
1077 2220 1089
1235 2223 1214
1232 3118 2817
1113 2224 2774
1089 2221 1102
1242 2222 1235
2000 2214 3059
340 2209 361
289 2204 367
290 3107 273
360 3113 2676
477 2201 341
345 2199 2674
333 3114 2645
367 2221 333
2101 2196 481
339 3112 345
1927 2219 3042
1976 3108 2007
1991 3115 2000
1920 2203 1918
1914 2217 1989
2033 2207 3087
2007 2216 3062
395 2205 289
361 3111 2642
341 2210 340
2012 2208 2033
482 2206 1920
273 2211 395
1989 2215 1949
1918 2202 1992
481 2200 477
1992 2223 1991
1949 2197 2101
478 3110 482
2203 2202 1918
2210 2209 340
289 2205 2204
3111 2224 2642
2208 2207 2033
2202 2223 1992
3107 2211 273
2209 2218 361
2201 2210 341
2223 2222 1991
2000 3115 2214
2204 2221 367
2200 2201 477
3059 2214 2213
1927 3117 2219
333 2221 2220
2211 2205 395
1914 3118 2217
2206 2203 1920
2674 2199 2198
2101 2197 2196
2007 3108 2216
3116 2208 2012
2196 2200 481
2676 3113 2212
482 3110 2206
1989 2217 2215
2645 3114 2225
1949 2215 2197
345 3112 2199
2226 2227 2228
2229 2230 2231
2228 2232 2226
2231 2233 2229
2234 2235 3122
2237 2238 2239
2240 2241 2242
2243 2244 2245
2246 3119 2248
2235 2249 3122
2239 2250 2237
2246 2251 2252
2243 2253 2254
2255 2256 2257
2258 2259 2260
2261 2262 2263
2245 2264 2243
2248 2265 2246
2241 2266 2242
2254 2253 3120
2238 2247 2268
2252 2251 2269
2270 2271 2272
2245 2244 2273
2259 2274 2260
3121 2247 2275
2263 2226 2261
2227 2276 2228
2275 2238 2237
2277 2233 2278
2231 2230 2279
2272 2235 2270
2242 2280 2240
2273 2281 2282
2275 2247 2238
2257 2283 2255
162 2284 2285
2285 2286 162
2261 2287 2262
2282 2288 2273
2278 2250 2277
2246 2265 2251
2243 2264 2253
3122 3140 2234
2229 2233 2277
2281 2244 2289
2256 2266 2257
2235 2290 2270
2291 2292 2293
2234 2290 2235
2276 2292 2291
2263 2294 2226
2271 2295 2272
2278 2296 2297
2298 2299 2300
2301 2302 2303
2304 2302 2301
2305 2306 2307
2308 2306 2305
2303 2302 2309
2229 2277 2310
2311 2298 2300
2312 2313 2314
2315 2301 2303
3126 2240 2236
2317 2228 2318
2319 2320 2321
2322 2229 2310
2323 2277 2239
2305 3125 2308
2325 2320 2319
2326 2327 2328
2329 2243 2254
2330 2326 2328
2331 2272 2332
2304 2285 2312
2333 2334 2335
2330 2336 2326
2336 2312 2314
2245 2315 2303
2336 2314 2326
2311 2300 2337
2338 2261 2339
3123 3122 3124
2308 3125 2341
2342 2330 2328
2325 2343 2320
2323 2239 2344
2310 2277 2323
2314 2313 2333
2328 2327 2345
2346 2328 2345
2333 2313 2334
2309 2302 2330
3129 2240 3126
2336 2304 2312
2237 2348 2349
2350 2303 2309
2307 2306 2351
2257 2241 3131
2353 2327 2326
3129 2241 2240
2237 2354 2348
2300 2355 2337
2334 2356 2335
2357 2306 2308
2327 2358 2359
3127 2324 2360
2345 2327 2359
2305 2307 2361
2362 2363 2364
2351 2345 2365
2307 2365 2366
2367 2368 2369
2370 2361 3128
2345 2359 2365
3131 2241 3129
2314 2333 2353
2356 2371 2372
2367 3130 2368
2275 2237 2349
3141 2257 3131
2374 2246 2252
2362 2375 2363
2342 2309 2330
2367 2376 3130
2307 2351 2365
2346 2342 2328
2350 2245 2303
2343 2377 2320
2307 2366 2361
2378 2311 2379
2380 2376 2367
2245 2273 2315
2248 3132 2381
2320 2382 2321
2383 2319 2384
2314 2353 2326
2351 2346 2345
3130 2376 2324
2335 2356 2372
2370 2305 2361
2311 2337 2385
2386 2325 2319
2324 2376 2360
2333 2335 2387
2388 2389 2341
2390 2381 2375
2368 3138 2369
2392 2393 2366
2330 2302 2336
2384 2319 2321
2394 3127 2360
3121 2275 2349
2380 2367 2383
2367 2369 2383
2361 3133 3128
2311 2385 2379
2360 2376 2379
2389 2357 2308
2242 2396 2389
2363 2393 2392
2385 2360 2379
181 2397 167
2385 2394 2360
2398 2362 2364
2389 2308 2341
2394 2234 3134
2358 2399 2359
2378 2298 2311
2362 2390 2375
2368 2395 3138
2369 2386 2383
55 2400 164
2394 3134 3127
2366 3133 2361
2336 2302 2304
2401 2382 2402
2386 2319 2383
2390 2248 2381
2379 2376 2380
2321 2382 2401
2403 2263 2398
2335 2372 2404
187 2405 55
2388 2242 2389
2406 2350 2309
2348 3135 2349
2333 2387 2353
165 2408 195
2406 2409 2410
189 2411 187
2380 2383 2384
2396 2357 2389
2403 2364 2412
2370 3125 2305
2351 2413 2346
195 2414 193
2378 2379 2380
2263 2262 2398
2255 2253 2410
2355 2271 2270
2342 2406 2309
2355 2270 2337
2403 2398 2364
181 2415 2397
2335 2404 2387
2402 2408 165
2362 2416 2390
167 2402 165
2404 2412 2387
2398 2416 2362
2417 2321 2401
179 2418 196
2378 2380 2384
2417 2378 2384
2386 2419 2420
2409 2255 2410
2406 2421 2409
207 2422 189
191 2423 183
2404 2403 2412
2406 2410 2350
2353 2358 2327
2424 2298 2417
2394 2290 2234
183 2415 181
2337 2290 2385
2417 2384 2321
55 2405 2400
2385 2290 2394
2397 2415 2424
2262 2416 2398
2262 2251 2416
218 2293 207
216 2279 222
2363 2392 2399
2417 2298 2378
2411 2405 187
2397 2424 2401
193 2425 216
2270 2290 2337
2424 2417 2401
214 2426 191
195 2408 2414
2396 2427 2357
189 2422 2411
2397 2402 167
196 2428 208
2413 2421 2346
2363 2399 2364
2402 2382 2408
2342 2421 2406
208 2282 221
220 2429 214
2365 2392 2366
2346 2421 2342
2397 2401 2402
216 2425 2279
2387 2358 2353
2375 2393 2363
2293 2422 207
2425 2231 2279
2423 2415 183
191 2426 2423
2396 2256 2427
2414 2425 193
2300 2430 2355
2369 2419 2386
2409 2256 2255
2355 2431 2271
2399 2392 2359
208 2428 2282
2427 2256 2409
2419 3135 2348
2412 2358 2387
2381 2432 2375
2418 2428 196
2351 2306 2413
2413 2306 2357
2429 2426 214
2424 2299 2298
2412 2399 2358
2420 2419 2348
2349 3135 3136
2299 2430 2300
2432 2393 2375
2426 2430 2423
2381 2407 2432
2359 2392 2365
2386 2420 2325
2364 2399 2412
2297 2296 2343
2343 2433 2377
3137 3135 3138
3133 2432 2391
2366 2393 3133
2325 2297 2343
2423 2430 2299
3138 2419 2369
2421 2427 2409
2354 2420 2348
3133 2393 2432
2413 2427 2421
2425 2433 2231
2414 2433 2425
2377 2433 2414
2423 2299 2415
2357 2427 2413
2415 2299 2424
2408 2377 2414
2320 2377 2382
2426 2431 2430
2430 2431 2355
3138 3135 2419
2429 2431 2426
2382 2377 2408
2354 2278 2297
2431 2259 2271
2354 2297 2420
2420 2297 2325
2429 2259 2431
2372 2227 2294
2433 2296 2231
2343 2296 2433
2403 2294 2263
2372 2294 2404
2273 2244 2281
2294 2227 2226
2404 2294 2403
2318 2291 2434
2435 2230 2322
2277 2250 2239
2226 2232 2261
2371 2227 2372
2344 2238 2268
2289 2244 2329
3139 3119 2374
2228 2291 2318
2322 2230 2229
2272 2249 2235
2317 2232 2228
2261 2232 2339
2388 2280 2242
2253 2264 2410
2350 2264 2245
2390 2265 2248
2251 2265 2416
2242 2266 2396
2237 2250 2354
2272 2295 2332
2338 2287 2261
3141 2283 2257
2331 2249 2272
3122 2249 3124
164 2284 162
162 2286 179
2257 2266 2241
2304 2436 2285
2434 2437 237
235 2438 2435
2260 2274 234
237 2437 218
222 2438 235
234 2274 220
2285 2439 2312
2296 2233 2231
2253 2283 3120
242 2440 2441
221 2440 242
2429 2274 2259
2251 2287 2269
2239 2238 2344
2371 2276 2227
2441 2281 2289
2234 3140 3134
2329 2244 2243
2374 3119 2246
2240 2280 2236
2255 2283 2253
2262 2287 2251
2258 2295 2259
2339 2232 2317
2410 2264 2350
2416 2265 2390
2228 2276 2291
2396 2266 2256
2285 2436 2286
2284 2439 2285
2354 2250 2278
2259 2295 2271
2278 2233 2296
2332 2295 2258
3120 2283 3141
2269 2287 2338
3124 2249 2331
2400 2284 164
179 2286 2418
2291 2437 2434
2435 2438 2230
2442 2292 2371
2282 2440 221
218 2437 2293
2279 2438 222
220 2274 2429
2443 2439 2400
2444 2442 2356
2334 2444 2356
2356 2442 2371
2315 2445 2301
2313 2443 2334
2273 2288 2315
2411 2442 2444
2301 2436 2304
2313 2439 2443
2405 2443 2400
2312 2439 2313
2411 2444 2405
2422 2442 2411
2315 2288 2445
2418 2436 2445
2418 2445 2428
2443 2444 2334
2428 2288 2282
2445 2288 2428
2405 2444 2443
2445 2436 2301
2422 2292 2442
2293 2292 2422
2281 2440 2282
2293 2437 2291
2230 2438 2279
2441 2440 2281
2371 2292 2276
2400 2439 2284
2286 2436 2418
1438 2446 2447
2448 2449 2450
2446 2449 2448
1465 2446 1438
2451 2452 2453
2317 2454 2339
2322 2455 2435
2268 2456 2344
22 3151 93
63 2458 239
2338 2459 2269
86 2460 106
2323 2461 2310
237 2462 2434
235 2463 28
129 2464 143
26 2465 97
2252 2466 2374
96 2467 105
2468 2469 2470
2450 2471 2448
2453 2472 2451
3142 3147 3143
912 3146 2476
1493 3157 2478
937 2479 2480
2723 2481 3144
948 2483 2484
1492 2485 2486
3151 2487 93
2467 2488 105
2456 2489 2344
2461 2490 2310
2458 2491 239
2459 2492 2269
2465 2493 97
2460 2494 106
933 2495 2496
2471 2497 2448
2454 3145 2339
3150 2500 3146
3149 2502 3147
2453 2503 2472
3155 2503 2495
2446 2448 2447
2505 3148 2506
2507 2500 2508
2509 3145 2454
3149 2489 2456
2510 2492 2459
2511 2488 2467
2512 2490 2461
2513 2494 2460
3150 2493 2465
2514 2491 2458
2504 2487 3151
2514 2515 2481
2511 2516 2479
2513 2517 2483
2512 2518 2485
2510 3152 2477
1491 2520 1465
2464 2451 143
22 2472 2457
1495 2473 2934
913 2475 2724
910 2481 2723
950 2479 937
1508 3157 1493
1446 2485 1492
949 2483 948
2455 2468 2435
2268 3156 2456
235 2468 2463
2466 2506 2374
26 2508 2465
2463 2508 28
932 2495 933
2464 2452 2451
2466 2505 2506
2468 2470 2463
2463 2507 2508
2455 2469 2468
2317 2450 2454
2513 2521 2494
2510 2522 2492
2512 2523 2490
2514 2524 2491
2509 2519 3145
2499 2516 3153
2501 2518 3154
2511 2517 2488
2462 2471 2434
2504 2515 2487
2459 3152 2510
2467 2516 2511
2460 2517 2513
2461 2518 2512
2458 2515 2514
2462 2497 2471
2465 2500 3150
2456 2502 3149
2338 2498 2459
3147 2502 3143
3146 2500 2476
129 2494 2464
237 2491 2462
96 3153 2467
86 2488 2460
2323 3154 2461
2252 2492 2466
2322 2490 2455
63 2487 2458
2457 2503 3155
2520 2446 1465
2495 2503 2496
2498 3152 2459
3153 2516 2467
2488 2517 2460
3154 2518 2461
2487 2515 2458
2494 2521 2464
2492 2522 2466
2491 2524 2462
2490 2523 2455
3156 2502 2456
2508 2500 2465
2472 2503 2457
2450 2449 2454
2318 2471 2450
2481 2515 3144
2479 2516 2480
2483 2517 2484
2485 2518 2486
3157 2519 2478
2448 2497 2447
35 2472 22
143 2451 35
2476 2500 2507
2474 3148 2505
2453 2452 2525
2470 2469 2526
2435 2468 235
28 2508 26
2374 2506 3139
2318 2450 2317
2434 2471 2318
952 2496 2525
2496 2503 2453
988 2527 2526
2476 2527 928
954 2528 2529
2525 2528 953
2447 2530 1455
2474 2531 1510
992 2530 2532
1432 2533 2534
1507 2531 2535
2526 2533 1369
2339 2498 2338
105 2488 86
239 2491 237
2269 2492 2252
2344 2489 2323
2310 2490 2322
106 2494 129
97 2493 96
93 2487 63
2507 2470 2527
948 2484 950
952 2525 953
912 2476 928
1509 2474 1510
937 2480 913
988 2526 1369
1493 2478 1491
1507 2535 2919
1438 2447 1455
1492 2486 1495
992 2532 910
911 2482 932
1432 2534 1446
954 2529 949
2505 2522 2531
2452 2521 2528
2497 2524 2530
2469 2523 2533
2451 2472 35
2496 2453 2525
933 2496 952
2476 2507 2527
2474 2505 2531
2527 2470 2526
2525 2452 2528
2447 2497 2530
2526 2469 2533
953 2528 954
1455 2530 992
1510 2531 1507
1369 2533 1432
928 2527 988
2528 2521 2529
2530 2524 2532
2531 2522 2535
2533 2523 2534
2463 2470 2507
2466 2522 2505
2464 2521 2452
2462 2524 2497
2455 2523 2469
2478 2520 1491
2535 2477 2919
2486 2473 1495
2534 2485 1446
2480 2475 913
2484 2479 950
2532 2481 910
2529 2483 949
2482 2495 932
2509 2449 2520
2478 2509 2520
2480 2499 2475
2529 2513 2483
2484 2511 2479
2486 2501 2473
2532 2514 2481
2535 2510 2477
2534 2512 2485
2482 3155 2495
2532 2524 2514
2529 2521 2513
2534 2523 2512
2535 2522 2510
2454 2449 2509
3144 2515 2504
2480 2516 2499
2486 2518 2501
2484 2517 2511
2478 2519 2509
2520 2449 2446
626 3158 2537
597 2538 2539
2540 3166 2542
2543 2544 2545
3158 3166 2540
2538 2544 2543
612 2536 2691
790 2538 597
2546 2547 2548
95 3159 78
124 2550 123
2254 2551 2329
90 2552 104
2289 2553 2441
91 2554 31
3164 2555 2347
234 2556 2260
242 2557 240
2352 2558 2373
230 2559 142
2258 2560 2332
2331 2561 2340
2562 3160 2564
2545 2565 2543
2542 2566 2540
2562 2564 2567
2548 2568 2546
541 2569 2570
1719 2571 2572
1745 2573 2574
1715 2575 2576
592 2577 2578
2984 2579 3161
2551 2581 2329
2561 2582 2340
2552 2583 104
2560 2584 2332
2553 2585 2441
2555 2586 2347
1764 2587 2588
2569 2589 2590
2566 2591 2540
2549 2592 78
2556 2593 2260
2565 2594 2543
2548 2595 2568
2596 2595 2587
3158 2540 2537
2538 2543 2539
2597 2590 2598
2599 2592 2549
2600 2593 2556
2601 2582 2561
2602 2583 2552
2603 2586 2555
2604 2585 2553
2605 2584 2560
2596 2581 2551
2604 2606 2575
2601 2607 2571
2603 2608 2579
2605 2609 2573
2602 2610 2577
599 2611 612
1746 2612 790
2558 2546 2373
2550 2567 123
2254 2568 2551
91 3162 2554
675 2569 541
1732 2573 1745
1717 2575 1715
1712 2571 1719
593 2577 592
1674 2579 2984
124 2598 2550
2559 2598 142
1727 2587 1764
2558 2547 2546
2559 2597 2598
95 2542 3159
234 2545 2556
3162 2563 2554
2603 2613 2586
2602 2614 2583
2604 2615 2585
2599 2610 2592
2600 2609 2593
2605 2607 2584
2601 3163 2582
2557 2566 240
2554 2565 31
2596 2606 2581
2560 2609 2605
2552 2610 2602
2561 2607 2601
2555 2608 2603
2553 2606 2604
2557 2591 2566
2567 2589 2562
90 2592 2552
2258 2593 2560
2569 2590 2570
2554 2594 2565
2352 2586 2558
242 2585 2557
3164 3165 2555
2331 2584 2561
230 2583 2559
2289 2581 2553
2551 2595 2596
2590 2589 2550
2612 2538 790
2611 2536 612
2587 2595 2588
2592 2610 2552
2593 2609 2560
3165 2608 2555
2584 2607 2561
2581 2606 2553
2586 2613 2558
2585 2615 2557
2583 2614 2559
2598 2590 2550
2568 2595 2551
2550 2589 2567
2542 3166 3159
2545 2544 2556
62 2566 2542
29 2565 2545
2575 2606 2576
2571 2607 2572
2579 2608 3161
2573 2609 2574
2577 2610 2578
2543 2594 2539
2540 2591 2537
123 2567 92
2373 2546 2267
92 3162 91
2267 2568 2254
2570 2590 2597
2548 2547 2616
142 2598 124
62 2542 95
29 2545 234
240 2566 62
31 2565 29
645 2617 2618
1796 2588 2616
2588 2595 2548
2537 2619 627
2616 2620 1660
1676 2620 2621
783 2619 2622
2570 2623 557
555 2623 2624
2260 2593 2258
78 2592 90
2340 2582 2316
2441 2585 242
104 2583 230
2347 2586 2352
2332 2584 2331
2617 3160 2562
2329 2581 2289
2539 3167 2686
2594 2563 3167
1713 2580 1712
1745 2574 1746
1796 2616 1660
541 2570 557
597 2539 2686
1719 2572 1732
783 2622 1717
592 2578 599
555 2624 593
626 2537 627
645 2618 675
1715 2576 1727
1676 2621 1674
2597 2614 2623
2547 2613 2620
2591 2615 2619
2567 2564 92
2546 2568 2267
607 2625 2617
2617 2562 2618
2588 2548 2616
607 2617 645
1764 2588 1796
2570 2597 2623
2616 2547 2620
2537 2591 2619
2539 2594 3167
1660 2620 1676
627 2619 783
557 2623 555
595 2625 607
2625 3160 2617
2620 2613 2621
2619 2615 2622
2623 2614 2624
2559 2614 2597
2558 2613 2547
2557 2615 2591
2574 2612 1746
2578 2611 599
2554 2563 2594
2572 2573 1732
2618 2569 675
2624 2577 593
2580 2571 1712
2622 2575 1717
2621 2579 1674
2576 2587 1727
2618 2589 2569
2599 2541 2611
2600 2544 2612
2574 2600 2612
2578 2599 2611
2572 2605 2573
2624 2602 2577
2621 2603 2579
2580 2601 2571
2622 2604 2575
2576 2596 2587
2562 2589 2618
2622 2615 2604
2621 2613 2603
2624 2614 2602
2549 2541 2599
2556 2544 2600
2576 2606 2596
2572 2607 2605
2580 3163 2601
2574 2609 2600
2578 2610 2599
2611 2541 2536
2612 2544 2538
