603 2
2.38407786835801 4.95627967157604
2.15762540245222 3.96418188347764
3.30433573605286 4.48657426686021
2.95518906242015 3.54296779205471
2.19994201642781 2.85220919973894
1.34826584571565 3.4294263976774
4.33288329335058 2.84689767441643
5.18143864365436 2.47079657162993
5.28639261228379 3.41209370898579
4.83350610010189 -0.0716722044977892
4.30877984350913 0.96476482694457
3.68014702495479 -0.0866228149868596
1.26647675819428 2.45518110147194
3.08792693766133 7.01922905656252
2.4999395387484 6.02558687675562
3.59131965389797 6.10836624279828
3.11464051110816 0.896189494422345
2.67703953279092 1.8617815511955
1.92224012863388 0.949760891070961
4.60755672325939 3.79447810014792
3.666727212078 1.8684360463939
3.2436694771973 2.75391469264225
2.50543691122136 -0.0881588782388447
2.01611289490158 7.02386726770499
4.19543322476837 7.00324287142909
1.29966338809212 -0.0762325460727799
3.80029372995585 3.68799178588846
0.435443989121276 2.95496709833604
0.581511676773423 3.96073404288007
6.19073304504871 3.97222901458619
6.0639294704659 2.97968850170433
1.47642268751233 4.46880032617888
0.726906534738913 4.97073626826068
0.29210628586256 1.95288195245832
4.71926906323124 6.05147610079824
5.34227908628197 6.97919388148272
4.34081666787449 4.51049675030494
6.44484494258969 5.95268090996706
5.522651537816 5.48621675813488
6.31864091917249 4.96298501873249
5.95101838352181 1.98295484632443
5.15652788275135 1.50623372600681
5.88708277012086 0.982714049604538
5.23042404860319 0.673101134470759
5.2851678575132 4.48762909811938
0.148817429518842 0.958246259979878
1.0668886802855 1.48869256576759
1.60458577105845 5.45294844364049
0.87117280433975 5.98618587827025
3.1762857553167 5.31068321271411
1.82746216426804 1.93051944231256
1.01189981277773 7.00870643262455
1.60839751237378 6.28909069024316
0.893442477747187 0.659817335665858
0 0
6 0
5.6863999008243 6.25739428530724
6.56206262403894 6.94256962737466
4.77033015841148 5.16338555334912
4.5276099351251 1.93182219425143
3.97984617502043 5.28278670657271
6.46266154368352 -0.00674577811162767
6.6180217716348 0.693339648104737
6.51705375440611 4.39662311837441
6.8348018944626 4.95928881707684
6.94562245869212 3.97483182290742
6.6055484372335 3.48096703806024
7.04198230686832 2.99409457158298
7.11664244203808 2.01550219371168
6.51776266760623 1.4491835446906
7.14266247043692 1.03305735784259
6.50608430210226 2.33322790541734
7 0
6.7094932127646 5.94835370012373
9.91870777435417 -0.840434290367333
8.84437959364711 -1.41891864331553
10.0511536798591 -1.63323427375297
5.43418295971955 -2.97022541281705
6.57753830314454 -2.96957404288312
5.96436890589549 -2.0101105740058
7.82357288943426 -2.94915372661558
7.04201639971549 -2.05131643834496
9.63070161634395 -2.3368865064583
6.34349822975819 -2.75378667439743
9.34295625359487 0.225441562278959
6.42446762437438 -1.52933963741755
8.06108035946854 -0.470920262804009
6.23176127270349 -4.00389744209369
9.02882467096087 -0.474319142747368
7.98230628949607 -2.03528875739148
10.9129913034509 -0.378498158459176
8.1892227039594 0.209887743136225
10.147996410451 -3.13053048615811
10.8448172219036 -2.37785388620581
4.86283936995644 -1.97914211545254
5.41021892950103 -1.00599725982444
3.68473983265992 -2.01587484978045
4.28076064618612 -2.99376743955213
7.20345435308453 -4.00080350220747
6.45944601849876 -1.07911910793449
4.27585053133558 -1.0413501743696
3.09653570727194 -1.06683584967453
8.38083000454248 -4.02123468065407
9.03717647465874 -3.11337559905828
3.05821031175911 -2.98703076352584
3.66427531265296 -3.95927429307546
4.84733859838804 -3.96538246884735
6.02625085407214 -3.98018180619948
5.61994071030053 -1.0018572145641
2.53760064045383 -2.02263259452771
9.56106875740555 -4.03429702846259
10.9274011711148 -1.34431127716114
11.9057252230618 -1.93437156590106
11.9058747323148 -0.892425856235051
-5.26763750162245 -0.0259071649545001
2.47355064708512 -3.96195437194578
1.80768074844895 -2.97927419426719
10.7517226294932 -4.03378619870253
10.5090607164559 0.200531890329802
11.9261615015167 0.117863975343936
8.73117770305061 -2.35952253572029
1.83110542918233 -1.09050529072027
11.7033238432002 0.144649948583356
11.925842093977 -2.98524238733206
7.49380802903067 -1.24625950482671
6.7089404850694 -0.654596398848349
-2.07673043613027 -0.0778940822459961
-3.05460271104189 -0.0650504291443663
0.945029093018374 -2.53948504626177
-1.07224794609704 -0.0665712361978206
0.917289168185128 -1.58635676630984
13 4.44089209850063e-16
11.0485044735817 0.389261281358656
12 -4
11.0685833059332 -3.25704153927716
-4 0
0.821562550568807 -3.30946077205214
0.82921497470593 -0.770716240347423
6.2459577076394 -0.664374950126249
1.60740637936913 -2.04411043035277
-0.429504579599669 3.6755499327742
-1.45989361644177 4.01772738083431
-1.29476243649854 2.77788623168018
-0.349981588026675 2.62349503405743
-0.629295443420611 1.76141602920039
-1.55451245145948 1.6413845887466
0.174210728302381 6.70846671534713
-0.568779968631602 7.83824901816665
-0.721338625930128 6.76390059896419
0.375994579890522 7.66444434413213
0.114373301013725 9.80008501174146
-0.930767955668406 9.67088414759122
-0.527982707019068 8.8997278714174
0.01466304946956 5.80858783125992
-0.470555523579986 10.6333307216735
-3.34928336046835 7.32155873743021
-2.41890802305891 6.76681897212262
-2.41061580078131 7.91925270590832
-3.30850854012598 9.56688307832953
-2.45625043298238 9.08300849957732
-2.477337394654 10.2775641827813
-0.806703464939627 5.61530571588442
-1.51095953445766 7.32895851355521
-1.48001661034458 8.59102315371946
-1.75362669833483 9.65091230209329
0.223227807638595 8.6060621209338
-3.34657584872296 6.19045621155867
-4.17379094715831 2.22851159114874
-4.10985239134644 1.099922667546
-3.16315408030805 1.6315160155818
-2.33730018951077 4.52358668202953
-2.31787010857272 3.40637759806808
-3.20201462657466 2.82007989987978
-2.32474741606779 2.32079359494193
-3.26793265663428 3.94209233302568
-4.31596992034472 6.73761656297697
-4.22604008606836 3.35934073321319
-3.33985403180369 8.45826180024684
-3.31292397967509 5.06690629751004
-2.38147265301976 5.63348543773977
-1.4618349361435 5.09917146424353
-4.31377150244911 7.85201981690596
-0.934867011584367 11.5569195657619
-1.44383370621128 10.5289325212011
-1.72637638232044 0.75100331633885
-0.809535278613984 0.837892251738728
-4.26849529446621 4.48879539031563
-1.54292988488888 6.19700291239519
-4.29964689658665 5.61556951207772
-1.97692055657319 11.4276205197137
-4.28626661879919 8.95281886595467
0.707099528185896 12.9151380591547
1.03147797780966 8.16059690107394
1.03695718516184 9.3411237583859
-4.21537982610343 10.0257864148321
-0.126537352908935 4.75440857959055
-3.01824492666661 11.2803648120319
1.03160295288957 10.5733620576396
-0.88853827505554 4.55985373532251
-2.61252606919056 0.779241212168402
-3.39075328774637 0.685907135769338
1 12
0.304396731867203 10.8483614277234
-4 11
-3.3687403337196 10.4046554600185
-2.31171709036894 1.474126236902
6.54493349599557 7.97481652766038
5.59219205606818 7.81552857978496
10.2678126778054 6.86998013675121
10.2601261037606 8.0926000808446
9.32236051890189 7.41276819670913
11.3704196881415 5.14866487629775
11.3157152130528 6.24822131375182
10.2949634362478 5.79642596026881
12.5045176443666 4.49439853311167
11.3863842548836 3.89099319629075
12.5725723162564 3.38107511458535
12.4402754974907 5.60557503513525
12.3771175022017 6.71375917381268
9.42374070907609 2.14523138400375
8.75751175121795 1.13863840656757
9.891992641797 1.1223065997796
10.373929745677 4.6989667390061
12.3129546516294 7.81736684822281
11.2698448786187 7.35216122161591
2.59381289579489 10.6810157317791
1.95079759054925 9.84764627750575
3.14410809220092 9.73697478749276
11.7077874231496 2.79747572614913
2.75567979153702 8.85589519972818
9.20690610622743 8.4330064300425
8.50146954859621 2.05566794735991
9.81525908475209 9.22140978011305
9.46635375398116 4.28000187465905
9.41923714429237 5.31267748194461
11.2819811775832 8.39726826822644
8.35560493131409 7.87376047477484
7.52048229464875 9.35666960296945
8.76924782059417 9.3851749430938
8.14245209949435 10.3444047019665
10.6576376623261 8.9620216046689
8.26206699044423 8.67895474413291
4.70748801485793 8.59672002734599
3.70206826336181 8.95434551356933
3.69146699708126 8.00265332564641
10.551577411016 1.84250485492524
3.6766657234045 10.5593815685552
10.2933341969191 3.65473703752111
4.65472681984621 7.71009629639546
7.02064833930551 10.4013707466071
11.6554144803172 1.75333223434004
11.0284121873704 2.40221701331118
11.0222554073369 0.983168842771226
7.55035431928232 11.3431867445812
3.05536195171647 11.5806751837435
5.89625235600744 10.4429340454961
6.39569770620078 9.51563800738488
6.75150293253915 8.77083441997297
7.45766387193815 8.34639372125474
4.15984041788209 11.5010858282191
4.78262456675008 10.4839537060156
9.2934467098244 10.2997076537414
5.28216568393736 11.4406572349323
9.81270584044906 11.243767028475
10.432086021731 10.0923267342851
10.9278825619179 11.1701305350672
9.43315084189167 3.28213926105593
6.41437384507046 11.3897335351364
2.5171956946448 7.90657091435394
8.68481974268161 11.2966386529962
12.650842162877 2.26490090876413
4.27473805789775 9.57609249310929
5.3761258144281 9.5049855393043
8.46613540545334 5.87792772679738
8.52950457667845 4.8597698897173
12.7588059633527 1.14414064582655
12.2438362943351 8.91279861602064
1.98011323036922 11.7034071118461
11.3418694252059 9.4449925856217
1.84350431145605 8.68018579226396
10.2421743833671 2.7196985249057
7.62689103285269 5.42661003909515
7.79427106965266 3.47561761831745
7.5324547228241 6.41798132820383
8.39512557033256 6.88851969799498
8.62218812385056 3.89754631003578
7.71697706549677 4.44071982514633
9.33780228867561 6.35144726881507
12.1596399848696 9.99033330346172
7.82917182252622 2.52077999052713
7.45615084547362 7.41589494788528
7.88520409894404 1.58306339498314
5.83490537967159 8.65967651960725
8.60926413985717 2.89468056768781
12 11
11.2766435253026 10.314356983727
10.9174128022532 3.08377888403116
1.76475954213413 10.8587532183136
11.952716413727 0.905419343426854
1.76631001016543 7.85592889746707
7.80202919722923 0.804746481098744
-12.4629869673769 5.71762632132909
-13.0447843397124 6.65554741553009
9.75356679512834 -9.60369194960944
-5.24078121336614 2.68807573574228
-6.33859514952843 2.01133845186088
-5.12503777960685 1.65102298529775
-6.43953291127258 5.71586758990632
-5.31787949581847 5.1139670801129
-5.30335532173724 6.17844517073638
-6.15494107559747 3.07192077212479
-6.44800672497395 7.74981354496556
-5.30522822581662 7.263334795652
-5.29289244672412 8.35623033167437
10.9027680815425 -11.1933973031025
-13.727311774329 7.69245165278853
10.922636746848 19.7143289600164
-6.19235588031979 4.6817791367864
10.0585674109169 -10.6452420296667
-6.17170458693966 8.88181128274144
10.0623501307967 19.1526660254558
8.96435320327302 -8.70901594601496
-6.15205118833603 6.6998121444777
-5.89872924393515 0.921672463466681
9.97641944710617 -6.21608964452171
10.9008385934847 -5.66919354659066
10.0591592497313 -5.02902396584127
-5.43053709504113 3.89184661212528
-6.60808299379784 3.86733703027134
-5.22826278758131 9.43842881307839
-6.09105287643556 10.0209125891165
10.1538899981489 17.9821818597768
10.989372275075 18.6117752888687
9.2000140277107 -5.73492058955924
9.02292081783143 19.3886881286215
-7.22880951003948 8.62788380840723
9.34600889356353 18.5958620951754
-6.91379011439962 9.41208731978359
-12.4405512551759 7.66692411665175
-11.877066585353 8.62337996598849
-10.1159580833691 7.67133149499756
-10.7146425919399 8.62413793989338
-11.2808119420471 7.66758063407498
3.69795705967197 -5.91337197197185
4.26686080537187 -4.93773517967585
-7.0562354195919 0.950933779448116
-8.2958494912015 2.87846736200991
5.46654770173735 -6.87690872451421
-8.86895140922985 1.91058375547819
6.04140872953465 -5.91342461974358
-11.8535511206766 6.70551897348849
-11.2507139562619 5.75566307284496
-10.6846663068169 6.71300534669383
10.8575596041856 -6.76906358809634
11.8515377771515 -6.20847874360225
-8.379660098463 8.63014423035601
-7.78342644754629 7.68618105777644
6.6208759395864 -4.95383092204312
7.78373683990531 -4.95935134148114
5.44513239751582 -4.9434603810928
-7.8426870706624 11.0249651323498
-8.4066782604728 10.0907689704546
-7.27189870291556 10.1653502220496
6.18868121000847 16.9501435004931
-10.745415893205 10.0999955490642
-9.57977611568314 10.0950611878396
8.50507584970446 16.9348680608212
9.01957056551289 17.8188605340682
-11.9062641676849 10.103406606966
18.0854675747032 7.74639204796063
11.8690891243095 -9.53800683135128
10.8849527363045 -8.9832726662912
10.9098130970129 -10.0892657666158
11.8451084890557 -7.31973449240526
10.8782182243325 -7.87608268554533
-11.8199169686923 4.79679225298617
-8.35472597198959 6.72694595954599
-7.19171698585721 6.74042087501035
-7.15883607619345 2.90177786261608
-7.76007878399772 5.77465232982189
-8.9503542956177 7.67651631847604
-8.89546445517853 3.84221732607018
6.06257644003137 -7.83936100272849
-9.4922403401531 4.80212749121723
-10.6569342086155 4.79858515728201
-10.0876234921273 5.75907752257037
-8.32723424204444 4.80839820539408
-7.16379333604811 4.8183305584186
-9.54906042274366 8.6256869031852
8.90061901599369 -4.93723097433192
5.02124914688788 16.962265205678
7.34906829378858 16.9403790486879
9.65930434309626 16.9366083784264
18.0336018414011 9.93820256313247
18.0600167510736 8.84567727672246
11.8903612487461 -10.6436051212484
11.8529297309659 -8.42990789822535
13.0978704181408 -4.11621381244984
6.63571052428591 -6.87773829995079
7.22629972248464 -7.83731523771914
-7.72823914288687 3.84794102569513
-9.5192186461232 6.71884883506591
8.32651809920493 -7.83207996606551
7.21155006867746 -5.91818127226208
7.79099498536672 -6.87306692373272
-8.92352808631861 5.76502496022541
9.95418248045863 -7.34530695561426
-6.64414180558616 11.0132862637587
8.2967960669602 -5.87698273138919
-3.99426484605375 12.4041275051734
10.8166103167667 16.9505945764212
9.97070258159497 -8.43020642631238
8.93470934833624 -6.83580381728975
-4.96740034436338 0.799166974678007
11.0513481531972 -4.82091264464583
-5.07444401216666 10.2563384417862
12 17
11.1193514204879 17.764181790218
9.2634186305112 -7.93509167319105
-11.3105547159489 9.36261768484336
-10.1467551066235 9.36129478134287
8.4712333626558 18.6372231448193
-8.97814742503895 9.36076613882947
-7.80296275439089 9.36379531266027
9.75396289368053 13.1314867595613
10.3200860308649 12.1874764434613
10.9168044694053 13.0248698743045
-2.23998003062238 13.7166719087626
-3.10347729941327 13.0904870152747
-2.35836556095513 12.4836886851168
1.56091443731165 13.3811627652296
2.49932414142817 12.6869958741733
2.38859786956569 13.748252276933
11.0352072800937 15.2187445176026
10.1597352420899 15.8695800093387
10.1774639538539 14.7473945211648
10.21702871755 13.8627928346077
2.28453167317451 14.5746175375698
3.21126440672606 13.2988785804292
9.39778540558528 15.1777440296976
6.78145964807196 16.0141547278769
6.24415657660983 15.097883059649
7.39491341535641 15.1139075082173
5.81920471351542 12.3588845620587
6.34007532835944 13.2623126481454
5.2037626455144 13.2669693133871
9.20504931146804 12.2565013627497
8.07885351272507 12.2926505838793
3.59343943372746 12.4555853714622
-8.4706491338757 11.9716451839962
5.61724284443783 16.0205972324064
9.04897180903965 16.0148089491409
-2.10464744764729 14.9339759017951
-3.05751395010166 14.290411698477
3.32723059174523 14.1992074993256
4.68226722079696 12.3905033482582
7.93878166934525 16.0224899946674
7.48645475245901 13.275021604481
6.96155394939937 12.3226377432257
-1.34954392930694 12.4510825467207
11.9430800745996 13.514899185421
11.9382441857127 14.6870207375662
11.0362015088607 14.1551549921169
8.60690708615301 13.2441155071581
4.57023022638985 14.1382468091471
5.08217550281934 15.0776308802798
5.71562893969884 14.1621451916174
9.22854277818563 14.2071149153355
8.01850034180115 14.2093406260581
6.86727391862647 14.1899078050594
13.3130183810125 11.0401603534396
11.9478644185739 15.8451962665941
1.59157213658338 12.5509394362005
-3.24984676949106 12.1279463205134
11.1240388004754 16.1328588964679
11.1766017147282 12.0094640565817
4.09620783255917 13.2921087897637
8.50413659525297 15.1255142739086
14.4528132602203 2.17943222889462
13.673351074172 0.380060505658454
13.0043131491958 -0.433280553323195
16.1511979184808 8.88993434285363
17.0643711048477 9.39382608113625
12.9780730921808 15.1961703043087
13.9743598555005 10.1728701331409
13.3289102175403 9.34704077922083
14.4850292735787 9.33866564167632
12.8448759831945 -2.43887155580553
13.7228141619506 -3.07571426906102
13.7127077054013 -2.00142946897542
15.1661827142315 1.69334453042377
15.387286859642 9.35489703864775
14.0866345303162 8.59158524198313
16.3983534434342 2.49003702739578
13.3692357675752 6.12569212130575
14.3463800506231 5.53882282506467
14.2478116008051 6.67180538236147
17.1787129111754 5.00223561110388
16.2117264519036 5.57935397666236
16.2899780328042 4.45320864765426
13.5084341065508 3.91639431274681
13.437850585037 5.01094100904997
13.2346526363525 8.29650181201045
17.0998096862125 7.20001480297487
12.8581649054687 -10.1151034404531
14.8087190464437 -3.22746137573173
14.498758531761 3.33889817133827
13.5658488599385 2.79765928464168
15.4711430744193 2.67866373598398
16.0862948011513 7.75796172128072
17.0745002768723 8.30022533285635
15.0683628846382 8.4008053621843
13.2900135139002 7.23521277411297
12.7804911300124 -7.88633073520521
12.8466541705773 -1.45647766042568
15.0632095130279 10.1653553812515
15.4441043247873 3.88619465167744
14.4450999476432 4.44226776014338
15.3420536532256 4.99989228226304
15.1063846116982 7.21744381756279
16.1283675135792 6.670045275237
15.207059899049 6.11367751317122
12.7759461902273 -3.29497728733404
13.5672464737459 0.795095056297567
13.0116997159401 10.2565099594657
17.1756134494875 10.2380749776743
15.364366239894 -2.34168297274049
14.1720533394645 7.73640104757729
10.0038974420937 0.231761272703493
5.52568085725263 -3.02882467096087
7.22544156227896 -2.34295625359487
5.52907973719599 -2.06108035946854
7.0018572145641 -0.380059289699474
7.2005318903298 -3.50906071645591
7.14464994858336 -4.70332384320018
7.20988774313622 -1.1892227039594
0.0778940822459961 -2.07673043613027
0.0665712361978206 -1.07224794609704
7 -6
6.38926128135866 -5.04850447358169
12 1
-3.9740928350455 -1.26763750162245
-3.30946077205214 -0.821562550568806
0.0650504291443663 -3.05460271104189
-13.7535667951283 5.60369194960944
-14.0585674109169 6.64524202966668
-14.0623501307967 8.8473339745442
8.46298696737689 -9.71762632132909
-14.9027680815425 7.19339730310251
-13.0229208178314 8.61131187137854
3.0562354195919 -4.95093377944812
-7.69795705967198 1.91337197197185
-9.46654770173735 2.87690872451421
4.86895140922985 -5.91058375547819
1.89872924393515 -4.92167246346668
-10.1886812100085 11.0498564995069
-15.9145324252968 7.74639204796063
-14.922636746848 8.28567103998361
7.81991696869232 -8.79679225298617
1.26763750162245 -3.9740928350455
6.74541589320502 17.9000044509358
11.9663981585989 18.0617974368675
11.9145324252968 -11.7463920479606
-11.2262997224846 3.83731523771914
7.90626416768487 17.896593393034
-10.0625764400314 3.83936100272849
11.9399832489265 19.1543227232775
-9.02124914688788 11.037734794322
19.077363253152 8.28567103998361
11.8837861875502 -5.09787041814085
-12.4712333626558 9.36277685518067
-1.19920749932561 14.3272305917452
-6.09048701527468 11.8965227005867
3.9339759017951 15.1046474476473
-7.290411698477 11.9424860498983
-3.02835481600378 15.4706491338757
4.4706491338757 16.0283548160038
-5.40412750517341 11.0057351539463
0.0848619408452943 11.7070995281859
-0.381162765229591 12.5609144373117
1.45108254672066 14.3495439293069
-1.57461753756981 13.2845316731745
13.6199394943415 1.67335107417204
14.4332805533232 1.00431314919581
14.1794322288946 -0.452813260220343
13.6933445304238 -1.16618271423148
17.1418350945313 6.11510344045311
12.7725386242683 -6.80871904644371
12.8212870888246 -9.00223561110388
18.1096387512539 6.64360512124841
12.924285730939 -5.72281416195063
11.9598396465604 12.3130183810125
12.8346446187485 14.0632095130279
12.8271298668591 12.9743598555006
12.7950950562976 0.432753526254125
13.0617974368675 17.0336018414011
12.7619250223257 16.1756134494875
17.2195088699876 3.88633073520521
16.3416829727405 3.36436623989401
13.6583170272595 -7.36436623989401
16.1961703043087 10.0219269078192
14.678663735984 -1.47114307441925
14.4900370273958 -2.39835344343423
