-0.000728966765226747 0.999999715227427 0.0001953267001452
-0.000751026417108035 0.999999697730395 0.000201242241128669
-0.000782262911372677 0.999999672065411 0.000209603930298465
-0.00079909189271163 0.999999657803194 0.000214115953939261
-0.000774938166217449 0.999999678176072 0.000207650164412036
-0.0009122900954926 0.999999553986026 0.000244447399793869
-0.000820653787182446 0.999999639085676 0.000219899702023901
-0.000620461565269617 0.999999793694816 0.000166246119699438
-0.000862970569515752 0.999999600906096 0.000231234610308979
-0.000774289480791099 0.999999678715728 0.000207471057474241
-0.000858665607171863 0.999999604879882 0.000230072717657349
-0.000831698552506257 0.999999629308316 0.000222846915236223
-0.000880704569896742 0.999999584334826 0.000235986514021968
-0.00062701386782817 0.999999789313462 0.000168007859394437
-0.000900666185730001 0.999999565279361 0.000241332782435516
-0.000612046596312498 0.999999799251889 0.000163997395642402
-0.000815533910958279 0.999999643575897 0.000218523500106422
-0.000899072229427704 0.999999566816696 0.00024090568051701
-0.000898413717986157 0.999999567451008 0.000240729285880059
-0.000767450037877653 0.999999684366412 0.000205639288054087
-0.000761114899970003 0.999999689556738 0.000203937579555755
-0.000807771104557709 0.999999650329525 0.000216440915088734
-0.000828041089231648 0.999999632561082 0.000221868556521568
-0.000810614243248842 0.999999647863691 0.000217202766834782
-0.000765954829023348 0.999999685594976 0.000205239247934615
-0.000850063325574726 0.999999612757509 0.000227765614531106
-0.000769434175292674 0.999999682732419 0.000206170101129956
-0.000610808764157405 0.999999800063074 0.000163665715182289
-0.000745925267496206 0.999999701822633 0.000199875311869522
-0.000817588084462388 0.999999641777732 0.000219075629904375
-0.000750431459110728 0.999999698210207 0.00020107739716562
-0.000721892841253715 0.999999720727446 0.000193431527781979
-0.0009140513523569 0.999999552262756 0.000244917157125531
-0.000851347984835552 0.999999611582428 0.000228126286021504
-0.00082486518237179 0.99999963537484 0.000221014974054778
-0.000922053134128697 0.99999954439023 0.000247057383365304
-0.000611997192592621 0.999999799283385 0.000163989710773847
-0.000775071760740756 0.999999678065714 0.000207683014410668
-0.000858360174408843 0.999999605158112 0.000230003112442807
-0.000878916997429711 0.999999586021761 0.000235502054521012
-0.000859463298736687 0.999999604146071 0.000230283606488474
-0.000723179534683476 0.999999719731626 0.000193773141847276
-0.000878585432637711 0.999999586333186 0.000235416852274852
-0.000742559685230596 0.999999704507555 0.000198972152685689
-0.000764351438028456 0.999999686909081 0.000204813620705499
-0.000721579416436425 0.999999720970091 0.000193346544751378
-0.000708769594105887 0.999999730789935 0.0001899097702987
-0.000786568052725263 0.999999668446689 0.00021075391238892
-0.000677110147717745 0.999999754302364 0.000181430593258205
-0.000645868485099622 0.999999776453053 0.000173054166442956
-0.000861015066574464 0.999999602712936 0.000230709831161801
-0.000672206698944174 0.999999757847937 0.000180117244893191
-0.000908364576543922 0.999999557816102 0.000243395558027826
-0.000761890938337397 0.999999688922416 0.000204150115901145
-0.000973736096848463 0.999999491881394 0.000260911800023095
-0.000645618361141153 0.999999776625165 0.000172992922223476
-0.000726668322513305 0.999999717019771 0.000194713964384253
-0.000742735198291899 0.999999704370343 0.00019900666319741
-0.000692335577168506 0.99999974312943 0.00018550612825058
-0.000742703845870746 0.999999704395093 0.000198999303990213
-0.000663118637617495 0.999999764351922 0.000177678849558883
-0.000926690995582764 0.999999539792737 0.000248310516218875
-0.000990763518172375 0.999999473955419 0.000265474173849979
-0.000676777824422997 0.999999754542269 0.000181348221363742
-0.000931316705489871 0.999999535189058 0.000249541305036071
-0.000875657050314707 0.999999589085673 0.000234634215757815
-0.000863965099045055 0.999999599985468 0.000231502077280588
-0.000634900041647638 0.999999783981211 0.000170116042621354
-0.000668468389088695 0.999999760534297 0.000179112706050099
-0.000864078321909683 0.999999599880762 0.000231531791559384
-0.000768520314544482 0.999999683487101 0.000205918003716607
-0.000649565145951466 0.999999773884822 0.000174055814695255
-0.000890755063695007 0.999999574794373 0.000238676538118946
-0.000644159141010531 0.99999977763312 0.000172605651750101
-0.000763849002111086 0.999999687323398 0.000204665114059486
-0.000727134270511964 0.999999716656461 0.000194840318490113
-0.000700671886172309 0.99999973690566 0.00018774322625818
-0.000831085875726916 0.999999629852257 0.000222691749883928
-0.000843303563194932 0.999999618889579 0.000225964151975942
-0.000767294564699057 0.999999684496584 0.000205586436865151
-0.000829041166752611 0.999999631672651 0.000222138032817054
-0.000880509990264058 0.999999584518913 0.000235932527621484
-0.000755243590379959 0.999999694326723 0.00020236991050557
-0.000670080518065716 0.999999759376712 0.000179551152880877
-0.000856563878453745 0.99999960681 0.000229517249556116
-0.000836228197910574 0.999999625256419 0.000224074590068163
-0.000664160051300117 0.999999763610158 0.000177963630640233
-0.000682447611102505 0.999999750412734 0.000182865329462883
-0.000944537240630477 0.999999521898753 0.000253084306023309
-0.000688144226339076 0.999999746230007 0.000184383965188205
-0.000882459098877404 0.999999582676528 0.000236458680604237
-0.00085218811977173 0.999999610816145 0.000228348346402663
-0.000667682190417571 0.999999761096834 0.000178904353457485
-0.00065708934357335 0.999999768616814 0.000176067922591764
-0.000698560054600821 0.999999738488709 0.000187180031583298
-0.000722456064964613 0.999999720292126 0.000193579192983777
0.00136370486357621 0 0.99999907015409
0.00136966473460761 0 0.999999062008817
0.00131588215545188 0 0.999999134226702
0.00135371877599474 0 0.999999083722318
0.00135826560074401 0 0.999999077556853
0.00134718253337203 0 0.999999092549199
0.00135569084788086 0 0.99999908105074
0.00136052440299169 0 0.999999074486246
0.00135592495865684 0 0.999999080733331
0.00135061456717625 0 0.99999908791973
0.00136478740759955 0 0.999999068677233
0.00134088622212249 0 0.999999101011666
0.00136665691769372 0 0.999999066123999
0.00134834703370449 0 0.999999090979725
0.0013474955735999 0 0.999999092127427
0.00135030443733003 0 0.999999088338548
0.00135799935940159 0 0.999999077918445
0.00134587775282707 0 0.999999094306127
0.00135480725723254 0 0.999999082248227
0.00132885227529549 0 0.999999117075425
0.00132298894897531 0 0.999999124849738
0.00124760763295201 0 0.999999221737294
0.00129919893737458 0 0.999999156040704
0.00127521012692417 0 0.999999186919236
0 0.999999936326302 -0.000356857663431064
0 0.999999884186747 -0.000481275901435834
0 0.999999888727644 -0.000471746436339175
0 0.999999938334738 -0.000351184454488549
-0 0.000400990966984702 0.999999919603119
0 0.000419122358827818 0.99999991216822
-0 0.999999937225218 -0.000354329734150221
-0 0.999999886297694 -0.000476869582496367
0 0.999999892512667 -0.00046365359410244
0 0.99999992896892 -0.000376911334810461
-0 0.000358867719215237 0.999999935606978
0 0.999999943663238 -0.00033566876773519
-0 0.00041061403030634 0.999999915698056
0 0.99999994185763 -0.000341005478320098
0 0.999999886453901 -0.000476541902541889
0 0.999999924828902 -0.000387739849760364
0 0.99999988582142 -0.000477867290686153
-0 0.999999888089044 -0.000473098192557177
0 0.999999944310544 -0.000333734789307218
0 0.999999905713906 -0.000434248984166453
0 0.999999882188511 -0.000485410099596289
0 0.999999897870481 -0.000451950249833629
0 0.999999909961922 -0.000424353800372327
0 0.999999897742181 -0.000452234041214323
0 0.999999912050457 -0.000419403239838237
-0 0.00039725173662206 0.999999921095526
0 0.999999867493401 -0.000514794308831756
0 0.999999865625199 -0.000518410633372405
0 0.999999901719837 -0.000443351234159172
0 0.999999874763722 -0.000500472317693036
0 0.999999874489738 -0.000501019469565054
0 0.999999904225363 -0.000437663415681908
0 0.999999883314887 -0.000483084063799409
-0 0.999999873582178 -0.000502827631875931
-0 0.99999992393228 -0.000390045425719703
0 0.999999932556106 -0.000367270721503125
0 0.999999910679387 -0.000422659695860071
0 0.999999878192742 -0.00049357319820966
0 0.9999999492472 -0.000318599431103244
0 0.999999908437061 -0.000427932086461715
-0 0.999999952443823 -0.000308402904998317
-0 0.999999950830529 -0.000313590400399343
0 0.999999834748517 -0.000574893849782584
0 0.999999924375568 -0.000388907262413167
0 0.999999911701612 -0.000420234183131458
-0 0.000364883218213065 0.999999933430116
-0 0.999999957313967 -0.000292184983015114
0 0.999999919837592 -0.00040040580547559
0 0.999999852095664 -0.000543882938327623
-0 0.999999872706772 -0.000504565595761257
0 0.999999851874386 -0.000544289635122316
0 0.999999932370075 -0.000367776895250042
0 0.999999889657359 -0.000469771509033121
0 0.999999869872986 -0.000510150968581059
0 0.999999918973031 -0.000402559226602608
-0 0.000316080291080783 0.999999950046624
-0 0.999999948283469 -0.000321610105665375
0 0.999999918723147 -0.000403179487323266
0 0.999999899130724 -0.000449153139581082
-0 0.00043187027042294 0.99999990674403
0 0.999999857807913 -0.000533276807367812
0 0.999999916115611 -0.000409595862097817
0 0.999999894519084 -0.000459305802844933
0 0.999999824954273 -0.000591685240989558
0 0.999999908706053 -0.000427303036405268
-0 0.00043097788896943 0.999999907129025
0 0.999999949576652 -0.000317563684080403
-0 0.000352322617842821 0.999999937934385
0 0.999999906954933 -0.000431381646320825
0 0.999999837472203 -0.00057013644695403
-0 0.999999880539551 -0.000488795339938422
0 0.999999910800535 -0.000422372964982102
0 0.999999900172765 -0.000446827103804915
-0 0.000285367789933207 0.999999959282611
-0 0.999999962253015 -0.000274761656870849
0 0.999999933964961 -0.000363414464509836
-0 0.999999940660243 -0.000344498927097751
0 0.999999906036348 -0.000433505818021295
0 0.999999893091147 -0.000462404254225271
-0 0.000599652295346002 0.999999820208546
0 0.999999896656961 -0.000454627394116478
0 0.999999864244431 -0.000521067288464394
-0 0.000452298418871378 0.999999897713065
0 0.9999998968657 -0.000454168019371443
0 0.999999839461141 -0.000566637178281485
0 0.000447523470988885 0.999999899861367
0 0.999999867289981 -0.000515189305908663
-0 0.999999948438608 -0.000321127360475601
0 0.999999917409664 -0.000406424243672905
-0 0.99999985523439 -0.000538081033373788
-0 0.000432136512205296 0.999999906629013
-0 0.000597062928477867 0.999999821757914
0 0.999999852612379 -0.000542932058286768
-0 0.999999830988185 -0.000581397971715017
0 0.00043800573485771 0.999999904075483
0 0.999999854873636 -0.000538751061547082
0 0.999999858750328 -0.000531506654733356
0 0.999999942690719 -0.000338553626401731
-0 0.000323187154774453 0.99999994777503
0 0.999999920508638 -0.000398726369241174
0 0.999999956087061 -0.000296354309913283
0 0.999999935386297 -0.000359482130097736
-0 0.999999928170474 -0.000379023806913564
0 0.999999835071313 -0.000574332087824882
0 0.999999945125806 -0.000331282937370874
0 0.000439916313577367 0.999999903236814
-0 0.999999853760225 -0.000540813765771265
0 0.999999941416802 -0.00034229576739056
0 0.999999949585016 -0.000317537345116254
-0 0.000442356465467508 0.999999902160374
0 0.999999849907492 -0.000547891407582525
0 0.999999828690761 -0.000585336184330938
0 0.999999850069361 -0.000547595887385833
0 0.999999848443565 -0.000550556851902782
0 0.000445255933892943 0.999999900873572
0.000760661037287268 0 0.999999710697351
0.000775714460883085 0 0.999999699133493
0.00077048601907845 0 0.999999703175603
0.000783342104505093 0 0.999999693187527
0.000809264927567514 0 0.999999672545085
0.000795917337762685 0 0.999999683257745
0.000775468708287214 0 0.999999699324096
0.000818937811716863 0 0.999999664670374
0.000760476693730171 0 0.999999710837557
0.00074721392459147 0 0.999999720835636
0.000739246872121231 0 0.999999726756994
0.000814888482216775 0 0.999999667978326
0.000761102833181605 0 0.999999710361197
0.000759625290758007 0 0.999999711484667
0.000744367106007899 0 0.999999722958767
0.000759373659182612 0 0.999999711675781
0.000784167197584191 0 0.999999692540856
0.000767864463991436 0 0.999999705192039
0.000736089923248061 0 0.999999729085776
0.000700619939921673 0 0.99999975456582
0.000732877327860617 0 0.999999731445375
0.00072440992235978 0 0.999999737615098
0.000711518678591661 0 0.999999746870553
0.000702287704988887 0 0.999999753395959
0.000724181690246521 0 0.999999737780405
0.000696517931666455 0 0.999999757431356
0.000748208692919431 0 0.999999720091837
0.000704894591976313 0 0.999999751561776
0.000738831386078966 0 0.999999727064054
0.000781961128607221 0 0.99999969426835
0.000748056538185269 0 0.999999720205669
0.000727479094210009 0 0.999999735387049
0.000732157532333493 0 0.999999731972638
0.000743114827131489 0 0.999999723890139
0.000738295992324303 0 0.999999727459477
0.000736619496242595 0 0.999999728695822
0.000751116978731036 0 0.999999717911602
0.000714895070399423 0 0.999999744462487
0.000731019398582031 0 0.999999732805284
0.000680481437626324 0 0.99999976847248
0.000761050213486177 0 0.999999710401244
0.000739826212633154 0 0.99999972632855
0.000766910615610337 0 0.999999705924011
0.000694566404369892 0 0.999999758788726
0.00072037223374314 0 0.999999740531889
0.000689437438789815 0 0.999999762337981
0.000749168362046822 0 0.999999719373343
0.000737233877749546 0 0.999999728243068
0.00072437185457043 0 0.999999737642674
0.000724266556969597 0 0.999999737718943
0.000685118898041516 0 0.99999976530602
0.000725120870339504 0 0.999999737099827
0.000729819797572262 0 0.999999733681496
0.000720644354410889 0 0.999999740335824
0.000799732614599174 0 0.999999680213821
0.000749106953001612 0 0.999999719419347
0.000767384600315993 0 0.999999705560394
0.00071138701293125 0 0.999999746964227
0.000717952600786877 0 0.999999742271998
0.000707574645941638 0 0.999999749669029
0.000808425224424965 0 0.999999673224275
0.000752890027876929 0 0.999999716578263
0.00076940638402211 0 0.999999704006864
0.000839652730725284 0 0.999999647491584
0.000847148707980323 0 0.999999641169469
0.00084566825539411 0 0.999999642422537
0.000830243235982567 0 0.999999655348025
0.000822978410033799 0 0.999999661353211
0.000803574259453453 0 0.999999677134153
0.000752126415371866 0 0.999999717152887
0.000835849153766815 0 0.999999650678035
0.00071703682014655 0 0.999999742929066
0.00083599833989872 0 0.999999650553327
0.000817217427305245 0 0.999999666077783
0.00082557650710511 0 0.999999659211657
0.00078722472767666 0 0.999999690138566
0.000806271833473121 0 0.999999674962813
0.000801008292850149 0 0.999999679192806
0.000733439089677089 0 0.999999731033515
0.000812796500338491 0 0.99999966968087
0.000731882501291169 0 0.999999732173966
0.00074394283061877 0 0.999999723274494
0.000793658590948016 0 0.999999685052971
0.000818010331503436 0 0.999999665429493
0.00071869573759576 0 0.999999741738185
0.000793869244336554 0 0.999999684885762
0.000798196573648339 0 0.999999681441064
0.000739896411031312 0 0.999999726276613
0.000750151488845285 0 0.999999718636332
0.000792371271149943 0 0.999999686073835
0.000705064267221837 0 0.999999751442159
0.000712887954891635 0 0.99999974589535
0.000710959827130042 0 0.99999974726803
0.00078972334814362 0 0.999999688168468
0.000724775640892471 0 0.999999737350101
0.000792856955559663 0 0.999999685688875
0.000742494566662265 0 0.999999724350871
0.000719140502094029 0 0.999999741418436
0.000792944732655703 0 0.999999685619276
0.000801271624133081 0 0.999999678981841
0.000800373422313889 0 0.999999679701141
0.000720518567723635 0 0.999999740426463
0.000775811027334147 0 0.99999969905858
0.000757226146953154 0 0.99999971330424
0.0007871720497768 0 0.999999690180034
0.000798380917189177 0 0.999999681293905
0.000780969270678232 0 0.999999695043453
0.0007724784661265 0 0.999999701638465
0.000783034884661899 0 0.999999693428138
0.000726601381377754 0 0.999999736025181
0.000741198399230006 0 0.999999725312429
0.000729796398105691 0 0.999999733698573
0.000758893853705466 0 0.999999712040018
0.000742184436427332 0 0.999999724581093
0.000777771343748313 0 0.999999697535823
0.000761418842392183 0 0.999999710120631
0.000717952600786877 0 0.999999742271998
0.00075261208644947 0 0.999999716787484
0.000730630222380168 0 0.999999733089703
0.00076024264085886 0 0.999999711015522
0.000747398268143109 0 0.999999720697875
0.000724679074436071 0 0.999999737420085
0.000723584829218351 0 0.999999738212463
0.000742614532580788 0 0.99999972426179
0.000386329594784571 0.999999925374719 0
0.000444012443927487 0.99999990142647 -0
0.000446256581553108 0.999999900427527 -0
0.000488622696057423 0.999999880623923 0
0.000456602321346377 0.999999895757155 -0
0.000453024035392555 0.999999897384606 0
0.00050684774291929 0.999999871552674 0
0.000432859189259672 0.999999906316457 0
0.00044594642210603 0.999999900565889 0
0.000447672686291689 0.999999899794578 -0
0.000393714428583572 0.999999922494471 0
0.000522225911620076 0.999999863640039 0
0.000355210415946068 0.999999936912778 -0
0.000389799643912899 0.999999924028116 0
0.000450022121539185 0.99999989874004 -0
0.000462345726434014 0.999999893118209 0
0.000488915305898862 0.999999880480905 0
0.000449434020580512 0.999999899004526 0
0.000460163056001451 0.999999894124975 -0
0.000437935536434663 0.999999904106228 0
0.00044947205927766 0.999999898987429 0
0.000437549299588665 0.999999904275301 0
0.000431773703934739 0.99999990678573 -0
0.000456382878520246 0.999999895857329 -0
0.000435559733084983 0.999999905143855 0
0.000367964120164525 0.999999932301201 -0
0.000511283281900775 0.999999869294694 -0
0.000451593291441083 0.999999898031744 -0
0.000393266753540777 0.999999922670627 0
0.000481530443478867 0.999999884064209 0
0.000363794822417316 0.999999933826661 0
0.000419768987600801 0.999999911896995 -0
0.000531099957930277 0.999999858966407 -0
0.000539362532831347 0.999999854544019 0
0.000427703883376153 0.99999990853469 0
0.000406187251226055 0.999999917505955 0
0.000411702455146637 0.999999915250541 0
0.000403712000010859 0.999999918508307 0
0.000411169942464246 0.999999915469636 0
0.000402954194613175 0.999999918813955 0
0.000430231812438709 0.999999907450289 0
0.000441864930989741 0.999999902377687 0
0.00040776427108538 0.999999916864146 0
0.000372148086220921 0.999999930752899 0
0.000461002788654516 0.999999893738209 0
0.000487616169424643 0.999999881115229 0
0.000409054560058929 0.99999991633718 0
0.000409004821622196 0.999999916357524 0
0.000412524609092765 0.99999991491172 -0
0.000364391683689215 0.999999933609348 -0
0.000431718115630797 0.99999990680973 0
0.000455686540448457 0.999999896174883 0
0.000542934968668873 0.999999852610799 0
0.00044878448145018 0.999999899296239 0
0.000408475248424352 0.999999916573982 0
0.000540067660211613 0.999999854163451 0
0.000395057366399061 0.999999921964836 0
0.000441689376725356 0.999999902455243 0
0.000444682472153758 0.999999901128744 0
0.000404422977353342 0.999999918221024 0
0.000403290663935122 0.999999918678317 0
0.000530412409248131 0.999999859331328 -0
0.000431106615183338 0.999999907073539 0
0.000418601574991638 0.999999912386357 0
0.000443558977252075 0.999999901627712 0
0.000403056610973706 0.999999918772681 0
0.000455546085398036 0.999999896238877 0
0.000453623836085298 0.999999897112702 0
0.000550144276140489 0.999999848670626 0
0.000443345384290626 0.99999990172243 0
0.000399817704479721 0.999999920072899 0
0.000350353540232835 0.999999938626197 -0
0.000458375382671976 0.999999894945999 0
0.000377394109075845 0.999999928786841 -0
0.000470210394703309 0.999999889451086 0
0.000501013590592814 0.999999874492683 0
0.000377838844640438 0.999999928618901 0
0.000383675878851553 0.999999926396407 -0
0.000498140461183226 0.999999875928033 -0
0.000464701040746917 0.999999892026466 0
0.000491498794097589 0.99999987921446 -0
0.00050089950360677 0.999999874549836 0
0.000448003305725921 0.999999899646514 -0
0.00039172483286758 0.999999923275825 0
0.000487897050425629 0.999999880978227 -0
0.000467255279691854 0.999999890836246 -0
0.000444501068021494 0.999999901209395 0
0.000492522841226271 0.999999878710618 -0
0.000400142474065208 0.999999919942997 0
0.000484544057115691 0.999999882608521 -0
0.000439029782001816 0.999999903626421 0
0.000542273729854093 0.99999985296959 -0
0.000448649905370772 0.999999899356626 0
0.000446932430542065 0.999999900125696 0
0.000488526129571032 0.999999880671103 -0
0.000441859081121184 0.999999902380271 -0
0.000395765433366387 0.999999921684858 -0
0.00045460399464265 0.999999896667599 -0
0.000352354806675231 0.999999937923043 -0
0.000446707137844539 0.999999900226362 -0
0.00044556900372266 0.999999900734127 -0
0.000440425397662107 0.99999990301273 -0
0.000481340249990284 0.999999884155775 0
0.000381557556890668 0.999999927206913 -0
0.000427399602894025 0.999999908664785 -0
0.000428528976791941 0.999999908181454 -0
0.000478297386996458 0.999999885615798 -0
0.000433453140099876 0.999999906059183 -0
0.000467594688491867 0.999999890677598 0
0.00049074395733398 0.999999879585177 0
0.000540816676153381 0.999999853758651 -0
0.000509966683176554 0.999999869966983 0
0.000441118825365822 0.999999902707086 -0
0.000434260683903684 0.999999905708825 -0
0.000483265467932745 0.999999883227237 -0
0.000486554112694972 0.999999881632541 0
0.000439916313577367 0.999999903236814 -0
0.000497060825760888 0.99999987646526 0
0.000490565434481143 0.99999987967277 -0
0.000482218021315887 0.999999883732883 0
0.000446595961238837 0.999999900276019 -0
0.000400756914022637 0.999999919696945 0
0.0004952526634344 0.999999877362392 0
0.00050809414322954 0.999999870920162 0
0.000476544812924291 0.999999886452514 -0
0.000356611881615124 0.999999936413981 0
0.000376817707802247 0.999999929004205 -0
0.000396344745009853 0.999999921455418 -0
0.000456289251521332 0.999999895900054 0
0.000457655615981635 0.999999895275663 0
0.000482806122282653 0.999999883449117 0
0.000524721680768726 0.999999862333569 0
0.000417343474863353 0.999999912912208 -0
0.000395870760110336 0.999999921643168 0
0.000391938425842843 0.999999923192132 -0
0.000562385925084372 0.999999841861023 -0
0.000568796448884228 0.999999838235287 0
0.000481158874960266 0.999999884243062 0
0.000348533648835414 0.999999939262146 -0
0.000366164746999118 0.999999932961687 -0
0.000488745572400242 0.999999880563876 -0
0.000376434439517666 0.999999929148554 0
0.000487244600909328 0.999999881296342 -0
0.000431343607622768 0.999999906971342 0
0.000494772799597002 0.999999877599931 0
0.000482188742869169 0.999999883747001 0
0.000490878533413426 0.999999879519126 0
0.000481436816477685 0.999999884109289 -0
0.000501405677295723 0.999999874296165 0
0.000457798981422499 0.999999895210041 0
0.000380091713597395 0.999999927765142 -0
0.000486121076903619 0.999999881843142 -0
0.000343123800374361 0.999999941133027 -0
0.000390118563633307 0.99999992390375 0
0.000484766410328544 0.999999882500757 0
0.000479259995972579 0.999999885154922 0
0.000465072609274198 0.999999891853728 -0
0.000415702077362572 0.999999913595888 -0
0.000364031814875773 0.999999933740417 0
0.000403442818732685 0.999999918616943 -0
0.000553713801532808 0.999999846700501 -0
0.000346274900827948 0.999999940046845 -0
0.000454636154367251 0.999999896652978 -0
0.000557546658270594 0.99999984457085 0
0.000388377689202594 0.999999924581383 -0
0.00039784862697497 0.999999920858232 0
0.000480398159212861 0.999999884608798 0
0.000533560627835125 0.999999857656518 0
0.000425123276383413 0.999999909635096 -0
0.000384565320870302 0.999999926054754 0
0.000376411010937732 0.999999929157373 0
0.000550504173987324 0.999999848472566 0
0.000529136730536529 0.99999986000715 -0
0.000371264464954885 0.999999931081346 0
0.00045487608628541 0.999999896543868 -0
0.000480997930814527 0.999999884320489 -0
0.000384228851540912 0.999999926184092 0
0.000395891249203382 0.999999921635056 0
0.000503462560875761 0.999999873262717 -0
0.000480834105390191 0.999999884399275 0
0.000462307716839093 0.999999893135782 -0
0.00037469647544223 0.999999929801273 -0
0.000399993258753387 0.999999920002693 -0
0.000351611640458331 0.999999938184625 0
0.000453313676641302 0.99999989725335 0
0.000377233194022022 0.999999928847556 0
0.000391774600409171 0.999999923256328 -0
0.000517819592951023 0.999999865931426 -0
0.000368976467657302 0.999999931928181 0
0.000511745567017425 0.999999869058229 -0
0.000525201486376492 0.99999986208169 0
0.00079441930637576 -0.999999684448933 0
0.000723292219466887 -0.999999738424148 0
0.000689013163350578 -0.999999762630402 0
0.000719857329052454 -0.999999740902679 0
0.000706761252504256 -0.999999750244235 0
0.00065538948373742 -0.999999785232289 0
0.000698548446711943 -0.999999756015004 0
0.000766720451293186 -0.999999706069832 0
0.000706360434755793 -0.999999750527437 0
0.000634858835972734 -0.999999798477109 0
-0.000828982226067415 0.999999656394175 -0
0.000712683180447777 -0.99999974604131 0
0.000694267973837099 -0.999999758995961 0
0.000737947794298262 -0.999999727716489 0
-0.000923767560753739 0.999999573326656 -0
0.000689127250311913 -0.999999762551788 0
0.000686883171419044 -0.999999764095727 0
0.000678284099424265 -0.999999769965314 0
-0.000536147026238643 0.999999856273173 -0
-0.000920651532717091 0.999999576200288 -0
0.000643434450518336 -0.999999792996033 0
0.000708788857124353 -0.999999748809146 0
0.000715401243951094 -0.999999744100497 0
0.000684220637835758 -0.999999765921032 0
-0.000549919012568126 0.999999848794528 -0
0.000675507537037332 -0.999999771844758 0
0.000703970021958121 -0.999999752213073 0
0.000720933995574931 -0.999999740127053 0
-0.000796107560274443 0.999999683106326 -0
0.000757580165747706 -0.999999713036105 0
0.000877518881289806 -0.999999614980232 0
-0.000900744179899586 0.999999594329879 -0
0.000799928657871434 -0.99999968005702 0
0.000747840064024372 -0.99999972036758 0
0.000717197706035568 -0.999999742813692 0
0.000708689380283087 -0.99999974887965 0
0.000745686614689122 -0.999999721975698 0
0.000784866503985215 -0.999999691992238 0
-0.000912230986753639 0.999999583917227 -0
0.000712569035284462 -0.999999746122653 0
-0.000920408690563107 0.999999576423831 -0
-0.000853120343990541 0.999999636092773 -0
-0.000760690315724021 0.99999971067508 -0
0.000681473295714835 -0.999999767797047 0
0.000685124718804897 -0.999999765302032 0
0.000683524299910727 -0.999999766397238 0
0.000619975143204659 -0.999999807815392 0
0.000612502563032334 -0.999999812420288 0
-0.000590705082526035 0.999999825533738 -0
0.0006332525380436 -0.999999799495591 0
-0.000764321249319618 0.999999707906471 -0
-0.000884031847635116 0.99999960924377 -0
-0.000916833346233076 0.999999579708219 -0
-0.000848438996270133 0.99999964007557 -0
0.000740349906652985 -0.99999972594097 0
0.000766518587242933 -0.999999706224585 0
-0.000894842805741565 0.999999599628096 -0
0.000752980715362541 -0.999999716509981 0
0.000730077249912098 -0.999999733493569 0
0.000848114255964272 -0.99999964035104 0
0.000875175268100096 -0.999999617034052 0
0.000815485343154712 -0.999999667491772 0
0.000732125343515214 -0.999999731996205 0
0.000753036303648 -0.999999716468122 0
0.000693612555892378 -0.999999759450782 0
0.000729328234151123 -0.999999734040128 0
-0.000956902649054251 0.999999542168555 -0
-0.000922764003336392 0.999999574253207 -0
-0.000824599317600332 0.999999660017925 -0
-0.00075145347701411 0.999999717658796 -0
0.000699034131194655 -0.999999755675612 0
0.000681996989799842 -0.999999767440026 0
0.000676853413970812 -0.999999770934702 0
0.000670065472385378 -0.999999775506106 0
0.000603786492956344 -0.999999817720919 0
-0.000597961130573019 0.999999821221227 -0
-0.000528598368042433 0.999999860291873 -0
-0.000518126812898309 0.999999865772294 -0
-0.000665761560108842 0.999999778380748 -0
-0.000792365392179976 0.999999686078493 -0
-0.000889459241893489 0.99999960443105 -0
-0.00090853567645275 0.999999587281377 -0
-0.000895746886367194 0.999999598818677 -0
0.000882805878877689 -0.999999610326814 0
0.000825901305617611 -0.999999658943459 0
0.000810195434597041 -0.999999671791625 0
0.000866763510961892 -0.999999624360438 0
0.000796259656793115 -0.999999682985229 0
0.000834693441455537 -0.999999651643369 0
0.000754045740344623 -0.99999971570747 0
-0.000879379662305481 0.99999961334563 -0
0.00079097271657918 -0.999999687181032 0
0.0007518191955249 -0.999999717383909 0
0.00075371803139539 -0.999999715954524 0
0.00083451497688982 -0.999999651792316 0
0.000760125643526972 -0.999999711104461 0
0.000765822249401044 -0.999999706758098 0
-0.000797488536126031 0.999999682005967 -0
0.00068087346604359 -0.999999768205635 0
0.00062089383435067 -0.999999807245405 0
-0.000592785365398748 0.99999982430274 -0
-0.000709640318348791 0.999999748205278 -0
-0.000827823554013124 0.999999657354023 -0
-0.000832247440802632 0.999999653682039 -0
-0.000918679517052068 0.999999578013884 -0
-0.000916107730143566 0.999999580373225 -0
-0.000907485320072326 0.999999588235112 -0
0.00085025885747017 -0.999999638529873 0
0.000852154796018919 -0.999999636916036 0
0.000823399716780808 -0.999999661006396 0
0.000840410477523987 -0.999999646855052 0
0.000814894302978803 -0.999999667973583 0
0.000774611426374228 -0.999999699988524 0
0.000764935689032483 -0.999999707436653 0
0.00076548866149027 -0.999999707013512 0
0.000810447066142322 -0.999999671587723 0
0.000754853254775685 -0.999999715098241 0
0.000725954752830124 -0.999999736494814 0
0.000749080584947126 -0.999999719439099 0
0.000704973579732127 -0.999999751506095 0
0.000699230174499617 -0.999999755538552 0
0.000802661389318491 -0.999999677867295 0
0.000807904440837776 -0.999999673645154 0
-0.000908702441264328 0.999999587129851 -0
-0.000915136361514497 0.999999581262632 -0
0.000681312351606126 -0.999999767906713 0
-0.00090357929816136 0.999999591772143 -0
-0.000900404771300095 0.999999594635542 -0
0.000861894909502381 -0.999999628568514 0
0.000804396442111706 -0.99999967647313 0
0.000849688306392147 -0.999999639014826 0
-0.000873065765924281 0.999999618878012 -0
0.000761354464756007 -0.999999710169648 0
-0.00094556508793476 0.999999552953232 -0
0.000676821225148771 -0.999999770956488 0
-0.000549415749299954 0.999999849071156 -0
-0.000905130007200373 0.999999590369751 -0
-0.000890143879832908 0.999999603821858 -0
0.000678003247587134 -0.999999770155772 0
-0.000932945911313469 0.999999564805869 -0
-0.000874206809802899 0.999999617881154 -0
-0.000790042267714342 0.999999687916559 -0
0.000689098030079982 -0.999999762571924 0
0.000687529741812608 -0.999999763651399 0
0.000677201553834375 -0.999999770699001 0
0.000610038982932094 -0.999999813926202 0
0.00060586380719061 -0.999999816464507 0
-0.000581087841399378 0.999999831168446 -0
0.000591184888109407 -0.999999825250199 0
-0.00073655802898804 0.999999728741098 -0
-0.000853155443184304 0.999999636062829 -0
-0.000920344371152688 0.99999957648303 -0
-0.000916368150999217 0.999999580134618 -0
0.000720108960634917 -0.999999740721509 0
-0.000931720000853906 0.999999565948826 -0
0.00082591888431846 -0.99999965892894 0
0.000735560350252907 -0.999999729475449 0
-0.000797111117900069 0.999999682306882 -0
-0.000858597506200291 0.999999631405093 -0
-0.000893008276435446 0.99999960126803 -0
-0.000928089010160864 0.999999569325302 -0
0.000726352660180272 -0.999999736205872 0
-0.000951516233637901 0.999999547308326 -0
0.000697062114821764 -0.999999757052175 0
-0.000940169766580603 0.999999558040307 -0
0.000728637717055503 -0.999999734543504 0
0.000615808756892826 -0.999999810389769 0
-0.00048901181417755 0.999999880433716 -0
-0.000868018699994175 0.999999623271697 -0
-0.000917365829465496 0.999999579219879 -0
-0.00090108067811805 0.999999594026723 -0
-0.000862980365140242 0.999999627632375 -0
-0.000875388831838941 0.999999616847123 -0
0.000725153059158276 -0.999999737076486 0
-0.000747652810091616 0.999999720507599 -0
0.000731431916042422 -0.99999973250364 0
-0.000952001917903274 0.999999546846072 -0
0.000724930706015905 -0.999999737237701 0
-0.000530102278924614 0.999999859495777 -0
0.000619223158731886 -0.999999808281322 0
0.000719629096936944 -0.999999741066948 0
-0.00092676950184749 0.999999570549053 -0
0.000730741398949983 -0.999999733008468 0
0.000721785456777178 -0.999999739512843 0
0.000712595403341059 -0.999999746103863 0
-0.000915347014862548 0.999999581069833 -0
-0.000910297038821817 0.999999585679565 -0
0.000633846488764164 -0.999999799119294 0
0.000615188438092051 -0.999999810771575 0
-0.000443011854471973 0.999999901870243 -0
-0.000455367620754569 0.99999989632016 -0
-0.000891586322676689 0.999999602536836 -0
-0.000855150858537977 0.999999634358438 -0
-0.000909872763531509 0.999999586065692 -0
0.000686058078212106 -0.999999764662129 0
-0.000578750106083045 0.999999832524143 -0
0.000702893297189004 -0.999999752970476 0
0.000742930483578085 -0.99999972402711 0
-0.000702153070736679 0.999999753490502 -0
-0.000888125065201456 0.999999605616857 -0
-0.000950960350998735 0.999999547837103 -0
-0.000934262509223643 0.999999563576687 -0
0.000703419959839919 -0.999999752600149 0
0.000648744907670887 -0.999999789565 0
0.000627087825453755 -0.99999980338041 0
0.000670554067278276 -0.999999775178596 0
0.000668564548649897 -0.999999776510697 0
0.000642928276922614 -0.999999793321594 0
0.000611990510435627 -0.99999981273379 0
0.000661290922865395 -0.999999781347134 0
0.000661217755870532 -0.999999781395516 0
0.000681034410152444 -0.999999768096039 0
0.00063007218920135 -0.999999801504499 0
0.000689791457615355 -0.999999762093844 0
0.000642255338451272 -0.999999793754019 0
-0.000615305493652616 0.999999810699557 -0
0.000650029375541448 -0.999999788730883 0
0.000660304885559039 -0.999999781998705 0
0.000672081377424659 -0.999999774153286 0
0.000639069110692464 -0.999999795795315 0
0.000662607521317668 -0.999999780475612 0
0.000741072612548421 -0.999999725405654 0
0.000634279553577636 -0.999999798844704 0
-0.000537753324346015 0.99999985541067 -0
0.000628582946815312 -0.99999980244172 0
-0.000917003021421454 0.999999579552641 -0
0.000732602296818728 -0.999999731646901 0
-0.000488865538360691 0.999999880505236 -0
-0.000874192199691533 0.999999617893926 -0
0.000745464261556822 -0.999999722141479 0
0.000653704198112685 -0.999999786335388 0
-0.000916496848029064 0.999999580016676 -0
-0.000497186612484488 0.999999876402729 -0
-0.000881184971455946 0.999999611756448 -0
-0.000948309518392873 0.999999550354428 -0
0.000661293833247052 -0.999999781345209 0
0.000738129227472346 -0.999999727582585 0
-0.000507710845885049 0.99999987111484 -0
-0.000913731986455174 0.999999582546841 -0
-0.000870531988427205 0.999999621086957 -0
0.000686967979941188 -0.999999764037469 0
-0.000593745034769178 0.999999823733401 -0
-0.000630625161749331 0.999999801155933 -0
0.000645836563201127 -0.999999791447545 0
-0.000606852754980957 0.99999981586485 -0
0.000685905923457602 -0.999999764766504 0
0 0.999999855210774 0.000538124921936286
0 -0.000360026342550234 0.999999935190514
0 0.999999907713189 0.000429620311990076
0 0.999999870089311 0.00050972675126322
0 0.999999857355072 0.000534125300179573
0 -0.000377595973212776 0.999999928710638
0 0.999999910775813 0.000422431492772975
0 0.999999874826667 0.000500346530970055
0 0.99999992026112 0.000399346659068517
0 0.999999902271653 0.000442104833808198
0 0.999999864218528 0.000521116997792493
0 0.999999906759188 0.000431835171211136
0 0.999999945911962 0.00032890131296424
0 0.999999877929752 0.000494105739968029
0 -0.000357319948613172 0.999999936161225
0 -0.000371068450685582 0.9999999311541
0 0.999999895271641 0.000457664405336719
-0 -0.999999942083888 -0.000340341328985109
0 0.999999932222584 0.000368177713145573
0 0.999999890087147 0.000468855728097358
0 -0.000398621042497584 0.999999920550629
0 0.999999861162767 0.000526948239555939
0 0.99999986542947 0.000518788051738502
0 0.999999882036494 0.000485723169427112
0 0.999999891698543 0.000465406168206529
0 0.999999905687224 0.000434310422338828
0 0.999999943758467 0.000335384947211587
0 0.999999920773231 0.000398062219948683
0 0.999999854690753 0.000539090412102822
0 0.999999871377636 0.000507192972464201
0 0.999999931862305 0.000369154961423663
0 0.999999930436774 0.000372996579167962
0 0.999999881336258 0.000487162673645996
0 0.999999891385127 0.000466079106835613
0 0.999999885281091 0.000478996664573892
0 0.999999880883994 0.000488090154294752
-0 -0.999999941028575 -0.000343428080886138
0 -0.000356500704997354 0.999999936453622
0 0.999999939134604 0.00034889939662785
0 0.999999932742959 0.000366761608269467
0 0.999999897670713 0.000452392045870802
0 0.999999854993436 0.000538528650145012
0 0.999999862425671 0.000524546126514962
0 0.9999998838824 0.00048190786186585
0 0.999999892961227 0.000462685135236351
0 0.999999896161554 0.000455715789790699
0 0.999999897078202 0.000453699884375337
-0 -0.999999939100917 -0.000348995934021597
-0 -0.99999994196434 -0.000340692408451772
-0 -0.999999944308591 -0.000333740639176511
0 0.999999946660919 0.000326616225947945
0 0.999999940476651 0.000345031439820414
0 0.999999931207288 0.000370925085237806
0 0.999999909295208 0.000425922030840962
0 0.99999987488814 0.000500223654629349
0 0.999999941619923 0.00034170184559123
0 -0.000350631481779048 0.99999993852878
0 0.999999858952403 0.000531126325992657
0 0.999999863936285 0.000521658328882782
0 0.999999872470472 0.000505033701647199
0 -0.000376080391474241 0.999999929281767
0 -0.000435170614959215 0.999999905313264
0 0.999999856951609 0.000534880136892805
0 0.999999858454687 0.000532062595933188
0 0.99999990382285 0.000438582136088171
0 0.999999908932201 0.000426773463219573
0 0.999999905626226 0.000434450848289407
0 0.999999906770562 0.00043180883225037
0 0.999999903626421 0.000439029782001816
0 0.999999897363404 0.000453070834340311
0 0.999999931514073 0.000370097081382459
0 0.99999993765575 0.000353112583012575
0 0.999999849366796 0.000548877386823512
0 -0.000387909554167585 0.999999924763086
0 -0.000414868194578342 0.999999913942187
0 0.999999860056672 0.000529043132645925
0 0.999999892716061 0.000463214708428223
0 0.999999891173659 0.000466532602627938
0 -0.000359771800483342 0.999999935282124
0 -0.000354821268679406 0.999999937050932
0 0.999999862525434 0.000524355903934902
0 0.999999862888796 0.000523662476273385
0 0.999999850032512 0.0005476631754196
0 0.999999854626074 0.000539210378053958
0 0.999999936747428 0.000355675611511658
0 0.999999900602408 0.000445864523946669
0 0.999999913201365 0.000416650047138426
0 0.999999879398461 0.000491124286098229
0 0.999999902603801 0.000441352907419778
0 0.999999910890716 0.000422159401118602
0 0.999999908313059 0.000428221756823893
0 0.99999991694167 0.000407574106693247
0 0.999999906263249 0.000432982094708464
0 0.999999925945567 0.000384849141378825
0 0.999999925357763 0.000386373483353689
0 0.99999990760883 0.00042986315429861
0 0.999999928449663 0.0003782864905874
0 0.999999901778189 0.00044321959756497
0 0.999999902888983 0.000440706278664809
0 0.999999891541892 0.00046574263752115
0 0.999999913832904 0.000415131525983982
0 0.999999865327746 0.000518984095084654
0 -0.00038046916111521 0.999999927621606
0 0.999999868437617 0.000512956868108476
0 0.999999854138175 0.00054011445915609
0 -0.000391879927153616 0.999999923215058
0 0.999999917639001 0.000405859571260441
0 0.999999874092163 0.000501812374117513
0 0.999999901081902 0.000444787798891211
0 0.999999862651184 0.000524116030234567
0 -0.000361644340681085 0.999999934606683
0 0.999999856804463 0.000535155168005318
0 0.999999855432706 0.000537712346165621
0 0.999999893744957 0.000460988149430717
0 -0.000353820650013264 0.999999937405472
0 0.999999872145165 0.000505677419999385
0 0.99999985720188 0.000534412031028646
0 -0.000358677525708588 0.999999935675214
0 0.999999900805812 0.000445408088682377
0 0.999999865512922 0.000518627165809489
0 0.999999877860371 0.000494246136811459
0 0.999999916965523 0.000407515578901292
0 0.999999921229132 0.000396915267297674
0 0.999999889614738 0.000469862225653433
0 0.999999867514496 0.000514753330649876
0 0.999999916195891 0.000409399818733487
0 0.999999919127258 0.00040217592922573
0 0.99999989209036 0.000464563525176147
0.000302744335009406 0 -0.999999954172933
0.000184277214939167 0 -0.999999983020954
0.000200337129699324 0 -0.999999979932517
-0.99999995144972 0 -0.000311609622974565
-0.999999950273869 0 -0.000315360524314475
0.000177021135596427 -0 -0.999999984331759
0.000154062099672698 0 -0.999999988132435
-0.999999953442821 0 -0.000305146448570288
0.000175198333675893 0 -0.999999984652772
0.000206487234354385 0 -0.999999978681511
0.000230069469857934 0 -0.999999973534019
0.00020216576691157 0 -0.999999979564501
0.000184891640424453 0 -0.999999982907541
-0.000316563036272888 0 0.999999949893921
0.000298455053220765 0 -0.99999995546229
0.000306583013525665 -0 -0.999999953003427
0.000164147449657786 0 -0.999999986527807
0.000154582898148202 0 -0.999999988052064
0.000301919241479905 0 -0.999999954422385
0.000176851431169003 0 -0.999999984361785
0.000188051544995731 -0 -0.999999982318308
-0.000244853748817779 -0 0.99999997002332
-0.999999943209582 0 -0.000337017555505395
0.00019366328707009 0 -0.999999981247265
0.000173712015674236 0 -0.999999984912068
-0.000190052811582136 -0 0.999999981939964
-0.000292819912098873 -0 0.999999957128249
0.999999983113027 -0 0.000183776891015201
0.000275996357633698 0 -0.999999961913005
0.00023064000675288 0 -0.999999973402593
0.000155089071949302 0 -0.99999998797369
0.000177840364729352 0 -0.999999984186402
0.000265027387073203 0 -0.999999964880241
0.000191372364631138 0 -0.999999981688309
0.000262844716432346 0 -0.999999965456327
0.000245711031170347 0 -0.999999969813044
0.000177860853825022 -0 -0.999999984182758
0.000179148218047999 0 -0.999999983952958
0.000255910467591367 0 -0.999999967254916
0.000173688601643693 -0 -0.999999984916135
0.000312771156747516 0 -0.999999951087101
0.000295353662145899 0 -0.999999956383106
0.000259392216689862 0 -0.999999966357838
0.000207707310504384 0 -0.999999978428836
0.000178504528660664 0 -0.999999984068066
0.000187723850434055 0 -0.999999982379878
0.000198900535610017 0 -0.999999980219288
0.000265949017974836 0 -0.999999964635559
0.00020042489229478 -0 -0.999999979914931
0.000195825483271293 -0 -0.99999998082619
0.00021050148177178 -0 -0.999999977844563
-0.000189315495181138 0 0.999999982079821
-0.000233741397987032 0 0.999999972682479
-0.000296600091729084 0 0.999999956014192
-0.000316756140170433 0 0.999999949832773
-0.000331499440742882 0 0.999999945054059
0.00023266176238048 0 -0.999999972934252
0.000181992127805815 0 -0.999999983439433
0.000303733253987037 0 -0.999999953873054
0.000184180662986542 -0 -0.999999983038742
-0.99999994822793 0 -0.000321782749571135
0.999999982818708 -0 0.000185371475252525
-0.999999946800354 0 -0.000326189039967307
0.999999973503718 -0 0.00023020113557646
0.000184303539352474 -0 -0.999999983016103
0.000193841766300316 0 -0.999999981212685
0.000178843937515197 0 -0.999999984007423
0.000212151654296219 0 -0.999999977495838
0.000191621056848711 -0 -0.999999981640685
0.000195243246624482 0 -0.999999980940037
0.00019551827780655 0 -0.999999980886301
0.000183923181411575 0 -0.999999983086132
-0.999999948251471 0 -0.000321709582548367
0.999999981572782 -0 0.000191975090374766
-0.999999945115142 0 -0.000331315126203978
0.99999998014298 -0 0.000199283818482428
-0.999999938031246 0 -0.000352047586679782
-0.999999936605812 0 -0.000356073548133615
-0.999999945911962 0 -0.00032890131296424
0.00032393323139552 0 -0.999999947533629
0.000277582137861558 0 -0.999999961474078
0.000269252302376848 0 -0.999999963751598
0.999999973743623 -0 0.000229156613735935
0.999999976037212 -0 0.000218919109313045
0.000213933477986963 0 -0.999999977116233
0.000186138041003249 0 -0.999999982676315
-0.99999995156818 0 -0.000311229235943158
0.000162146183043992 0 -0.999999986854308
0.000241448047983597 -0 -0.99999997085142
0.000257268073836609 0 -0.999999966906568
-0.00027132964625571 0 0.999999963190111
0.000157529209764941 0 -0.999999987592274
0.00016246217787069 0 -0.99999998680302
0.00027605485632623 0 -0.999999961896857
0.000272499969356239 0 -0.999999962871883
0.000161961853941055 -0 -0.999999986884179
0.000173925594124364 -0 -0.999999984874944
0.000172099881817958 0 -0.999999985190815
0.000237246546620334 0 -0.999999971857038
0.00016948711465686 0 -0.999999985637059
-0.999999952401403 0 -0.000308540420585793
0.00019226474623135 0 -0.999999981517134
0.000313280270009213 0 -0.999999950927735
0.000167064511912544 0 -0.999999986044724
-0.999999947619839 0 -0.000323666989580504
0.000177957405777978 0 -0.999999984165581
-0.999999949401821 0 -0.000318113746425469
0.000150483798394419 0 -0.999999988677313
-0.99999994656149 0 -0.000326920506464771
0.000246278643124222 -0 -0.999999969673415
-0.999999950107641 0 -0.000315887187183114
0.999999982004964 -0 0.000189710492346817
0.000309017315911879 0 -0.999999952254148
0.000252741788357828 0 -0.999999968060794
0.000199959696696725 0 -0.99999998000806
-0.999999945721257 0 -0.000329480624649844
-0.999999950830529 0 -0.000313590400399343
0.000186778805453084 0 -0.999999982556839
0.000246983770664192 0 -0.999999969499508
-0.999999949690869 0 -0.000317203815249731
-0.999999953622105 0 -0.000304558347515178
0.00014378070624473 -0 -0.999999989663554
0.000304649035043665 0 -0.999999953594482
0.000150398946179603 0 -0.999999988690078
-0.999999944150291 0 -0.000334214624108278
0.00017325265538696 0 -0.999999984991759
-0.999999959782863 0 -0.000283609365814316
0.000155958039535637 0 -0.999999987838545
