1102 2
-1.02979594152903 -2.05610028482325
-1.9543587552649 -2.15590705895158
-1.51413583834698 -2.74711799359505
-1.38922218190103 -1.42966792871825
-4.09909993806327 -3.26354648128183
-4.57185523152308 -2.7814355372655
-4.61766806671598 -3.262689718578
-0.940185464611488 -0.71855077501122
-0.428343555937331 -1.21853948634753
-0.406078502384082 -0.739103734106123
-4.14341662630368 -2.506029559483
-0.856880208154898 -1.49390603391258
-3.34013761744857 -1.78445020092233
-4.11108082749267 -1.29081388155297
-4.06136118025007 -2.00398989038901
-4.6394834688231 -3.61074310984937
-0.372866650790731 -0.386025134083946
-4.54990042082203 -0.791459286799184
-3.92591004453281 -0.605778715893992
-4.55354363659077 -0.378443402261611
-0.447536472259607 -3.22199593389236
-1.02778132303148 -3.40752716601865
-0.436324661183018 -3.62699638166777
-3.42232339326814 -0.000916918872306646
-2.90587114716862 -0.83757946812983
-4.44047941912363 -4.00279656960477
-0.559577459267086 0.00294314705577031
-4.32278014567582 -0.000636110007519418
-0.677252942232449 -3.99933004289606
-0.853069517626583 -2.7486972454558
-3.5220333173989 -1.14307602244627
-2.53177252779449 -1.59365655840174
-3.12486753334612 -3.21759820412503
-3.60993642326702 -2.57756857022887
-1.94602375517857 -0.868880330677877
-3.58454272349221 -4.00083240452366
-1.41551842603748 0.00106746431148293
-2.41260607711997 -0.000305146031993414
-1.57795998393508 -3.99891492580645
-2.58733641943089 -3.99951543964937
-2.28957289439332 -2.97677409210138
-1.79954707911716 -3.4259502788192
-4.56461452831744 -1.71204481253036
-0.435636604724765 -2.28811106336005
-2.79104458223107 -2.38348170874261
-1.95547908411045 -1.51199409572076
0 0
-5 -4
-8.88178419700125e-16 -4
-5 0
-5.00839997076914 -2.51252717921767
-5.0138584064009 -3.01783426048671
-5.0017827001481 -2.00717932088561
-4.57374243119485 -2.25733407964301
-0.00507002640564904 -2.49827741098844
0.00170571219962466 -1.99316867327471
-4.99514538076325 -1.50205437033671
0.00801014488813743 -1.48747950772212
-0.426373070856602 -1.74277318505007
0.0135901772606353 -0.982109467471742
-5.01602098053378 -3.52013334106723
0.0158914143726674 -0.479841871373906
-0.0123422842700084 -3.50565379702049
-0.0105457149843166 -3.00276816359019
-4.98759154737698 -0.494703005208374
-4.98950606445433 -0.997605212252086
-0.362403711269549 -2.75124068457633
-4.64203223843587 -1.25881130002242
-5.82706599735119 -2.28062054984417
-5.50032127133177 -1.77827905012886
-6.07266200347754 -1.82304688068412
-6.07896267081377 -2.74684454670296
-5.52426376004438 -2.76380136730757
-5.92665689507407 -3.21046157395834
-7.34886697742123 -3.73109569575843
-7.37692533540861 -3.24159740571496
-7.83037812140793 -3.73235131132101
-7.92878842577176 -3.27192340130441
1.05552756020732 -1.77238795833693
0.556121889314897 -1.75329264197169
0.868336655847126 -2.19315540076577
-5.37611752741924 -2.26201232267214
-5.87036408046016 -1.36073523476132
2.34949465584844 -3.61143057045046
1.8619414844638 -3.19767977743033
1.82763131661589 -3.6432526205701
2.34862911891325 -3.1237904355627
-6.80624031282705 -3.58641515002873
-6.86285760061902 -3.123293010811
3.67641565004095 -2.76032630447616
3.1587019107839 -2.76499135746248
3.32336321092777 -3.25962227844112
-6.27876719046552 -3.65484419511227
-5.77995106320384 -3.6569114133619
3.85099360062219 -3.2667723389374
1.34666317430694 -3.53405950465353
0.874828811134533 -1.3449821603135
-6.39585566213692 -3.18644071422974
1.4243089888099 -3.08743231393648
0.432537194417662 -2.24554533955633
2.81664409228995 -3.2333526230261
2.94030063260476 -3.7357735743305
-8.75475531361554 -2.82966184759721
-8.73148275575548 -3.33438915927256
4.59985571364186 -3.69860876542238
-5.43667110247767 -3.26832571323847
-6.30610686595422 -0.447423270473369
-6.57713376239482 -0.91462370524479
-6.11348578439658 -0.938666616807727
-5.7758274882268 -0.472752424052688
-5.69154203621069 -1.01667189735955
-8.35663375215273 -3.2087534407427
-6.80944883863888 -0.450902783276688
-6.53349088205803 -0.0098794405543534
-7 0
-5.34305990162427 -0.744705930500432
-7.64838527632603 -0.844540973166936
-7.92859870915872 -1.32276900247668
-7.38653991091658 -1.34493497666728
-7.35141924760953 -0.392825113047681
-7.10367467970704 -0.887910330316856
-6.3378087769792 -2.29500930576613
4.5347150193079 -0.279239465584311
-8.19886500472534 -0.814677170606649
-7.91709800327378 -0.327311535356007
1.83072348011391 -1.32445352304372
1.32873227370905 -1.33695031890088
1.5767517939189 -1.78844764633686
1.33510741243388 -2.2358064974456
3.48611674556522 -3.76107100121992
-7.28286542019385 -1.74001847169296
2.2838438217675 -1.7158258567388
3.98993451182509 -0.267033457524873
-6.59457268433952 -1.83321262906664
4.25845333473325 -0.793473686252391
1.56197673134163 -0.865072690986471
1.12256888284428 -0.896720747054658
3.16873622708468 -0.806559582452526
3.44579696904796 -0.274103461804523
2.89557191585017 -0.320214041624072
2.09676565011947 -1.79217940003232
-7.93164178237685 -2.29816569669362
4.52619515099972 -2.29583810272343
-8.18431732973159 -2.78653080755881
3.7143024962557 -0.79135358268898
2.62435674547183 -0.833610560577488
2.33988920223777 -0.38048748906084
-6.32866161731759 -1.37749225185566
-6.86048007801442 -2.29514122724498
1.80346078008363 -0.41313423158703
1.29513560986143 -0.405926026249232
1.57854776893243 -2.69850387218544
1.04143037828201 -2.70286711268189
1.82981988817681 -2.25698710291787
-7.1242082773496 -1.82540920621339
-7.12071461298039 -2.75449576427898
-7.65776346523262 -2.77959333462296
1.04596644788293 0.0791702038729614
0.532883308856426 0.0888020136392696
0.794549962894834 -0.43065595699288
-6.04646326293817 -4.07839128240859
-5.53327282783328 -4.08877351655119
-6.85246023301633 -1.36636415959661
-7.39247289587091 -2.29676711412745
1.5359631294964 0.0292035343252625
0.427351019408572 -1.22736348650991
2.087017084917 -0.85576828344988
-6.04142543840979 0.0233891822580281
1.04227547370505 -4.02478381262871
1.53520327445743 -3.99180495035778
-6.59640700008165 -2.74785392393461
2.36112078250297 -2.26603296974219
2.08884570690465 -2.7219920393301
3.98435351651902 -1.29766087632751
3.44164239752001 -1.29854227119416
4.52802401139681 -1.3062751891162
-7.66066863374741 -1.81600892704885
2.89908266539889 -2.27757028202358
2.62165916445699 -2.74018339524374
2.13599152644645 -0.621034224874457
2 0
2.23366418844669 -1.17223049683441
4.79818845702184 -1.80640765021552
4.00744958839658 -3.7421175796109
-7.28470123354105 -2.28255777528699
-7.23089617905928 -1.19598136779982
2.2318485087355 -2.80515469776027
2.28388917105523 -2.26133898922348
-7.2335749847971 -2.82493692662763
-7 -4
-6.535722975948 -4.0268821029207
2 -4
2.13135899675356 -3.35758027652719
-7.13020447750213 -0.643637687409049
3.98239690243729 -2.28453981083035
4.25515769009494 -1.79847294978252
3.71247147840095 -1.79441742815811
2.36158647614265 -1.31731084449499
3.44191809111499 -2.27986433371215
3.17050416689838 -1.79306149617787
2.63132544489637 -1.79222328705747
2.8993394501488 -1.30729690636851
0.384430913497932 -2.75354480657667
0.355372387314143 -3.25762362329631
-5.52696818212329 0.0337900934800436
0.527454649357321 -4.03419772508209
0.780753218212333 -3.53875556005917
0.706334625863928 -3.00693394609965
0.369569963128429 -0.733216395500149
-5.37476474880038 -1.24824217550358
1.04142995554734 -3.17401964558091
0.703283375278627 -0.973524199263933
-5.38683449752187 -3.67164573017356
0.378752129017251 -0.328037084596815
-5.35713922950274 -0.349306792763067
0.358978157824937 -3.65177922240512
-7.13475809913355 -3.37221475059085
0.698138436756529 -2.5707861116388
-5.99824490294497 -10.6492470133138
-7.07560375208519 -10.5530890712348
-5.46273246915701 6.70271713646554
-6.46179836661417 -9.82583638023141
2.05586072360097 7.37316524093782
1.01263677738732 7.37130772384838
1.3268217713833 6.59342375756926
0.509249549448713 -9.83094560333794
-6.23254784037542 6.46461782878548
0.464456238164077 5.88888112714827
1.52049094711022 5.77762546047952
-5.53063536697126 -11.5826510237908
-5.48059707532504 5.83472018115888
-4.56791982673333 5.62357094452612
0.533095900918057 6.75493461540005
-2.4681642216805 -10.4037830775151
-3.44203238331905 -9.86214500688124
-3.44353544540326 -10.6881701478963
-2.42626176472452 -9.61254737746413
-3.63800924434004 5.88436426801654
-1.51961009291546 -9.88307245187709
-4.90575677231056 -8.98936652984226
-5.45338657242373 -9.85047181291927
-4.49069970543133 -9.83040549367794
-0.0947110730206771 4.98982377938876
-0.599145097342985 5.83770926630664
-5.91850417243619 -8.98508035722835
-6.94118240961075 -8.98342195205341
-0.896304840519814 -9.00580796785702
-0.444835096602031 -9.87868526720371
-2.56054699350199 5.86760869608309
-3.01636986789803 -11.3103974116222
-2.95819203402897 6.63187675734135
0.083167111472259 7.35414182654623
4.06795319615759 -8.99492465740582
3.05793229352967 -8.98627106577275
-3.89786603858667 -8.99367451420588
-7.00546406962795 7.06838747297526
-8.05862924954344 4.98609586590688
0.918056776925056 4.98548727462791
-1.55841594279098 5.86262704234545
-1.10266707974663 4.99414372093752
-3.10779780874685 5.00226457800352
-2.89348152247184 -8.99783501761196
-1.89264624000358 -9.0017853005853
0.0930597885600467 -9.00984753073707
-2.10702179905542 4.99828413273217
-2.01204625757948 -11.2736104342291
-5.01594945156212 -10.7043879851473
1.94077669078445 4.9838667116808
-4.10422225250158 5.00628192493225
2.20295479971963 6.38766377673364
-0.720231258332178 7.39225417146887
-4.75406224061134 -11.3712590246158
1.06905592785796 -9.01220054015578
3.94346034937391 5.0047932514451
-8.94344124713273 -9.00452403065822
-6.06960080998092 5.01260088881711
-5.09350146473366 5.01019001538517
3 5
2.24329252866415 5.70141472710513
-8 -9
-7.24377991891114 -9.70104051438004
2 -9
1.30069770874834 -9.76177731761878
-0.248687520348827 6.61268171255329
-4.21814505905038 -10.6029535322448
-7 5
-6.3210117996581 5.73581618123467
3.85000582921181 -6.99644392966797
3.70503261910118 -8.0733134651417
4.52755145557678 3.43852659422738
3.00151100189115 -7.48881532756096
4.10653423039826 4.93212969587238
4.06320328678327 -0.952685088637493
4.77946422282691 -0.606396596131154
3.52151123410607 -7.34644660886074
4.32265409642641 4.21027004345958
2.55797671229218 3.56882206595158
3.61678870305361 3.46706975600475
4.79911999248513 -6.48731768642089
3.67041450363547 3.42462671576997
3.41455615238475 2.48768719732334
4.62528351250683 -1.41109990120472
3.78281113540354 -3.46922168677202
3.21507427423061 -4.47730469289222
4.01450000814628 -4.4346078712815
3.03276919519579 -3.47024339077138
3.63262676361898 1.56202472664299
3.33181684291558 -2.54064009940976
2.26920189162859 -5.98788544260682
3.08602554843267 -6.48825909554524
3.12324245964427 -5.52908790284044
2.0418120344584 2.72285006751585
3.52241231487653 -1.49449617812892
2.19551195644951 -6.99232971609192
2.11633308324598 -7.99616165898165
2.55191700130214 -1.95768214809279
2.54864055043695 -7.36701103197411
3.57972711459481 0.47702696468608
4.63364378656453 -3.97284289775455
4.3436388228865 0.916313871421302
4.06140492971281 -1.89240500754345
5.07597916804431 -8.45501904886412
5.07745657243933 -7.54217891847528
2.34307859926631 -4.98247446772857
3.05162325304433 2.73101421759823
3.55484220578747 -0.530211584608362
2.71305009715783 -1.03273152774913
2.73540204435893 0.981706169742936
2.41770075470464 -3.97565861694145
2.49088375375373 -2.96713025972855
3.05252521866767 -6.59818220773908
2.71382372689189 -0.0246002716413919
4.62639676536718 -2.964935866873
3.95479544727286 -6.01076877404147
4.06350522822248 2.73548070814625
2.77614607523381 1.98630512270012
4.27903588278229 4.03289257007719
4.00378957528588 -2.70508929633041
4.62575255684574 -5.71589898556698
4.06486405504341 -6.63141945206078
5.07654753255756 3.62984393761327
2.89638207365101 3.99327915689413
2.83027200292486 2.98976627557904
5.07885790380169 2.73853169955983
4.33583700613741 3.39868749449348
2.82881205164946 -8.26012603476978
5.08061578615817 -6.65689648973035
4.33678853914868 -7.29374727102547
4.74840194741976 -2.19130182334347
3.89498649688481 -5.21630568776195
3.61812107904116 4.28457559446062
-9.27443690228065 -0.938562047191815
-9.18617926961923 0.147346449886197
-9.13332155252933 -3.50613056384514
-8.51319531691976 -0.44314233735063
-9.47687707422277 -8.03425108660721
-9.43402251204586 -6.98213773552128
-8.77757690736357 3.32608268715199
-8.66855572066005 -7.45377104708082
-8.91809977565547 -4.2822736903158
-8.12288758406729 2.49792511365207
-7.94924242274876 3.54912755708582
-10.1412728715867 -1.45126605830442
-8.34715944250046 -3.49087790634509
-8.13282062572257 -2.54760062993988
-8.97804899634311 2.52672810054196
-9.10549374003705 -4.47603018647382
-8.55504058360852 -3.46917274097006
-9.35228461181885 -3.51064290000905
-8.32960180034466 -4.47666304913722
-8.33841369706624 -1.61792117423603
-8.62592563573754 -5.40297972964252
-7.72340562403242 -1.9571246062503
-8.53427855424873 -1.45113047321355
-8.51659384166304 -2.41494385118125
-7.26906435363835 1.98824215396112
-8.13511742633297 1.43963831227919
-7.73184986622331 -0.947206406047685
-7.73672783577095 0.0648367226124472
-7.77637512512516 -5.98530670160926
-8.66813363292288 -6.48694351355468
-8.27277044390426 -0.529800696040892
-9.96573052708133 -3.97287526159046
-9.01441873886009 -0.971620842149251
-9.59299334948261 2.0476651371322
-7.71347921550464 -2.96625055996066
-9.54734762009775 1.0757268972183
-8.53960375128697 -5.0764585069976
-7.19562123341672 2.992622395789
-8.21423265058397 0.47755107529046
-7.34269005830213 0.982933879236737
-7.48903690205499 -1.03211794100259
-7.71424972651162 -3.97439700483754
-7.73534684691251 -4.98071459606402
-7.83039239879973 -6.98891534053132
-7.41723934920602 -0.0237576390258007
-9.97353993516362 -4.97948231847254
-9.33562103671609 -1.92988947364479
-7.11649802674215 3.99645911752298
-7.55083465358873 -2.04135123221069
-10.466443891257 -8.203221197798
-9.33355994866318 -5.2382846690125
-9.9642881413728 -2.22623133943514
-7.8965646854272 -7.99265734888522
-8.63213787605891 1.07712753476213
-7.62962162082219 -4.06346215143182
-7.59697503527866 -3.05139564595618
-7.82907349912962 4.26030326634646
-7.74028993546386 1.08032531196967
-8.40030601637893 0.336645852809095
-8.64182332579348 -8.26445753113416
-8.87744010215475 1.75066486314986
-9.25332873973694 -2.72742756192677
-7.65486130516783 -5.07902771429816
-8.26925172067098 -4.35582524514171
2.46994752551505 -0.134216415084482
2.47530667127999 0.516189176988186
2.03181682927186 0.244551599138926
3.89410842915015 -1.3642338694934
3.28039752822995 -0.947756917820794
3.33002877526606 -1.67624549717775
-0.575690214044706 2.36203013901818
-1.03092669287892 3.05028193574026
-1.38811629809586 2.30700191376237
0.739918416396746 0.00668980291692973
0.442984523968829 0.523752348983001
0.693422501256053 1.18284663985917
1.9199653045663 -1.48423552568224
1.47503422392816 1.07547190831945
-0.647306053935767 4.12683498010475
-0.160917110860754 3.03325626096591
2.93141844017856 0.0909489112838069
0.464466953072219 3.72616789680694
-6.47964142126248 0.895650758923743
-6.06670172295411 -0.836960288378276
-6.69644387144704 -1.50294632464564
2.78421434636664 -1.40376000676339
2.54450520903088 1.92508087213144
3.0438211978249 1.52932324751405
3.47092163866755 2.05562795932827
-7.30526990044621 1.19654092419094
4.4606081048438 1.93492861834513
3.62998602032214 1.36449400394257
4.3770432867441 1.14754936358615
-2.99173777029468 0.74278466911034
-3.57399094842547 1.42149456929439
-3.83282862497116 0.619674371526959
2.66966253731538 -0.792000549156454
-11.4261960203061 0.342101445993242
-11.4488227057608 1.09806710348098
-12.3912069909272 0.745434186230932
1.3718658899661 -0.0135997267927656
0.768913688953073 1.10963694834284
1.42313122803889 1.01999659867289
1.17183336314425 1.84046024815792
-6.65936997109846 -7.17273568039679
1.98438363761964 0.834982734534659
1.52282767337307 0.464011606065048
3.92071936744387 -0.817333254784347
-7.38317574150254 -0.187430263374075
-7.50957947684424 0.258690485185688
-7.99898228162786 -0.202015067520214
-8.02173300497848 1.52276052005632
-7.9970573514971 1.00273294404989
-7.53570569154538 1.95664019666331
3.79159369079984 -2.71836021156222
3.29189432150753 -2.70047734089518
-8.26084135676901 -0.815791994408581
-1.82648385171391 2.92684116974124
-8.6764210652154 0.0106894750586847
-8.06300889123172 0.410651571254721
-8.87810273700598 -0.624911347045376
3.63406645056282 0.073212871412308
3.10191798711843 -0.359607549499712
2.76660379957029 -2.61283835839936
-7.63420310617834 -0.738568096042951
1.98287894071253 2.40724580770354
1.9921913279165 1.46608081587896
-1.74074625186345 4.25910476115626
-2.6713614971942 4.28464213616187
-2.25483743513304 3.59234092893807
1.95792192170325 -0.480265910674978
-6.67653415478243 0.277468974757883
-6.25554714969194 0.999273328772233
1.97428242387366 1.42422313793169
-8.64388056922786 1.40439261426056
-7.06454460624467 -3.52091859594064
-6.87655604995381 -4.44903345706565
-6.75840239765043 -0.528399464717165
1.8821518141103 0.492547802676028
-5.41368194768925 0.522813556678725
-6.0759019157429 -0.155816610533468
-5.56309409432089 0.104996474468903
-5.86690683733982 1.69544237444396
-5.46464975089695 2.39267790850152
-6.36631348480325 2.47440221218586
1.24472823774019 2.75225714865727
0.37679759236585 2.33702822888013
-3.16882265740014 3.61177704061014
-4.18961098014343 3.53093167707133
-3.54412349654651 2.92953057316532
-7.5785865035349 0.693694331423884
3.13918201571455 0.491799825381653
-9.31957728876894 1.0859953831035
0.992503214910573 0.565120291310475
-6.60559892458112 1.65773472267249
2.50265093067341 1.27095407685693
3.07131480000765 1.0301140273633
1.1242248058729 3.43511196286762
1.28911921361242 4.20350432387479
-4.58570627255241 0.517802886489589
6.45018774340119 1.10521655726857
7.2158215807177 0.761116456528134
7.18753218465588 1.72432526742879
-1.28292224022862 0.90148660072852
-2.08273354246807 0.776953810256699
7.99980962533093 1.40371887574779
8.39651975104346 -3.41937526888615
-5.18870997991569 -8.81089763238021
9.08055085982554 -3.20259364636672
0.485762306958264 1.63282040563571
2.81158742471374 -2.00545296727795
3.34688006737289 -2.28703182169492
-0.805213966796197 0.491160642705055
-4.24764720857543 1.05814710301724
4.32069961094625 -0.315508012710774
4.50577234359116 -1.06663730331518
5.09712091629295 -0.630567047457402
0.385367090340778 4.47972851916772
5.77941475402809 0.568171704871261
6.46715204483397 0.261144255032104
-8.45523813671634 -0.405066058128725
0.610212098604934 3.05289096887315
-4.26154532224905 2.87561438407882
-5.63619574121753 4.13771210460534
-4.63557514262774 4.30625649979188
-3.64730971734163 4.24389637548148
-5.00275149744408 -9.56122715862843
4.36455276645236 0.447092334643963
-4.94993833175225 3.03539289563871
-5.1151929475264 3.71345558637553
-8.64627632369144 0.736312635782884
3.69662643783966 0.764838980426566
2.0126093701677 3.4409454614351
-7.29910922680404 -8.01772902546625
-7.51261643554033 -7.05853749421781
-10.4593222532228 1.92596188415096
-10.0780397123872 1.27465327895268
-0.220562005398695 0.512422019478176
5.06877603898107 0.126774838643441
-11.3325801274983 1.86350079609861
-7.62934152475404 -6.07548673249602
-9.39945541550898 -0.241908846289809
-9.31878472010474 0.418289800702002
8.01879234608679 2.32953943982521
9 2
-1.50011665799219 3.59113059762548
6.07509429433986 2.69404848042882
6.35728432953163 1.93120358777426
7.05799571709787 2.55962789613223
-2.62831646465714 1.51099456328358
9.74248205796117 -1.9943647270307
9.09472544299899 -2.35106529239851
9.69646022179582 -3.00530240631599
-5.98190427557489 -9.33264052767708
-5.90676667057104 -8.39834901853612
-7 -9
5.7201787488842 1.34447818151493
-6.40857103542911 3.48555215692282
-5.6625358279957 3.208367660251
9.33275796198676 0.986527390323626
8.72103920320166 0.0797618812636377
9.5646601648984 0.0126303958042743
-12.9788498579855 1.51534893292796
3.90718495038383 -2.02080534861556
6.4103908209452 -2.12693890657717
5.71478011751044 -2.4252534188491
-11.3938494720114 -1.11164390635404
-3.08526571452865 2.21092590332506
-3.8965620809986 2.28571003932012
7.93627717598908 0.460243664959126
7.88055540014122 -0.429005159942761
7.09267591277123 -2.57742557001159
-4.68827295434205 2.35550348387356
-5.12952267764949 1.70194547467041
4.48043674760934 -2.3743674484214
-9.42976383723057 -0.944077757841901
5.07496205837645 -2.75000369695618
7.15971374023719 -0.066010051607649
7.12843926577281 -0.907883792357044
-2.67608268243902 2.880872648128
-12.0455733568109 0.072518805628624
-1.76318282599822 1.54139689431501
3.63736052617987 -0.450127564937498
6.4343343525904 -0.567437983858535
-12.8815614963149 -0.00781326450076114
-10.0446360676655 -0.553646778530806
8.53901069548488 -0.940459579342555
5.45560816070813 2.05542245800546
-2.21815503733898 2.21384761519161
-12.0923994299349 -0.637850251983711
5.75805182019908 -0.977147252105646
5.11352087728813 -1.35998004375744
-7.01585039443893 0.595342708122616
-4.39742422245396 1.66332531901798
-6.50834158183621 0.353098163661602
5.75966653980772 -0.215118798376044
5.75076898397179 -1.71632515500005
6.42713455994422 -1.34251965319402
-7.00639014390291 0.189015585496291
7.10277712921217 -1.74358661279881
-10.6151242085007 0.667230775162496
-9.89415590515616 0.688780561332691
7.78828287399648 -3.03273110057559
-10.0148235141105 0.135288856743766
7.81350915808577 -1.32340372003482
-10.7097189725714 -0.127354713723024
-10.7869339649611 1.36633141823447
-0.949240371788794 1.60324259935705
-10.7158111041198 -0.830657178985626
5.10136234188236 -2.05667352091784
4.49565710530817 -1.70562808635331
5.05895729224299 0.853000507907224
-5.9694644041925 0.464196544935966
-0.19766903765492 1.66260323450877
8.47163815262549 -1.78844139881961
9.14623223661902 -1.49876322721509
0.388280692024379 0.502386005376355
-5.23518213055138 0.525486642151954
2.17307514825947 4.25790597011366
-6.37668826660841 4.27056434113249
7.7723572332151 -2.17632981206703
-0.545242071008546 1.03709319372784
-5.5321127531122 1.07545656730236
-4.84984585103514 1.06836459889083
8.43983500635393 -2.65719533987641
0.127602737736013 1.06339022852869
8.61268200538577 1.00748772935278
-5.90355142987653 0.501922210561929
5.01443973843267 1.46696904497441
9.16707047494519 -0.646329515185356
-11.3975190742591 -0.37938336683458
9.69798795455543 -0.983783539980184
1.03172421574385 0.521380017369789
-7.56369880978633 3.06027646851528
-8.49195266866504 2.64289049920284
-7.69598632567414 2.07678113508662
6.07750601119732 -6.6313830469067
6.643944096133 -7.43474059033038
7.06099435777358 -6.51569371498324
10.9194522745204 -4.56567058502633
9.58381446328051 -6.9975805643491
9.48904305306577 -7.95348983025229
10.1042209249891 -4.49297409737444
-8.36772926752955 1.8164225916118
5.81701758573408 -7.2949448934653
5.91216093005017 4.07548346023129
6.69951323583212 3.43246022633154
6.67025342189393 -8.47345599863783
-9.53102882204076 2.66951146341992
-8.37782375148776 -6.70301494440112
-9.00524190784379 -5.91152615916202
8.53687765792045 -7.15504068553713
8.48601115767054 -8.12246810682062
-8.8971306235656 5.51190321351661
-9.14819424164332 4.48429601259282
-8.17794019081705 4.53438565642473
7.39168401427087 -8.95579015638898
-8.98891488715105 -7.33498584440656
11.1762867947927 -3.49829985789916
10.4097578874563 -3.4993050914923
-8.98571201431841 7.4982204148898
10.2256560631836 -0.491928748376568
10.4630858545945 -1.49461845130945
-9.19346281386 8.49830296122425
-9.15445128498236 6.5043829287862
-5.49923022065422 6.31882225700754
11.0066339111187 -2.49904378734187
10.2829191238622 -2.49889934333603
-6.49209620718835 5.96071979884879
5.93406506473636 -8.01947993466738
-9.09154619728207 1.93306432374493
7.68146588383812 -8.01191893970975
-9.05061975351277 3.68051818993994
10.3123172474765 0.496978516879654
10.1983811540572 1.48885843780612
10.4080655807069 -0.495272320356228
11.9948907081471 -8.79670301741009
10.9988668933103 -8.81004754302512
10.4573037047713 -1.49514354241956
11.7934366735877 -1.99794585284004
10.455176632055 -2.49902190705618
11.8025829372254 -1.00131188735338
-4.49948699268854 -10.4050798546981
-9.82287896615008 6.99900507756105
-5.49343264755059 -10.3066611480061
-9.85407762530555 6.00984207878238
-10.8114774113974 5.51220162007572
7.58227055017768 3.2811593276161
8.53829965224024 3.18079502042929
9.57017190460927 -4.00412190052257
9.7025684368716 -3.00558215659748
11.1759108008628 0.99018816683501
9.02674728815372 4.13052082284239
9.74905618036669 -1.9943641313594
9.70522135712229 -0.983003349541706
-5.01435773953719 5.57069579899836
-5.99303581700421 5.34691524347799
-8.2420572060713 -7.58111562134452
-7 5
-7.33405635184116 4.02207202423595
8.02639402450844 -6.30882279895439
9 -6
-9.89423841523883 5.02296406290963
-8.16690010523896 -8.52944674104008
-8.15166445978289 3.5749116059917
7.57657459132725 -7.11275120494183
8.12454715505352 4.09809140144152
-9.93356044107417 4.1221061162931
-8.29425285892405 -5.82826276025102
5.81560637189879 3.36527781088005
9.33749853022403 -4.9803578649135
-4.42450221500449 -6.36157475095754
-3.96933941029656 -7.04982532783123
-3.61208443177489 -6.30658161218236
-7.0297240695853 -4.22345811787493
-5.24424330626101 -1.4146756101318
-5.77919541167573 -1.87055927677344
2.68318410796252 -4.30909165396486
3.04263787230821 -3.62709957535327
2.41152635568581 -3.77164709821672
-5.67670565454469 -1.06927531143405
-5.73991020443828 -4.00625758407877
-5.52309207540836 -3.5566998701938
-6.18031639559164 -3.30638303439012
3.40425900369556 -4.13499087286656
3.22975224939305 -4.77891110390475
-6.90501398306941 -2.51772631445051
-6.07458602153888 -2.52436259270423
-4.3530767541212 -8.12636877084673
-4.83932624275306 -7.03276400731934
-5.4647651720911 -7.72565853968875
2.58147845747857 -5.03051068563329
-4.99570611130345 4.73476212698996
7.73782932271365 -3.60187248229866
7.70044712510318 -4.47671738975869
8.61700002896175 -4.10952524900119
2.02259106747067 -4.64846200031673
-2.00839689403955 -4.74253794496952
-1.42615440927997 -5.42119431805404
-1.16730087465237 -4.61947545972482
-6.26098301307132 -1.50462299330957
-6.371581738587 -3.98581692923239
-4.14318546500124 -0.752492145243575
-3.70876583440749 -0.451592064284189
-4.11391444833492 -0.0107951517799635
-5.76901005903448 -5.10910314460573
-6.42323207210571 -5.01931786404378
-6.17196732287237 -5.83982101907951
-4.60666789611434 -0.419327457226747
-6.52262431305324 -4.45920393418377
3.39152401903896 -1.78576600724261
-7.86826392047335 -2.6198268645013
2.80210887109531 -2.01184829420739
1.57605964705333 -5.85713342683356
1.32092508409158 -2.76851139911033
1.69720577995414 -3.38238744870198
-6.9141760760452 -1.48750602837978
3.66130089634884 -3.43644830074228
-3.1737831963993 -6.92641465041492
-5.78246925110135 4.35879914386516
-6.98304182076581 -6.40647689645789
-6.99229710324371 -5.4652671964286
-3.25967351512069 -8.25865243560869
-2.32904334427825 -8.28419429841049
-2.74550146342702 -7.5919066587839
-6.95815997494323 -3.51891720880552
4.10037158717217 -3.94505292708378
8.50292129674951 -4.95985225602748
1.67737734521804 -4.27694420040765
1.25585008426978 -4.99883317944149
-7.01337175121954 -0.509611109964843
3.50792878580689 -5.92698738050055
2.56327449847105 -5.78389097844793
-6.43456675509794 -2.04622310413724
-6.37153091336984 -0.859928153174847
-6.88227700003081 -4.49176075187455
0.866972433050847 -5.6950611724049
0.464560696624625 -6.39230201500991
1.36628458796633 -6.47403944931822
-6.24491736861847 -6.75162793788095
-5.37697065117911 -6.33649797251162
-1.83150893887344 -7.61135245308787
-0.810694572129059 -7.530512567963
-1.45613366563796 -6.92912893537984
7.86079820625625 -1.82649088441581
7.642694132891 -0.896198745773575
7.1644584448039 -1.41290575137235
-4.03104886960815 4.32843248555792
1.49517251141068 -4.36895985338616
2.01961817513106 -4.18818865172543
2.63674283140502 -3.20301693925471
5.37205627394656 -0.971716677899682
-4.30863459988196 2.15965086010372
-4.71743600425139 1.48240867754167
1.40700877881433 -4.84696724282249
6.89859188479493 -4.58555290601862
6.6834729077266 -5.26621123625644
7.70421505027213 -5.3191566524225
-5.99296242754583 -4.56471304503409
2.74415485062747 -2.6111809872715
3.20625097128046 -3.00541390631393
3.31081524113323 -2.39220295651762
1.60576259799587 -5.65733904003802
3.80304657265776 -2.80170113497804
-6.12446866638831 -7.43454490200863
-6.28943004932372 -8.20300340297099
-0.414330759764094 -4.51765946089824
-3.71717576025584 -4.9011744424834
-2.91734594626842 -4.77667398222981
1.88898666249927 -5.24917838941871
4.50954649359392 -5.86430033368793
3.76106893642423 -5.25438821951218
-4.28065893647994 5.0289971117075
-4.73795478603769 -1.03041568154131
-7.62341915206374 -3.24888438619612
4.52669382093758 -5.1562720405642
3.11374337587379 -5.38959090748714
-5.48588924823395 -5.63229936738019
-5.21097883081291 -0.463153491176087
-6.22745876287246 1.68139525963262
-6.3640999946855 2.46584566374939
-6.94494778775053 2.29314351923921
-4.19486214969422 -4.49090187688995
-3.62312164591613 1.93979050808794
-0.752443441490061 -5.05789816589847
-6.94525212274823 0.489590445293506
-7.01490717475643 1.45497928202068
-5.38575366331211 -8.47926346073687
-5.61043970865621 -7.05234378323709
-0.738683929546554 -6.87521655326268
0.635866118154468 -8.13734384306792
-0.364816626871937 -8.30584359135938
-1.35308601356863 -8.243450690259
4.42938632080979 -2.56961696090266
4.29891210654831 -3.24783153865784
4.97367786845342 -3.0203877898605
4.82793423848601 -3.72918886904818
3.93695218021742 -4.63577874977506
-5.20965168097905 -0.983709900118849
-0.050274439791345 -7.03500038852789
0.114897839964205 -7.71306261126705
4.68513882881485 -4.44441410217126
-7.39073306734536 -3.81894857116485
-7.01280631161013 -7.44030357656977
-6.75410918755969 3.14116487927503
-4.77949725204423 -4.5121638338724
-3.5002195451069 -7.59068139528698
6.39310670205074 -5.91437729778771
-2.37183813185873 -5.51066951253649
9.00413446137832 -1.56888426220233
1.40838559125708 -7.48521743498152
0.66234328288761 -7.2079956474842
-5.51768331227047 0.256944565526431
-4.82732328918206 0.16253358274792
-5.89047068692766 -0.345917651668157
3.91442323107357 -2.15608073114191
-4.44460758274454 2.95344578623839
-3.83787853206153 2.54857535897309
7.17225347804112 -5.85548152715737
-5.67622353291664 3.63860510036167
-4.87276064556701 3.78641193750737
8.34420472094064 -3.25111743661498
-1.91493822940891 -6.21056329895944
-1.10362627964311 -6.28534003111876
-6.0267390615742 3.08797096144829
-5.75292583663544 2.36749878215823
0.667900434681407 -4.95594123391562
0.43210783251717 -4.4218782480865
0.634046348009589 -3.96678782655092
5.21835647098463 -1.65256303367148
5.79611157403368 -2.05105525848643
-0.3118764738029 -6.35512874814942
0.129484434063957 -5.70159799699805
8.42213144828631 -1.62750470165724
-6.44790628566707 -0.205348050891867
-2.32418131546356 -6.88047290085323
6.52517224159308 -1.77300026390597
-5.02265702963249 2.26355064895275
-5.28242153316402 3.03459492852464
-3.2369596651922 -5.54104011481058
-3.74105042006319 0.643009626494005
4.02092154506286 -1.5427384007208
5.4577472837241 -5.98845005827797
8.52723965780213 -2.40881060032914
9.21117365569557 -2.44137220039285
-2.78204793984807 -6.21346507263603
5.56869296808827 -3.50104143056876
-0.602684712355686 -5.66300223981429
5.44512047165656 -4.23419453164511
6.40655788900417 -2.52787812490353
7.03504429352472 -3.07025616755309
7.14940775434988 -2.25914835816505
-4.41274187509578 0.733542357362608
-5.4442716537295 1.59553104621034
7.78087095062934 -2.79689030303601
5.68306825676772 -2.77863680627015
5.10305794091387 -2.32776161418906
1.17403163600581 -3.89122987941309
5.3005655984021 -4.94271622983529
-4.05090157625613 -5.60285186014089
6.20637399526505 -4.01496927232176
-5.11494112174024 0.858920763545035
4.54935112687768 -1.91374506318146
-4.80246654564866 -5.66216036747936
-6.17644905560075 0.364276845109492
-5.3883266251564 -4.50203173347323
0.235215946660929 -4.52534174658745
1.37640605349879 -8.27024728900551
-7.17331869570507 -8.25740676929087
6.06921058912778 -4.72005175701276
-5.80687026663816 0.958888284457409
-4.45485730386672 -5.03674569970744
6.30625492401065 -3.28730362062375
-6.41292808795188 3.92275142667104
0.930983793371562 -4.47935104778586
0.532195667980577 -5.07511155610499
-0.150179578326206 -5.06810395177964
6.97720346551522 -3.84168385395798
-5.12769506462885 -5.06297803314366
9.01293183657813 -3.2365306979641
0.905723351525677 -4.49764289731992
-6.44175346153407 1.00976262071233
5.82996643307701 -5.38820822288152
5.12452618119107 -5.46719299705979
-6.0317889921417 -4.52082412438228
4.26851724424452 -3.33438915927256
-8.4652849806921 -0.279239465584311
4.25998152830704 0.282865420193853
4.80113499527466 -0.814677170606649
-8.47380484900028 -2.29583810272343
2.62103422487446 0.135991526446449
-8.47197598860319 -1.3062751891162
3.17223049683441 0.233664188446687
4.28255777528699 -4.28470123354105
-8.19598136779982 0.230896179059279
-8.74001847169296 0.282865420193853
3.19484530223973 -4.2318485087355
3.73866101077652 -4.28388917105523
-8.71744222471301 -4.28470123354105
-8.40014428635814 -3.69860876542238
3.7158258567388 0.283843821767496
4.24524468638446 -2.82966184759721
-8.20181154297816 -1.80640765021552
-7.64363768740905 0.130204477502127
2.64241972347281 -4.13135899675356
-7.62778524940915 -4.13475809913355
-8.17506307337237 -4.2335749847971
0.012636777387319 -10.6286922761516
0.326821771383303 -11.4065762424307
-7.23254784037542 -11.5353821712145
-4.53063536697126 6.41734897620924
-2.01636986789803 6.68960258837777
2.00507534259418 -11.0679531961576
1.05586072360097 -10.6268347590622
-1.01204625757948 6.72638956577094
-3.75406224061134 6.62874097538418
2.9952067485549 5.94346034937391
-7.99547596934178 -9.94344124713273
-8.00546406962795 -10.9316125270247
3.00507534259418 6.93204680384241
2.01372893422725 -10.0579322935297
-7.01390413409312 6.05862924954344
-6.46273246915701 -11.2972828635345
-3.95819203402897 -11.3681232426587
-0.916832888527741 -10.6458581734538
-0.466904099081943 -11.2450653845999
-1.72023125833218 -10.6077458285311
-1.24868752034883 -11.3873182874467
3.04731491136251 -8.06320328678327
3.39360340386885 -8.77946422282691
4.67734590357359 -8.21027004345958
3.39360340386885 4.22053577717309
3.56882206595158 -2.55797671229218
4.22053577717309 -3.39360340386885
4.20088000751487 2.48731768642089
2.72285006751585 -2.0418120344584
3.36701103197411 -1.45135944956305
4.36635621343547 -0.0271571022454484
4.93204680384241 4.99492465740582
4.10653423039826 -8.06787030412762
2.04231785190721 -6.55191700130214
4.37360323463282 -1.035064133127
4.37424744315426 1.71589898556698
5.07597916804431 4.54498095113588
4.37471648749317 -2.58890009879528
4.47244854442322 -7.43852659422738
4.6563611771135 -4.9163138714213
4.25159805258024 -1.80869817665653
-10.2224230926364 -7.32608268715199
-10.0819002243445 0.282273690315801
-8.85872712841327 -2.54873394169558
-9.03426947291867 -0.0271247384095367
-9.93161252702474 -8.99453593037205
-10.460396248713 1.0764585069976
-9.02646006483638 0.979482318472539
-8.53355610874297 4.203221197798
-9.52312292577723 4.03425108660721
-9.0357118586272 -1.77376866056486
-7.796778802202 6.53355610874297
-9.86667844747067 -0.493869436154863
-9.98558126113991 -3.02837915785075
-9.40700665051739 -6.0476651371322
-10.1225598978452 -5.75066486314986
-10.0219510036569 -6.52672810054196
0.523752348983001 -0.442984523968829
1.48423552568224 1.9199653045663
-5.83696028837828 1.06670172295411
-6.50294632464564 1.69644387144704
-8.79159369079984 -1.28163978843778
-6.95664019666331 -2.53570569154538
1.18284663985917 -0.693422501256053
-8.52091859594064 2.06454460624467
-8.29189432150753 -1.29952265910482
-13.8108976323802 0.18870997991569
-14.0805508598255 -0.797406353633278
-4.20259364636672 -9.08055085982554
2.28286542019385 -2.25998152830704
-9.44903345706565 1.87655604995381
-6.92596188415096 -5.45932225322283
-12.1727356803968 1.65936997109846
4.42976383723057 -3.0559222421581
6.39384947201135 -2.88835609364596
-10.0749620583764 -1.24999630304382
-13.3983490185361 0.90676667057104
-7.76660379957029 -1.38716164160064
7.0923994299349 -3.36214974801629
-13.3965197510435 -0.580624731113851
-12.7882828739965 -0.967268899424408
5.71581110411983 -3.16934282101437
-6.86350079609861 -6.33258012749827
-6.51534893292795 -7.97884985798554
-5.52281355667872 -0.413681947689245
-4.00530240631599 -9.69646022179582
10.4343294149737 -7.91945227452035
9.9975805643491 -5.41618553671949
6.67025342189393 4.52654400136217
-10.6221762485122 2.70301494440112
7.39168401427087 4.04420984361102
-10.011085112849 3.33498584440656
-4.50807125162343 6.22565606318356
-3.50538154869055 6.46308585459453
-3.50169703877575 7.19346281386
-8.31882225700754 6.50076977934578
-4.5017795851102 6.98571201431841
11.19346281386 -1.49830296122425
-7.96071979884879 5.50790379281165
5.91216093005017 -8.92451653976871
-9.99475809215621 1.91152615916201
11.2032969825899 -0.994890708147124
11.2065633264123 -2.00205414715996
11.1974170627746 -2.99868811264662
-9.80258293722535 8.00131188735338
11.7967030174101 -3.00510929185288
10.4050798546981 -3.49948699268854
-10.5949201453019 7.50051300731146
-10.6933388519939 6.50656735244941
9.02674728815372 -8.86947917715761
9.51114156219388 3.1983811540572
10.009811833165 4.17591080086281
-6.48779837992428 -10.1885225886026
10.009811833165 -8.82408919913719
-8.18852258860256 -9.51220162007572
11.1899524569749 0.00113310668968569
-9.10576158476117 -9.02296406290963
-9.06643955892583 -8.1221061162931
11.5017001421008 -8.17628679479275
8.12454715505352 -8.90190859855848
-4.0169966504583 5.70522135712229
-5.45920393418377 -2.47737568694677
1.85713342683356 -2.42394035294667
3.54840793571581 -1.29123416559251
8.32843248555793 -0.968951130391853
-4.02828332210032 1.37205627394656
-3.6198268645013 -1.13173607952665
-5.56471304503409 -3.00703757245417
2.86826392047335 -1.3801731354987
-4.24888438619612 -1.37658084793626
6.95344578623839 -0.555392417255456
-4.10380125422643 3.642694132891
-4.81894857116485 -1.60926693265464
0.955941233915618 -3.33209956531859
9.0289971117075 -0.719341063520064
-3.4572615992792 0.0209215450628571
2.28470123354105 -1.71744222471301
-5.4433001298062 -4.52309207540836
4.64300962649401 -1.25894957993681
-5.22345811787493 -1.9702759304147
5.93979050808794 -1.37687835408387
1.23148860088967 -5.32092508409159
0.421878248086502 -3.56789216748283
6.54857535897309 -1.16212146793847
