-0.0010160103739469 0 -0.999999483861327
-0.00100640483948056 0 -0.999999493574521
-0.000992589032447425 0 -0.999999507383385
-0.00098862160222761 0 -0.999999511313544
-0.000984818084573981 0 -0.999999515066552
-0.000997127013534273 0 -0.999999502868736
-0.000946150249008802 0 -0.999999552399753
-0.000999166375066763 0 -0.999999500833153
-0.000983519007265673 0 -0.999999516345064
-0.000897069358563957 0 -0.999999597633202
-0.00105071357213677 0 -0.999999448000342
-0.000919525099023505 0 -0.999999577236707
-0.00100483078955125 -0 -0.999999495157415
-0.00096147863901197 0 -0.999999537779307
-0.000884096167048022 0 -0.999999609186907
-0.00105923365064188 0 -0.999999439011879
-0.00102210779717466 0 -0.999999477647689
-0.000951372868303926 -0 -0.99999954744473
-0.00093380610336126 0 -0.999999564002986
-0.000944584871829245 0 -0.99999955387961
-0.000978152964606194 0 -0.999999521608275
-0.00100737341394706 0 -0.999999492599274
-0.000988501694564722 0 -0.999999511432081
-0.00102148451018337 0 -0.999999478284562
-0.000957209868794634 0 -0.999999541874529
-0.000919893786033769 0 -0.999999576897622
-0.000886378371150637 0 -0.999999607166615
-0.00106186987257111 0 -0.999999436216028
-0.000973421908635975 0 -0.999999526224782
-0.00102580595887076 -0 -0.999999473860929
-0.000989999725441308 0 -0.999999509950152
-0.000995020480416381 0 -0.999999504966999
-0.00102579431735071 0 -0.999999473872871
-0.000961282595788323 0 -0.999999537967779
-0.00103658472569278 0 -0.999999462745909
-0.00104034156048168 0 -0.999999458844572
-0.000942624556025264 0 -0.999999555729375
-0.00094205109467453 0 -0.999999556269769
-0.000940368720184771 0 -0.999999557853237
-0.00101902983489962 0 -0.999999480788963
-0.00101281256488277 0 -0.999999487105223
-0.000984165577332641 -0 -0.999999515708941
-0.00106187569333048 0 -0.999999436209847
-0.000999303861421485 0 -0.999999500695772
-0.000996819793811523 -0 -0.999999503175026
-0.00100156266559683 0 -0.999999498435988
-0.00101341233598341 0 -0.999999486497587
-0.00101387462073434 0 -0.999999486028995
-0.000961598604891944 0 -0.999999537663955
-0.00100487176770201 0 -0.999999495116238
-0.00105699242542771 0 -0.99999944138335
-0.000875895005257104 0 -0.999999616403896
-0.000995108257480525 0 -0.999999504879655
-0.00099012848065933 0 -0.999999509822676
-0.00102831633624518 0 -0.999999471282616
-0.00102272223660943 0 -0.999999477019477
-0.000974565862713543 0 -0.999999525110577
-0.000931447880279838 0 -0.999999566202329
-0.00101981400765898 0 -0.99999947998956
-0.000917807625238196 0 -0.999999578814493
-0.00101160999588305 0 -0.999999488322477
-0.000995746096384931 0 -0.999999504244733
-0.000986705175090025 0 -0.99999951320633
-0.00103984702873174 0 -0.999999459358932
-0.000987585856132309 0 -0.99999951233697
-0.000917640860430778 0 -0.999999578967537
-0.00103338982702025 0 -0.99999946605259
-0.000886597755644469 0 -0.999999606972133
-0.00103056629280051 0 -0.999999468966417
-0.00098684568824524 0 -0.999999513067675
-0.000979065892683844 0 -0.999999520714874
-0.0010252384347677 0 -0.999999474442938
-0.000920803687412721 0 -0.999999576060195
-0.000967028967216368 0 -0.999999532427379
-0.00093179310961131 0 -0.999999565880706
-0.00103138562296873 0 -0.999999468121707
-0.00101601328432683 0 -0.99999948385837
-0.00100507945242055 0 -0.99999949490752
-0.000912479707881946 0 -0.999999583690305
-0.00100559144647387 0 -0.999999494392794
-0.0010241733520945 0 -0.999999475534335
-0.000984288511792479 0 -0.999999515587945
-0.000907227809591015 0 -0.999999588468766
-0.000991012072072815 0 -0.999999508947416
-0.000939204276985007 0 -0.999999558947566
-0.00101284469547748 0 -0.99999948707268
-0.000929312010252363 0 -0.999999568189501
-0.000998935174473513 0 -0.999999501064134
-0.00102462399533768 0 -0.999999475072696
-0.000911364973893213 0 -0.999999584706856
-0.00102804718430353 0 -0.999999471559354
-0.000992328728048287 0 -0.999999507641727
-0.000906420295370306 0 -0.99999958920104
-0.00098567827654463 0 -0.99999951421905
-0.00104892007969156 0 -0.999999449883182
-0.000880263370303408 0 -0.999999612568125
-0.00105212091538361 0 -0.999999446520637
-0.00087508458063614 0 -0.999999617113415
-0.000968755172005832 0 -0.999999530756598
-0.000996694065391369 0 -0.999999503300347
-0.00105776484020699 -0 -0.999999440566615
-0.00103390764181964 0 -0.999999465517351
-0.000974832162509711 0 -0.999999524851015
-0.000969214546437825 0 -0.999999530311471
-0.00100532229452961 0 -0.999999494663414
-0.00101352642287743 0 -0.999999486381963
0.0326531210253482 0.0099618072069977 -0.999417098154957
-0.03135567341416 -0.011131477522644 -0.999446302686096
0.0263850063857837 0.0079564497283884 -0.99962019104545
-0.000141033299651901 -0.00125543407885568 -0.999999201997123
0.00960174421823744 0.0155676274941965 -0.99983271374874
-0.0262973281020476 0.00883851401634876 -0.999615091525071
-0.0165953256274575 -0.0047224719111564 -0.999851135632884
-0.0317506784579139 -0.0109621923809049 -0.999435703162373
0.00187194783427662 -0.00115044748465573 -0.999997586138032
0.00264360894801003 -0.00202974041603292 -0.999994445727362
-0.00483692700142514 -0.00650507261254073 -0.999967143543971
0.00148524881468319 0.00056250308702674 -0.999998738812323
-0.00463344719737877 0.0235585827287212 -0.999711720620941
-0.0226203268408362 -0.0107678329886569 -0.999686138038506
0.00486713204295078 -0.0245330707232717 -0.999687170802228
-0.00143293690892667 0.00171975866183884 -0.999997494557841
0.0266011518443262 -0.00880131620430585 -0.999607380701857
0.0161808721624662 0.00739350404596981 -0.999841745214704
0.0122334372457793 -0.00866340653323139 -0.999887637887575
0.0155510128356086 -0.00403444993357663 -0.999870936278038
-0.00101237080969449 0.00283536576707513 -0.999995467892885
0.0121521698773501 -0.0197319330726475 -0.999731451733158
-0.0170331914065249 -0.0129325944516031 -0.999771283039906
-8.37311728870746e-05 0.0293271905780423 -0.999569861931566
0.000954770027230171 -0.00341467812709818 -0.999993714173986
0.0179957348138424 0.00373003773184627 -0.999831105910908
-0.00581037771600834 -0.0185182135910937 -0.999811639898332
0.00555955925593448 0.00360674078383524 -0.999978041119803
-0.0143513538487257 -0.00486712000240089 -0.999885168299636
-0.018463044710237 -0.0119751349060533 -0.99975782673806
-0.0101190075873226 -0.00450757571584568 -0.999938641840895
0.026256596227454 0.0108688902590258 -0.999596147641179
-0.00223214951556262 -0.00895747706551656 -0.99995738964876
0.0233168324890661 0.0161055627319181 -0.999598387439558
0.022154316678749 0.0188351592415102 -0.999577122101564
0.0120655101583628 0.00206878834182196 -0.999925068982379
-0.0140399368755237 -0.0263101620838712 -0.999555228861143
-0.0224119290494355 -0.0173278595507919 -0.999598644816844
0.0205141764981544 0.0215539832228561 -0.999557199148619
-0.0167190030072934 -0.0246503306795086 -0.999556319641786
-0.0256975094439067 -0.0124471687772763 -0.999592269876979
0.0182783983078521 0.0239288573420346 -0.999546552163332
-0.0190564158553979 -0.022505016151677 -0.999565094059791
0.00996198454962609 0.0278892915330037 -0.999561376945718
-0.0223062759162587 0.0169971753149079 -0.99960668569496
0.0129936132233436 0.0273489516955424 -0.999541495315005
-0.0113321329132465 -0.0279598469005431 -0.999544811264075
0.0269747003898669 -0.0151407616860532 -0.999521446930702
-0.0258218587006499 0.0154631200177375 -0.999546959143272
0.00847165501636134 -0.0242942386681014 -0.999668955719253
0.000369070082024167 0.0297989999865278 -0.999555843055843
0.0256627321111102 0.014428465167001 -0.999566527837701
-0.0051195455157684 -0.02900907392294 -0.999566037780319
-0.0187322856932546 0.0115738123146633 -0.999757544778338
-0.00869725813641406 0.0289086067049691 -0.999544221212491
0.004026048817577 0.0296774324257318 -0.999551419855694
0.0220432664957025 -0.0190611701985539 -0.999575292908374
-0.0213254804506008 -0.0203682481172957 -0.999565084600389
0.0100369757472556 0.0287327157006569 -0.999536737777214
0.00704053937479222 -0.0290616680377429 -0.999552825145413
0.0128042973588503 -0.0270313031902681 -0.999552579215812
-0.0144907046512967 0.0261687751405992 -0.99955250721828
-0.0217203140797403 -0.0108832828034425 -0.999704847498349
-0.002139084294492 -0.0297760464895883 -0.999554306365508
0.0265430812919766 0.0116143964941504 -0.999580197197606
-0.0236358484606101 -0.0182498613226823 -0.999554045176773
-0.0244273145064995 0.0181967863833255 -0.999535983980227
0.00392324440550802 -0.0296447074746639 -0.999552799742003
0.0271520753132335 -0.0153232178493414 -0.99951386373623
-0.0215477365922129 0.0164669307399798 -0.999632199981452
0.0176566012609599 -0.0101469894381748 -0.999792620015398
0.0227344469645335 0.0198587245005347 -0.999544284152748
0.0180468519587674 0.0240035319462488 -0.999548969079796
-0.0269877320625392 0.0091182236603191 -0.999594177811876
-0.0326003130686689 -0.0112033353518611 -0.999405675821795
-0.0233119711944674 0.0107659357899825 -0.999670268951515
0.0223707938016933 -0.015615480397652 -0.999627782905534
0.0244232529881678 0.0172382777503921 -0.999553073375134
-0.0172385211766244 -0.025315902683328 -0.999530859182933
-0.00571492579496622 -0.0318216146519397 -0.999477225585506
0.0248616282127106 -0.0175249917921745 -0.999537279997748
-0.0168160932393693 0.00480884318302337 -0.999847035318606
-0.0258773102857008 -0.0159003552884404 -0.999538665342206
0.0259536566652966 -0.0112399661793678 -0.999599955415158
0.0180371813825493 -0.023830644978915 -0.99955328044465
-0.0194894838094066 -0.0230147190626626 -0.999545137913896
-0.0108358446477468 -0.0265240329812678 -0.999589445795212
0.0260754900164075 0.0142640759632735 -0.999558204887198
0.0238199755387313 -0.0135439737190816 -0.999624514275851
-0.0213420532760513 0.0198193662265767 -0.999575764754398
-0.0258500041194738 -0.0159148529516221 -0.999539141175848
-0.0199378692161831 0.0228388140511447 -0.999540329323362
0.0209784860724577 0.0092367600912439 -0.999737258175929
0.0206731883923488 -0.0218840666039895 -0.999546750737836
0.0218248781070572 -0.018716579081801 -0.999586596730412
0.021051284743625 0.0117526224351752 -0.99970931739008
0.0220824431125072 -0.0154146292266232 -0.999637311684587
0.00407938444921754 -0.0298926964814511 -0.999544789051288
0.0227165358654292 -0.0197797992505456 -0.999546256328282
-0.0218791381731793 -0.0208804800358202 -0.999542549802795
-0.00829486359006707 -0.0289277138185046 -0.999547088741324
-0.0221076381978883 0.0204960562256047 -0.999545478711453
-0.020103624730213 0.0229902087177027 -0.999533538494744
0.0182269252047393 0.0241112985008318 -0.999543107865881
-0.00566037751602411 0.0298529235525149 -0.999538274945859
0.0247690470971671 0.0176245635617392 -0.999537827730975
0.0131810703195455 -0.0272158934908775 -0.999542672689228
-0.0142783243149981 -0.0267248337751795 -0.999540850948297
-0.0261025818119234 0.0154800237921812 -0.999539405969642
-0.017378117379275 0.0247733267916868 -0.999542036792863
-0.0150712326254493 0.0269752511843163 -0.999522482874044
0.0206748379411905 -0.0222019859542943 -0.999539705512388
0.0158724784501142 0.0257775449401028 -0.999541686276621
0.0100820084722217 -0.0287781356223628 -0.99953497788485
0.0155569548610194 -0.0257701578144786 -0.999546837382656
0.0209595754639244 0.0226042853186889 -0.999524758313471
0.0128969982036512 0.0273676826276473 -0.999542233917571
-0.0113513266997205 -0.0279980747374272 -0.999543523411139
0.0155775950037296 0.0259265261957581 -0.999542472220826
0.00337210508411582 -0.024737795577387 -0.999688286606017
0.0184104199646208 -0.0239775883302819 -0.999542961405156
0.0100170709261587 0.0284869136104094 -0.999543973041213
-0.0235703737480652 -0.0181438454377734 -0.999557521283346
-0.0117553058890483 0.0278288469151956 -0.999543579871746
0.00465223960248261 0.0344816679711219 -0.999394502306577
0.00717755966802441 0.0292534079514771 -0.999546257439062
0.00752272541671379 -0.0313372021335309 -0.999480559273039
0.000419578800663185 -0.0302576394884525 -0.999542044741599
-0.00198269934056515 0.02856973873207 -0.999589835348532
-0.00541580051676569 -0.0275035355870045 -0.999607035106785
-0.0220421446200105 -0.0207390451242457 -0.999541913012098
-0.0222174414165372 0.0205994968096198 -0.999540917635738
-0.00558950234400496 0.029745521116456 -0.999541875779628
0.018520426820666 -0.0239446216567974 -0.999541719431507
0.0183833537683713 0.0237526800088116 -0.99954882947089
0.0120406597590136 0.0258903797426794 -0.999592272253716
0.00352836076696045 0.0278699908581236 -0.999605329257436
-0.00833447282387352 -0.029144112278651 -0.999540473058614
0.00697427424478491 0.0295389069717104 -0.999539300114646
-0.0023420269696579 0.0298067781968989 -0.999552935508267
-0.014776312956713 -0.0275018808675078 -0.999512534750893
-0.00526812634426399 -0.0298529080820075 -0.999540419754933
0.000408146459163242 -0.0302684243410284 -0.999541722943259
0.0206314379091403 0.0220579502171506 -0.999543791237792
-0.00218067573491344 -0.0305634839015952 -0.99953044881341
-0.0108918652166899 0.025511621814096 -0.999615188172187
5.17652922560503e-05 0.0307653922738915 -0.999526631940634
0.0205477204164062 -0.021940192388657 -0.999548107468389
-0.00895902374593428 0.0293474241096338 -0.999529121432512
0.00386174083688537 0.0300449737010258 -0.999541087956375
-0.0193230005626661 -0.0228589897605824 -0.999551943740985
0.00412688080251907 -0.0302134323053976 -0.999534950546087
-0.0197737304009285 0.0226193988036938 -0.999548579301572
-0.0186948999388752 0.0176589157696116 -0.999669277016213
-0.00579305187468148 0.0301591434787131 -0.999528322067268
-0.011806760194964 0.0278016319876339 -0.999543730745445
0.0103437346442642 -0.0288479141640209 -0.999530292188283
0.0253909310711839 0.0144038987163089 -0.999573823347285
0.0157854988423543 -0.0257683926087649 -0.999543299696746
-0.01740784858269 0.0247285958055297 -0.999542627083612
0.0157031794651579 0.0259020270096056 -0.999541142300545
0.0182598623619574 -0.0239616878852523 -0.999546104459525
-0.017322831479698 0.0246309331792554 -0.999546515496025
0.0156861220519155 -0.0257818901767058 -0.999544516124164
-0.0146609015388004 0.0263516054164341 -0.999545222017516
-0.0117945284276715 0.0278493513700433 -0.999542546731972
-0.00249911974196632 0.0301355857994336 -0.999542695870987
0.0101637891169746 -0.0285154977872449 -0.999541676858315
0.0130236503226739 -0.0272742097785078 -0.999543146649123
-0.0169533344251459 -0.0249753582113951 -0.999544304137681
-0.0143172227708622 -0.0267025527697451 -0.999540890012864
-0.00832177801679989 -0.0287166382049134 -0.999552951424209
-0.00878372179873904 0.0289939469259915 -0.999540993292929
0.00721208880571589 -0.0293998583643544 -0.999541712037679
0.000189610222899706 0.0301487136269769 -0.999545406229553
0.000370739066895384 -0.0301159617907913 -0.999546342796551
3.20429844718443e-05 0.000368610402477955 -0.999999931549807
7.06814350292105e-05 -0.000703341579939745 -0.999999750157347
-0.0219933794585539 -0.0210183893041606 -0.999537152171469
3.37560703978189e-05 0.000303562102587308 -0.999999953355288
0.0224165955787942 0.0194183603397349 -0.999560115012786
2.42153679459676e-05 0.000309916006983221 -0.999999951682841
2.39851514802221e-05 0.000284082002321415 -0.999999959361063
7.90441850136868e-05 -0.00075903747249243 -0.999999708807024
-0.00215554288750542 -0.0300687776527133 -0.999545507841105
0.00695043560436982 0.0289863171385419 -0.999555643705569
4.91499058516718e-05 -0.000700005473752361 -0.999999753788282
2.06647572076518e-05 0.000284383924777946 -0.999999959349375
0.0130626322933294 0.0271041681450759 -0.999547263368137
-0.0238336874859589 0.00284250149778339 -0.999711896261146
-0.00708634550000147 0.000967887774992384 -0.999974423123267
0.0244438889494203 -0.00228802460607122 -0.999698585192772
-0.004068368734092 0.000587404903812151 -0.999991551629974
-0.00610453670254438 0.0181699939107827 -0.999816276099229
0.0269826725945975 0.00778551033510675 -0.999605582821782
0.0274873433177934 -0.00822069221730921 -0.999588348359863
0.0107441349570537 -0.00220735267670654 -0.999939843769707
2.17334289885242e-05 0.000300496507929352 -0.999999954614752
6.26853336847279e-05 -0.000728999221242774 -0.999999732315306
0.0177133850147642 0.0039026867444546 -0.999835488981809
-0.0189768878040486 0.00888574059383031 -0.999780436567635
0.0214817794836216 -0.00983536714592495 -0.999720860392201
-0.0218726526357582 0.0169365816952265 -0.999617296402556
-0.0276006515694451 -0.0132323097672368 -0.999531445233799
-0.0310532400977346 0.0146784092298014 -0.99940994620922
-0.00741975827993634 0.00307535953667966 -0.999967744155174
0.030636385808354 0.0128555089044735 -0.99944792148236
-0.0192868358155883 0.0226606476099282 -0.999557158452743
0.0127101043504553 -0.0197025131311537 -0.999725094325294
-0.0198929461013542 -0.00260247937536673 -0.999798728643175
0.0284973171896806 0.0198100393933064 -0.999397551153807
-0.00903190894445548 0.0313770945088592 -0.999466809134251
-0.0167235493473452 0.0309376754136942 -0.999381400235778
-0.00425354951496285 -0.00106186706833828 -0.999990389831249
0.0115543542165262 -0.00393339473159882 -0.999925509877873
-0.020114562392648 -0.0237077235412289 -0.999516557253678
0.0096438216838242 -0.000508159276660898 -0.999953368151475
0.0171044735253337 0.000938846270293958 -0.999853267011266
0.000805887530219903 -0.0319190751988491 -0.999490131608981
0.00145156853724668 0.0193266771151937 -0.999812168609918
0.00695394889738714 -0.0269992412518783 -0.999611266226304
0.0227632016152523 0.00145652932544321 -0.999739823741431
0.0173480994319655 -0.0185874151781891 -0.999676723467688
0.0244683821570165 0.0262307426913357 -0.999356416106125
-0.0254994974161536 -0.00327310440559117 -0.999669476586673
0.0108813364410358 0.0299676832631278 -0.999491638022599
-0.0291915537571334 -0.00433164679010644 -0.999564450160834
-0.0301792463683344 0.00413956520184248 -0.999535930864208
6.83971763573304e-05 -0.000901875991658149 -0.999999590970677
3.05673839003942e-05 0.000411678064384192 -0.9999999147934
0.00783196096413812 0.0340118914980473 -0.999390740213347
-0.0204936543078154 -0.0164217582923181 -0.999655108518783
-0.0255874347915844 0.0152097174644313 -0.999556875658128
-0.0132419609573212 0.00349394989912669 -0.999906216994428
0.0319643822632316 0.00323625446826707 -0.999483769214661
0.0317993219752472 -0.00365478525708279 -0.999487591552111
1.62502537096209e-05 0.00022319984396117 -0.999999974958879
4.07482576851772e-05 -0.000562139872441493 -0.999999841169159
5.82305584857168e-05 -0.000764743737734967 -0.999999705888066
5.63991402795491e-05 -0.00075578886744785 -0.999999712801121
0.0271839298384477 -0.0237568819860159 -0.99934810977799
-0.000437407386115769 0.000734756231611154 -0.999999634403963
0.00159072389702273 0.0031003776297382 -0.999993928609587
-0.0212161604949365 0.0102782603610336 -0.999722077328396
-0.0205923508286234 0.0289378617450434 -0.999369078591576
0.0218583077071486 -0.0103299129382183 -0.999707710924983
0.0143873529421557 -0.0305441505928313 -0.999429866944089
-0.0299150376316375 -0.0178054504923138 -0.999393844515896
-0.00271765886151117 0.0305811501337847 -0.999528592680973
0.0417333969516578 -0.0187041779701861 -0.99895369127169
-0.00467331685339074 -0.0469089121370347 -0.998888239029626
0.0274685982639485 0.0242857254102368 -0.999327613773738
-0.0227897359921031 -0.0328114532800261 -0.999201699591761
0.0138809251692931 0.0223672418838044 -0.999653453156121
-0.0129740496960916 -0.0295941924445038 -0.999477792553712
0.0244809079787295 0.00588389307806796 -0.999682982223256
-0.019372363351856 -0.0104684917285616 -0.999757531714112
0.00877711445460369 -0.0215322459473566 -0.999729625772045
-0.0196639467738615 -0.00516382624258277 -0.99979331068767
-0.0201238985912663 0.00492838579640593 -0.999785346821472
0.0128228836391302 -0.00436451504500154 -0.999908258123514
-0.0205145096851183 0.00827206364367577 -0.999755333997001
0.0196093130614124 -0.00414038682014364 -0.999799145847924
0.0189840571720024 0.00370893016632987 -0.999812907203299
-8.90090101602519e-05 0.00029112591171274 -0.999999953661549
-0.00228455281539251 -0.00116720745142678 -0.999996709217185
-0.00855405609004565 0.00511140334898078 -0.999950349607525
-0.00309743932224231 0.0247564400564341 -0.999688713823147
0.0220984306260891 0.00770511688320532 -0.999726107760361
0.0105987033411478 0.000146118784874038 -0.999943821490381
-0.00174681581889474 0.000516967312354341 -0.99999834068827
0.0166253147462705 -0.0120445917190809 -0.999789241150308
0.000148752375351591 0.00023734491015012 -0.999999960770061
0.00210402687026706 -0.000516638282912225 -0.999997653075153
-0.00564197777204229 -0.0190855712278731 -0.999801934913974
0.00399591704893682 0.000141589559091372 -0.999992006267718
0.00484408267032734 -0.000811304935198556 -0.99998793825095
0.00362637616206624 -0.000544324956052315 -0.999993276530534
-0.00863877860258634 -0.00278518052253982 -0.999958806288395
0.0021430253914557 -5.57338488675238e-05 -0.999997702165315
-0.00151665860852574 0.000852367332070122 -0.999998486607153
0.000702430670418209 7.18522257809934e-05 -0.999999750714174
0.00217031272208064 0.00645756892068165 -0.999976794503914
-0.00729983758148828 0.00204578528214173 -0.999971263154029
0.00164205291092625 -0.000101393496056756 -0.999998646689883
-0.0359239734884176 -0.00968228955442244 -0.999307621004557
0.0292686533034747 -0.00732221888380325 -0.999544761901346
-0.0245033112038931 0.00663196518726437 -0.999677750466519
-0.000530564564027668 0 0.999999859250612
-0.000524803578923565 0 0.999999862290592
-0.000582612183121855 0 0.999999830281508
-0.000582187965829097 0 0.999999830528572
-0.000530593784264591 0 0.999999859235108
-0.000584288737822851 0 0.999999829303321
-0.000547859218756695 0 0.999999849925127
-0.000591497987009218 0 0.99999982506505
-0.000580520258683516 0 0.9999998314981
-0.000585359583802783 0 0.999999828677064
-0.000557675413571833 0 0.999999844499054
-0.000590792859648439 0 0.999999825481883
-0.000541451605115429 0 0.999999853415069
-0.000549278262850723 0 0.999999849146684
-0.000598742335310293 0 0.999999820753792
-0.000525523316438807 0 0.999999861912612
-0.000600489088376949 0 0.999999819706411
-0.000576394792049245 0 0.999999833884508
-0.000591983671563628 0 0.999999824777651
-0.000588914440867544 0 0.999999826589876
-0.000565633620362517 0 0.999999840029291
-0.000527278858971547 0 0.999999860988493
-0.000587668040648574 0 0.999999827323122
-0.000589429403867594 0 0.999999826286474
-0.000565762375662002 0 0.999999839956454
-0.00058278773736915 0 0.999999830179212
-0.000568465829491181 0 0.999999838423287
-0.000543812739911337 0 0.999999852133841
-0.00053211521564258 0 0.999999858426689
-0.000573445585428603 0 0.999999835580067
-0.000601238104285884 0 0.999999819256355
-0.00059320667230155 0 0.999999824052906
-0.000595131831803367 0 0.999999822909036
-0.000584897298714558 0 0.99999982894756
-0.000572872123733323 0 0.999999835908751
-0.00058070163369564 0 0.999999831392792
-0.000533232918804972 0 0.999999857831317
-0.000595842838130373 0 0.99999982248564
-0.00058525131758976 0 0.999999828740433
-0.000552432302105367 0 0.999999847409264
-0.000557438392058862 0 0.999999844631207
-0.000588256170654635 0 0.999999826977324
-0.000597651000266464 0 0.999999821406625
-0.00056238301470236 0 0.99999984186266
-0.000553661123617625 0 0.999999846729668
-0.000587416409015747 0 0.999999827470966
-0.000585298116533456 0 0.999999828713043
-0.000546150533433785 0 0.999999850859786
-0.000582384009166404 0 0.999999830414419
-0.00058841996695669 0 0.999999826880956
-0.000558573615674773 0 0.999999843997746
-0.000594616927016173 0 0.999999823215339
-0.000583981517890856 0 0.999999829482779
-0.000589733713414595 0 0.999999826107059
-0.000515186337318784 0 0.99999986729151
-0.00052328796829236 0 0.999999863084842
-0.000584821221327175 0 0.999999828992055
-0.000596223166852119 0 0.999999822258952
-0.000540840075625591 0 0.999999853745996
-0.000582632672211728 0 0.99999983026957
-0.000599383085011278 0 0.999999820369943
-0.000582729238689272 0 0.999999830213303
-0.000560566063209551 0 0.999999842882832
-0.000597528123938125 0 0.999999821480055
-0.000595526828850967 0 0.999999822673882
-0.000501999628114237 0 0.999999873998179
-0.000589722013678763 0 0.999999826113958
-0.000592580532711295 0 0.999999824424141
-0.000489892495875688 0 0.999999880002664
-0.000597340869959737 0 0.999999821591927
-0.000563497749219508 0 0.999999841235131
-0.000531515444087477 0 0.999999858745656
-0.000522553620655942 0 0.999999863468848
-0.000547168701503459 0 0.999999850303195
-0.0005708240537987 0 0.999999837079937
-0.000599950725915823 0 0.999999820029547
-0.00054411408087406 0 0.999999851969922
-0.000587972350196521 0 0.999999827144243
-0.000505855884640543 0 0.999999872054904
-0.000591729129550685 0 0.999999824928303
-0.000591398510151126 0 0.999999825123886
-0.000557701723425428 0 0.999999844484382
-0.000574159443957137 0 0.999999835170453
-0.000592823374988086 0 0.999999824280208
-0.000529455650214672 0 0.999999859838347
-0.000590991813364819 0 0.999999825364323
-0.000521687549120116 0 0.999999863921041
-0.000589604958112785 0 0.999999826182982
-0.000593282749687806 0 0.999999824007774
-0.000591834427172792 0 0.99999982486599
-0.000564969471190681 0 0.999999840404736
-0.000564211665925251 0 0.999999840832585
-0.000593484613785334 0 0.999999823887991
-0.000587006801844515 0 0.999999827711492
-0.000589722013678763 0 0.999999826113958
-0.00055867606112224 0 0.999999843940517
-0.000556780063641941 0 0.999999844997968
-0.000561604720344228 0 0.999999842300057
-0.000586140788557542 0 0.999999828219473
-0.00051679554586156 0 0.999999866461173
-0.000589338716362929 0 0.999999826339924
-0.000533490371210025 0 0.999999857694002
-0.000531301880244591 0 0.999999858859146
-0.000535231245394515 0 0.999999856763747
-0.000588665777824965 0 0.999999826736286
-0.000584598868136755 0 0.999999829122067
-0.000570484645053244 0 0.999999837273622
-0.000592922851845926 0 0.99999982422123
0 -0.99999933556071 0.00115276976872437
-0 -0.999999348616268 0.00114138820695681
0 0.00106988377755245 0.999999427674187
0 0.00104269093552902 0.999999456397659
-0 -0.999999318825369 0.00116719698348282
0 0.0010982614398885 0.999999396910723
0 0.999999328211436 -0.00115912755012068
0 0.999999397909747 -0.00109735142242047
0 -0.999999389662361 0.00110484157506948
-0 -0.999999399552492 0.00109585339186846
-0 0.99999932133994 -0.00116504062546123
-0 -0.999999436741034 0.00106137534085474
0 0.999999328523381 -0.00115885839826246
-0 -0.999999380714351 0.00111291100944357
0 0.999999380069364 -0.00111349040776865
-0 -0.999999359202504 0.0011320753424013
-0 -0.999999471002694 0.00102858851498178
0 0.999999347951458 -0.00114197051563988
-0 -0.999999458561498 0.00104061362279293
0 0.999999316579879 -0.00116911923060251
0 0.00105234629519326 0.999999446283484
-0 -0.999999399462676 0.00109593534815624
0 0.00111244872478356 0.999999381228726
0 0.99999938071759 -0.0011129080990642
0 0.999999345356098 -0.00114424096069993
-0 0.99999935868578 -0.00113253168988444
0 0.999999335827204 -0.0011525385682044
-0 -0.999999372986115 0.00111983363774079
-0 -0.999999360033648 0.0011313409280474
-0 -0.999999411903061 0.00108452456468456
-0 -0.999999471811969 0.00102780143181683
0 0.00101790340146113 0.999999481936198
0 0.00112125273868694 0.99999937139595
0 0.999999358049343 -0.00113309350951449
0 0.999999366541175 -0.00112557418624337
0 0.999999354021657 -0.00113664254248628
-0 -0.999999349487504 0.00114062463985144
-0 -0.99999946052345 0.00103872653247348
0 0.999999385008267 -0.00110904602561089
0 -0.999999320245249 0.00116597986297973
-0 -0.999999405762856 0.00109017151605143
0 0.00110442317891925 0.999999390124535
0 0.999999379711022 -0.00111381217931137
0 0.999999336184593 -0.00115222843820149
-0 -0.999999371346739 0.00112129662720666
0 0.999999384079876 -0.00110988281789792
-0 -0.999999393164672 0.00110166704956234
-0 -0.999999332623187 0.00115531518631998
0 0.00107126481088186 0.999999426195688
-0 -0.999999431539798 0.00106626454586381
0 0.999999321997579 -0.00116447601192917
0 0.00102320792083026 0.999999476522638
0 0.0010365701737932 0.999999462760993
-0 -0.99999932746852 0.00115976829918006
0 0.00105886205336043 0.999999439405419
-0 -0.999999317202274 0.00116858674766259
0 0.00106237010863087 0.999999435684717
0 0.00102908001995381 0.999999470497016
0 0.999999328791283 -0.00115862719774737
-0 -0.99999940704132 0.00108899816741286
-0 -0.999999439786375 0.0010585022140126
-0 -0.999999380909712 0.00111273545535972
0 0.999999323519771 -0.00116316808758825
0 0.00106424276332645 0.99999943369351
0 0.00106452367317134 0.999999433394514
-0 -0.999999345406316 0.00114419707218102
-0 -0.999999339097528 0.00114969757247463
0 0.00104935896496567 0.99999944942273
0 0.00103748880610864 0.999999461808344
0 0.999999380548244 -0.0011130602536978
0 -0.999999388394535 0.00110598849740153
0 0.99999932157849 -0.00116483585119272
0 0.999999316853419 -0.00116888523613188
0 0.999999324727364 -0.00116212943151192
-0 -0.99999937740487 0.00111588076054138
0 0.99999939638372 -0.00109874118684733
-0 -0.999999334575585 0.00115362402321196
0 0.00102791260833263 0.999999471697695
-0 -0.999999333825983 0.00115427361983616
0 0.00106970822345434 0.999999427861995
-0 -0.999999426628106 0.00107086108302391
0 0.999999330288715 -0.00115733405810566
-0 -0.999999363530901 0.00112824544872174
-0 -0.999999427166904 0.00107035782018295
0 0.999999322563029 -0.00116399032787554
0 0.00104752740474481 0.999999451343017
-0 -0.999999353506025 0.00113709609599818
0 0.00107666007253184 0.999999420401376
-0 -0.99999944590168 0.00105270904492788
0 -0.999999412305873 0.00108415308382637
0 0.99999933106737 -0.00115666106204028
-0 -0.999999334913037 0.00115333147190027
0 0.999999386817572 -0.00110741341917217
-0 -0.999999405855372 0.00109008664938251
-0 -0.999999405265255 0.00109062786357112
-0 -0.999999365308988 0.00112666837242401
-0 -0.999999324121943 0.00116265027294766
-0 -0.999999336905785 0.00115160235743634
0 0.00104394321377301 0.999999455091135
-0 -0.999999343359268 0.00114598474351899
0 0.00107554819112796 0.999999421597877
0 0.999999324921085 -0.00116196272499943
-0 0.999999324234144 -0.00116255376477826
0 0.999999327841649 -0.00115944652766859
0 0.0010782984476533 0.99999941863606
-0 -0.999999424093749 0.00107322512615701
-0 -0.999999360245412 0.00113115373245766
0 -0.999999405651295 0.00109027384499787
-0 -0.999999839159274 -0.000567169661770305
0 -0.999999835219143 -0.000574074635421952
0 -0.999999787801768 -0.000651457150604377
0 -0.999999793539715 -0.000642588926409107
-0 -0.999999850328801 -0.000547121902559521
-0 0.999999788175189 0.000650883688991256
-0 0.999999863794324 0.000521930391411213
0 0.999999804196024 0.000625785837028025
-0 -0.99999985264891 -0.000542864770252479
0 -0.999999846064776 -0.000554860724891609
0 0.999999863002132 0.000523446002045648
0 -0.999999839122759 -0.000567234039419882
-0 0.999999856313959 0.000536070948849559
-0 -0.999999847145698 -0.000552909197309583
-0 0.999999821214231 0.00059797283030868
0 -0.99999983427216 -0.000575721853496059
-0 -0.99999982154648 -0.000597416947345431
-0 0.999999847435116 0.000552385503161835
-0 -0.999999825281305 -0.000591132268402116
0 -0.99999975549557 -0.000699291641759113
0 -0.999999852532951 -0.000543078334091385
-0 -0.999999858874701 -0.000531272601800057
-0 0.999999787036731 0.000652630441886953
-0 0.999999836138308 0.000572471271783834
-0 0.999999837642304 0.000569838016386385
0 0.999999842050176 0.000562049484923703
-0 0.999999847549849 0.000552177760090317
0 -0.999999842976301 -0.000560399298319735
0 -0.999999839678258 -0.000566253880973155
0 -0.999999851188823 -0.000545547735094913
0 -0.999999828173172 -0.000586219776326815
0 -0.999999808110978 -0.000619498189820626
-0 0.999999802381052 0.000628679455077156
-0 0.999999841139505 0.000563667424490458
-0 0.999999840434496 0.000564916793276494
-0 0.999999837848981 0.000569475208169263
0 -0.999999839051401 -0.000567359826129389
0 -0.99999983009392 -0.000582934071380283
-0 0.999999853832996 0.000540679189702217
-0 -0.999999843564369 -0.000559348941447205
0 -0.999999846030668 -0.000554922192160472
-0 0.99999977456605 0.00067146693762549
-0 0.999999829253765 0.000584373546356531
-0 0.999999845858522 0.000555232322471457
0 -0.999999846737757 -0.000553646513499712
-0 0.999999847638706 0.000552016815962292
0 -0.999999862968432 -0.000523510379699831
0 -0.999999841455994 -0.000563105662555473
-0 0.999999778143016 0.000666118547519585
0 -0.999999847425438 -0.000552403023661839
-0 0.999999854738069 0.000539002634977959
0 -0.99999979613175 -0.00063854244800472
0 -0.999999817913427 -0.000603467573299476
-0 -0.000698001353176715 0.999999756397026
-0 -0.999999840282411 -0.00056518594540374
0 -0.999999848522485 -0.000550413486482028
-0 -0.99999975999838 -0.000692822620107192
-0 -0.999999807065526 -0.000621183475555601
-0 0.999999861909523 0.000525529195410825
-0 -0.999999849705455 -0.000548260036576937
0 -0.999999833129805 -0.000577702659562923
0 -0.99999985290295 -0.000542396606186717
-0 0.999999858879371 0.000531263812445933
-0 0.999999757058261 0.000697053383676908
-0 0.999999758538688 0.000694926302162557
0 -0.999999835254428 -0.000574013168151419
0 -0.999999759738842 -0.000693197128017006
0 -0.999999762819864 -0.000688738132282964
-0 -0.999999835116675 -0.000574253100053975
-0 0.999999834248567 0.000575762831676294
-0 -0.999999859141945 -0.000530769338516674
-0 0.999999860815676 0.000527606509797162
0 0.999999864922007 0.000519765299878805
-0 0.999999864085819 0.000521371598027918
0 -0.999999859376339 -0.000530327542504211
-0 0.999999825575236 0.000590634825903518
0 -0.999999843502176 -0.000559460118040617
-0 -0.999999771694532 -0.000675729890202791
0 -0.999999833123046 -0.000577714359299002
0 0.999999761934377 0.000690022600126926
0 -0.999999838245285 -0.000568778870177067
-0 0.999999859734532 0.000529651693557535
0 -0.999999853255047 -0.000541747067107446
0 -0.999999824418932 -0.000592589322065035
-0 0.999999863283791 0.000522907639546718
0 -0.999999768856569 -0.000679916765365061
0 -0.999999828737026 -0.000585257138353901
-0 0.99999976624523 0.000683746653072552
0 -0.999999835590147 -0.000573428006720534
-0 -0.999999833302164 -0.000577404228981377
-0 0.999999854447745 0.000539540997463081
0 -0.999999855250144 -0.000538051754929573
-0 0.999999844246048 0.000558128909300341
0 -0.999999847157027 -0.000552888708219894
-0 -0.999999837880635 -0.000569419619873503
-0 -0.999999852463018 -0.0005432070893957
-0 -0.999999854455628 -0.000539526387344829
0 -0.999999854030697 -0.000540313412877718
0 -0.999999779773253 -0.000663666667406398
0 -0.999999830474076 -0.000582281563716988
0 0.999999764019355 0.000686994347999202
-0 0.999999859410478 0.000530263164850722
0 0.999999864409044 0.000520751279164245
-0 0.999999863289909 0.000522895939810278
-0 0.999999780085779 0.0006631955930334
-0 -0.9999997983452 -0.000635066579026046
0 -0.999999863257796 -0.000522957348874673
0 0.999999832395432 0.000578972459275735
0.999999810836347 0.000615083140474395 -0
0.999999806970999 0.000621335630320346 -0
-0.000663113694893875 0.99999978014009 -0
-0.000628787721281617 0.999999802312981 0
0.999999802460124 0.000628553668373989 -0
-0.000666887994214075 0.999999777630177 0
0.999999807043723 0.000621218574761091 -0
-0.00067239441808749 0.999999773942848 0
-0.999999859315798 -0.000530441687692704 0
0.999999811014495 0.000614793441058551 -0
0.999999796607855 0.000637796400737141 -0
-0.999999859388748 -0.000530304143031605 0
0.99999979145886 0.000645819042703021 -0
-0.00060842098519317 0.999999814911935 -0
0.99999980247666 0.000628527358522142 -0
-0.999999851437711 -0.000545091328974867 0
-0.00063526844310803 0.999999798216982 0
-0.000653209724261521 0.999999786658505 0
-0.000660612105447259 0.999999781795799 0
-0.999999854002233 -0.000540366090794054 0
0.999999811923572 0.000613312987983486 -0
0.999999805294893 0.000624027384307429 -0
-0.999999844658916 -0.000557388682733684 0
-0.999999854801124 -0.000538885637616551 0
0.999999799430712 0.000633354983483495 -0
0.999999786417607 0.000653578411415571 -0
-0.999999861878778 -0.000525587694092779 0
-0.999999837890612 -0.000569402099374 0
-0.000652004302366195 0.999999787445172 -0
-0.999999844644251 -0.000557414992587292 0
-0.999999840525403 -0.000564755849151904 0
0.999999791772407 0.000645333358197139 -0
-0.999999839529111 -0.000566517212335807 0
-0.000525608183183373 0.999999861868009 -0
-0.999999842615387 -0.000561042958407288 0
-0.000664983324060081 0.999999778898565 0
-0.000665650383530522 0.999999778454759 0
-0.000635019780086613 0.999999798374919 0
0.999999806339667 0.000622350887934658 -0
0.999999813922616 0.000610044861903616 -0
-0.000680695001436749 0.999999768327131 0
-0.000537803091880439 0.999999855383907 0
0.999999794424295 0.000641210860642281 -0
0.999999803666513 0.00062663141937194 -0
-0.999999852418527 -0.000543288987548113 0
-0.000519955464252589 0.999999864823148 0
-0.000655213929513793 0.99999978534733 0
-0.000544354012774349 0.999999851839343 0
-0.000548005494560134 0.999999849844978 0
-0.000560747438217059 0.999999842781143 0
-0.000665864005542246 0.999999778312539 -0
0.999999812592306 0.000612221652968541 -0
-0.000671952622135241 0.999999774239811 0
-0.999999846157294 -0.000554693960000201 0
-0.000649090137151436 0.999999789340975 0
-0.999999851357966 -0.000545237604778969 0
0.999999800655593 0.000631418066174488 -0
0.999999792242284 0.00064460483143746 -0
-0.999999847792096 -0.000551738874475275 0
0.999999814422073 0.000609225589386492 -0
-0.999999842781143 -0.000560747438217059 0
-0.999999838306859 -0.000568670603967389 0
-0.000540971741312489 0.999999853674777 -0
0.99999980467178 0.000625025121417831 -0
0.999999802305625 0.000628799421016614 -0
-0.00068702356823126 0.999999763999281 0
-0.00057916850261414 0.999999832281909 -0
0.999999810886754 0.000615001184119678 -0
-0.000616824014517559 0.999999809764049 0
-0.000639911782633276 0.999999795256434 0
-0.000578378508495908 0.999999832739137 -0
-0.000656744149997471 0.999999784343538 0
-0.000510326522838745 0.999999869783411 0
-0.999999858261584 -0.000532425404172745 0
0.999999811444144 0.000614094192698955 -0
-0.999999851525427 -0.000544930384844965 0
-0.000660103021486875 0.999999782131977 0
0.999999829034842 0.000584748054321855 -0
-0.000615630234066402 0.999999810499689 -0
-0.000662648499491289 0.999999780448459 -0
-0.000595708262065929 0.999999822565818 0
0.999999817558372 0.000604055645081287 -0
0.99999978413595 0.00065706015924053 -0
-0.000650283917526744 0.999999788565391 0
-0.000514203268407064 0.999999867797491 0
0.999999802572282 0.000628375203759447 -0
0.999999798672103 0.000634551616069144 -0
-0.000662642620520358 0.999999780452355 0
-0.000692392523907639 0.999999760296268 0
-0.000518495500117916 0.999999865581199 0
0.999999790403121 0.000647451708651908 -0
0.9999998125278 0.00061232700879439 -0
-0.999999843498919 -0.000559465938804669 0
-0.000680259084463014 0.999999768623762 0
-0.000609471400245577 0.999999814272289 -0
-0.000538950015269149 0.99999985476643 0
0.999999790291365 0.000647624294288828 -0
-0.000597876263833743 0.999999821271971 0
-0.000631973949102882 0.999999800304444 -0
-0.000633009695784863 0.999999799649342 0
-0.000657721397958102 0.999999783701258 0
-0.000535114248032395 0.999999856826361 0
-0.000548935943710907 0.999999849334653 0
-0.000645368457401019 0.999999791749755 0
-0.999999841480707 -0.000563061773994786 0
0.99999981121409 0.000614468700644263 -0
0.999999813141802 0.000611323450896624 -0
-0.000654854031713642 0.999999785583076 0
0.999999804766869 0.000624872966654134 -0
-0.000640204334209563 0.999999795069184 0
-0.000687643886981926 0.999999763572914 0
-0.0005513409670394 0.999999848011557 0
-0.000605609265184014 0.999999816618692 0
0.999999809238521 0.000617675417639409 -0
-0.000510712730563959 0.999999869586245 0
-0.999999847134369 -0.000552929686399271 0
-0.000667739455461427 0.999999777061985 0
0.999999815951841 0.000606709389565669 -0
0.999999830076886 0.000582963291616392 -0
-0.000594116574138632 0.999999823512733 -0
0.999999790196585 0.000647770628282447 -0
-0.999999859976195 -0.00052919522921815 0
-0.000679881607953865 0.999999768880473 0
-0.000689765089557494 0.999999762112032 0
-0.000667982297703706 0.9999997768998 0
0.999999790043059 0.000648007591563197 -0
-0.000688945875326431 0.999999762676762 0
-0.000525087399394695 0.999999862141602 0
-0.999999851461633 -0.000545047440412865 0
-0.000629004253690473 0.999999802176805 -0
-0.000561557921401413 0.999999842326338 -0
-0.000669205279945894 0.999999776082122 0
0.999999815990898 0.000606645011916729 -0
-0.000619966353851357 0.999999807820842 -0
-0.000550527573459163 0.999999848459684 0
-0.000525874424945744 0.999999861728035 0
-0.99999984721363 -0.000552786320979081 0
0.999999802263312 0.000628866709044751 -0
-0.000663157583449102 0.999999780110986 0
-0.000635926771471748 0.99999979779855 -0
0.999999802934294 0.000627798831739081 -0
-0.00061460624529368 0.999999811129564 -0
0.999999846870566 0.000553406581603094 -0
-0.000519949643488164 0.999999864826175 -0
-0.000545094239356962 0.999999851436124 0
0.99999981226795 0.000612751226064231 -0
-0.000589321137655347 0.999999826350283 0
0.999999796378286 0.000638156240341563 -0
-0.000594482350951434 0.999999823295352 0
-0.99999983882887 -0.000567751912790594 0
-0.00052911624144605 0.999999860017992 -0
-0.000682242800638926 0.999999767272353 -0
-0.000701363134965611 0.999999754044846 0
-0.000630841694157435 0.999999801019359 0
-0.000568024033506167 0.999999838674336 -0
-0.000690622371579247 0.999999761520342 0
-0.00061852391037802 0.999999808714068 0
-0.999999848366227 -0.000550697306941433 0
-0.000658101726635582 0.999999783451035 0
-0.999999852242015 -0.000543613786190841 0
0.999999822082712 0.000596518687041764 -0
0.999999831881744 0.00057985901987118 -0
0.999999813577981 0.000610609534207599 -0
-0.000636570431510382 0.999999797389022 -0
0.999999812405955 0.000612525962503037 -0
-0.000669568088139018 0.999999775839262 0
-0.000538048844547444 0.99999985525171 -0
0.999999832898171 0.000578103477386852 -0
-0.999999854160276 -0.000540073539183494 0
-0.000572383494663856 0.999999836188554 0
-0.999999844092508 -0.000558403940402369 0
-0.000698530926214655 0.999999756027243 0
-0.000579990685557288 0.999999831805388 0
-0.000687866240141867 0.99999976341999 0
0.999999830916737 0.000581520848046862 -0
-0.000533107073880736 0.999999857898414 0
0.999999789424503 0.000648961440071461 -0
0.999999817093252 0.000604825150074456 -0
-0.000643665593037561 0.999999792847281 0
0.999999810177114 0.000616153986394949 -0
-0.999999853216983 -0.00054181732373161 0
0.999999798382349 0.000635008080351754 -0
-0.000684826288266274 0.99999976550645 0
-0.999999850085393 -0.000547566608942071 0
-0.000625917502703196 0.999999804113621 0
0.999999799315821 0.000633536358478167 -0
0.999999814156371 0.000609661564601796 -0
-0.999999848258279 -0.000550893292069906 0
0.999999804744936 0.000624908065859382 -0
-0.999999845978725 -0.000555015790047137 0
-0.999999847084221 -0.000553020373904189 0
-0.000694619082277456 0.999999758752136 0
0.999999812416722 0.00061250838379619 -0
0.999999795318224 0.000639815216165859 -0
-0.000597791455302093 0.999999821322672 0
0.99999979021555 0.0006477413498422 -0
-0.000642852199543362 0.999999793370503 -0
0.999999836620325 0.00057162865799761 -0
0.999999819365423 0.000601056671072723 -0
0.999999805033714 0.000624445780804335 -0
0.999999822724385 0.000595442020318961 -0
-0.999999856723025 -0.000535307322783702 0
-0.999999842304993 -0.00056159593099054 0
-0.000598812533724154 0.999999820711759 0
-0.999999840901906 -0.000564088789597076 0
-0.999999851491929 -0.000544991852114835 0
-0.000563758170201385 0.99999984108835 -0
0.999999822921195 0.000595111400921588 -0
-0.00063755058989108 0.999999796764602 0
-0.999999854097081 -0.000540190536544678 0
0.999999815516679 0.000607426216641737 -0
-0.999999847670996 -0.000551958317282836 0
-0.000638744370292999 0.999999796002794 0
0.999999824680638 0.000592147526072242 -0
-0.000563082263084126 0.99999984146917 0
-0.99999984005744 -0.000565583852830386 0
0.99999981986978 0.000600216967660638 -0
-0.999999849848167 -0.00054799967379597 0
-0.00069731374641642 0.99999975687674 0
-0.999999849459912 -0.000548707711548375 0
0.99999982613294 0.000589689824853312 -0
-0.999999834021064 -0.000576157828737335 0
0.999999837670629 0.000569788307062249 -0
0.999999809736977 0.000616867903076686 -0
-0.999999842265534 -0.000561666187612396 0
0.999999809233092 0.000617684206992749 -0
-0.999999843007451 -0.00056034371002312 0
-0.999999844996316 -0.000556783032231621 0
0.999999819634401 0.000600608996115003 -0
-0.999999844358694 -0.000557927045202519 0
-0.000644227354924072 0.999999792485536 -0
-0.000608813071849341 0.999999814673305 -0
0.999999824254189 0.000592867263549124 -0
-0.000681239242817487 0.99999976795652 0
0.999999816249957 0.000606217826052551 -0
0.999999830346274 0.000582501006526226 -0
-0.999999845814663 -0.000555311310240202 0
0.999999815820446 0.000606925921983386 -0
0.999999822673882 0.000595526828850967 -0
-0.999999847601559 -0.000552084103995569 0
0.999999815244649 0.000607873891593925 -0
-0.000649575879861408 0.999999789025566 0
-0.00052813317255576 0.999999860537666 -0
-0.999999844543101 -0.0005575964258034 0
-0.00065708937947261 0.999999784116751 0
0.999999821107498 0.000598151294933203 -0
0.99999979679069 0.000637509669923088 -0
-0.999999839969726 -0.000565738917983119 0
-0.999999841513644 -0.000563003275316411 0
0.999999819469177 0.000600884027213112 -0
0.999999837587272 0.000569934582860309 -0
0.999999827482968 0.000587395978133688 -0
0.99999981162915 0.000613792851754897 -0
0.999999820224358 0.000599625927285115 -0
0.999999811839204 0.000613450532633195 -0
-0.00056258196841666 0.999999841750752 0
-0.999999846510896 -0.000554056120669918 0
-0.999999844154583 -0.00055829276380876 0
0.999999792709757 0.000643879215058511 -0
0.999999814983112 0.000608303987838765 -0
-0.999999846841412 -0.000553459259518299 0
-0.000653663219938339 0.999999786362175 0
-0.000657829605948862 0.999999783630081 0
0.999999804936873 0.000624600845950016 -0
-0.000671273804691111 0.999999774695714 -0
0.999999834012647 0.000576172438855562 -0
-0.000663921209384853 0.99999977960429 -0
0.999999818539684 0.000602428916178811 -0
0.999999813694079 0.00061041936985171 -0
0.999999809527549 0.000617207311814326 -0
0.999999817413411 0.000604295576971103 -0
0.999999821612892 0.000597305770752715 -0
0.999999824167456 0.000593013539350015 -0
-0.000622093435553914 0.99999980649986 0
0.999999817376265 0.000604357044238346 -0
0.999999805121375 0.000624305383983206 -0
-0.000626707496753542 0.999999803618837 0
-0.000611083519009883 0.999999813288449 0
-0.999999837613944 -0.000569887783918156 0
0.999999813992243 0.000609930716723862 -0
-0.000632298747714175 0.999999800099127 0
-0.000565651140862133 0.999999840019381 0
0.999999810856146 0.00061505095165042 -0
0.999999819087456 0.000601518956147654 -0
-0.000541460336261767 0.999999853410341 0
0.999999828087412 0.000586366052129425 -0
0.999999811700991 0.000613675796194006 -0
-0.000709514473450936 0.999999748294574 0
-0.000613590929457153 0.999999811753068 0
-0.000706512589503797 0.999999750419949 0
-0.000603768914249217 0.999999817731533 0
-0.999999848348532 -0.00055072943755947 0
0.999999833153477 0.000577661681382826 -0
0.999999830099043 0.000582925282026393 -0
-0.00067872007460739 0.999999769669504 0
-0.00058479194288352 0.999999829009177 0
0.999999815733423 0.000607069287398618 -0
0.999999825754891 0.000590330574564643 -0
-0.999999847448042 -0.000552362103690068 0
-0.000651474729309925 0.999999787790316 -0
0.999999816478683 0.000605840407719622 -0
0.999999833881119 0.000576400671021119 -0
0.999999819739825 0.000600433441873261 -0
0.999999827395325 0.000587545164318054 -0
-0.000660357563467131 0.99999978196392 -0
-0.000548306893728429 0.999999849679764 0
0.999999819390052 0.000601015692894317 -0
0.999999817344462 0.00060440966394439 -0
-0.000634355630958138 0.999999798796447 0
0.999999830612027 0.000582044600407503 -0
0.999999815129035 0.000608064055950698 -0
-0.999999848385587 -0.000550662149526042 0
0.999999801954063 0.000629358272537235 -0
-0.000572167020453455 0.999999836312437 -0
-0.000525944681571695 0.999999861691086 -0
0.99999980636698 0.000622306999375978 -0
0.99999981420275 0.000609585487217789 -0
-0.999999840212955 -0.000565308821731687 0
-0.999999841872546 -0.000562365435995008 0
-0.000598034297576624 0.999999821177473 0
-0.999999844993075 -0.0005567888529957 0
-0.00058084499911757 0.999999831309529 -0
0.999999805152444 0.000624255616453319 -0
-0.999999843233629 -0.000559939923621265 0
-0.000548991532008577 0.999999849304138 0
-0.999999847068029 -0.000553049652347687 0
-0.000559000743341423 0.999999843759072 -0
0.999999843692004 0.000559120709288623 -0
-0.999999846317914 -0.000554404318778576 0
0.999999794001988 0.00064186913079087 -0
0.999999809005328 0.000618052835964137 -0
0.999999803218932 0.000627345277832088 -0
0.999999812203387 0.000612856581889977 -0
-0.000558439039609666 0.999999844072907 0
-0.000654333248013054 0.999999785923977 0
0.999999804816223 0.000624793978890407 -0
-0.000533013475990724 0.999999857948307 -0
0.999999824853864 0.000591854916262332 -0
0.999999837049865 0.000570876731712357 -0
-0.000624811557596853 0.99999980480524 0
-0.000576397760639003 0.999999833882797 0
-0.000644677940227068 0.999999792195155 0
-0.0006436187940989 0.999999792877403 -0
-0.000640467665552662 0.999999794900564 0
0.999999815470464 0.000607502294026044 -0
-0.000636026248321685 0.999999797735285 0
0.999999828061676 0.000586409940690965 -0
-0.000644397088387952 0.999999792376175 -0
-0.000556660155901911 0.999999845064723 0
-0.000526617620140158 0.999999861336931 0
-0.999999854835814 -0.000538821259963945 0
0.99999984311399 0.000560153545661779 -0
0.999999804098974 0.000625940902173316 -0
0.99999982785917 0.000586755170211395 -0
-0.99999984568628 -0.000555542452782283 0
-0.000588888131013793 0.99999982660537 -0
0.999999805013614 0.000624477969627748 -0
0.99999980220258 0.00062896327551418 -0
-0.000683357535039292 0.999999766511212 0
-0.000622128534759345 0.999999806478024 0
-0.000648314811458832 0.99999978984393 0
-0.000650430193311972 0.999999788470259 0
0.999999799914104 0.000632591299294714 -0
-0.000622225101229996 0.999999806417943 0
-0.999999851233499 -0.000545465836942801 0
-0.00056520061372901 0.99999984027412 -0
-0.000637126372640962 0.999999797034972 -0
0.999999806916456 0.000621423407437862 -0
0.999999810775156 0.000615182617328223 -0
-0.000631020158771144 0.99999980090676 0
-0.000554234643504991 0.999999846411968 0
-0.000549047120306243 0.999999849273619 0
0.999999796522014 0.000637930976791105 -0
0.999999810692358 0.000615317193387907 -0
-0.999999853454683 -0.00054137843810911 0
0.999999817201176 0.000604646685452081 -0
-0.000674082614131697 0.999999772806289 -0
0.99999981356547 0.000610630023296445 -0
0.999999797012609 0.000637161471845396 -0
-0.99999984463283 -0.000557435481676826 0
-0.999999845884505 -0.000555185523528143 0
0.999999812117334 0.000612996978714089 -0
-0.000650994865572818 0.99999978810282 -0
-0.999999846244909 -0.00055453598446254 0
-0.999999840967929 -0.000563971734032883 0
-0.000615876044922595 0.999999810348331 -0
-0.000525815926263816 0.999999861758796 -0
0.999999813913703 0.000610059472020962 -0
0.999999800099127 0.000632298747714175 -0
-0.000628322525848099 0.999999802605382 0
-0.000672332950824592 0.999999773984176 -0
-0.999999847469068 -0.000552324035892713 0
0.999999801069184 0.000630762706394596 -0
-0.00053966387379625 0.999999854381441 0
-0.000650564769362649 0.999999788382718 0
-0.000548227847751127 0.999999849723102 0
-0.00063047591736907 0.999999801250039 0
-0.000558664303178838 0.999999843947086 0
-0.000576327504014726 0.99999983392329 0
0.999999829928465 0.000583217833633267 -0
-0.999999842927107 -0.000560487075441501 0
-0.000536024149904776 0.999999856339045 -0
-0.000527229091436286 0.999999861014733 -0
-0.999999846217342 -0.000554585693787954 0
0.999999810461846 0.00061569170133237 -0
0.999999841421379 0.000563167129823487 -0
0.999999806856442 0.00062151997390864 -0
-0.999999847302585 -0.000552625376851218 0
-0.000627242890598667 0.999999803283159 0
-0.000548058172475808 0.999999849816108 0
0.999999806175748 0.000622614219286662 -0
-0.999999852540885 -0.000543063723973218 0
-0.999999845852026 -0.000555244022207285 0
-0.999999853989589 -0.000540389490266281 0
-0.000603868391105102 0.999999817671467 -0
-0.000595948193959349 0.999999822422859 -0
-0.000703036662585746 0.999999752869695 -0
0.999999826891266 0.000588402446456721 -0
0.999999805997185 0.00062290095010879 -0
0.999999804078825 0.000625973090996639 -0
-0.99999985011583 -0.00054751102064427 0
-0.000627172692188476 0.999999803327188 0
0.999999814644812 0.000608859870791063 -0
-0.000532621389307037 0.999999858157218 0
0.999999848322725 0.000550776294710771 -0
0.999999803027978 0.000627649587358024 -0
-0.000606021840931212 0.999999816368747 0
-0.000705058446458698 0.999999751446263 0
-0.999999852748967 -0.000542680426649852 0
-0.00054059141257758 0.999999853880452 0
-0.999999842250757 -0.000561692497465815 0
0.999999831204128 0.000581026432337234 -0
-0.999999846042038 -0.000554901703070851 0
0.999999787702634 0.000651609305360328 -0
-0.000588159604178029 0.999999827034125 0
0.999999796561224 0.000637869509527707 -0
0.999999798025467 0.000635569842247596 -0
-0.000701383565844387 0.999999754030517 -0
-0.000598546291978667 0.999999820871152 0
-0.000650687645678787 0.999999788302771 0
-0.999999853502199 -0.000541290660984572 0
-0.000546861481570426 0.999999850471249 0
0.999999803545508 0.000626824494103958 -0
-0.000647322953363888 0.999999790486475 0
0.999999810931713 0.00061492807532597 -0
-0.99999984250208 -0.000561244880711696 0
0.999999799914104 0.000632591299294714 -0
-0.999999844017351 -0.000558538516467484 0
0.999999803990895 0.000626113546024965 -0
-0.000541261382540509 0.999999853518047 0
-0.000691119755804234 0.999999761176713 0
-0.000659412504332837 0.999999782587551 -0
0.999999833067253 0.000577810925777373 -0
-0.000575853519183112 0.999999834196349 0
-0.000650163951592231 0.999999788643396 -0
-0.000623761142574253 0.999999805461 0
0.999999834992307 0.000574469632484144 -0
-0.000591644262810465 0.999999824978518 -0
-0.000626894750721832 0.999999803501466 -0
-0.000581064441927358 0.999999831182043 0
-0.000695847903609048 0.999999757897818 0
0.999999788856407 0.000649836242610375 -0
0.999999800313677 0.000631959338986133 -0
0.999999800965854 0.000630926502683918 -0
-0.000629668402825686 0.999999801758832 0
-0.000656568595774312 0.999999784458816 -0
0.999999804196024 0.000625785837028025 -0
-0.000621022589645164 0.999999807165453 0
-0.000653835863780801 0.999999786249309 -0
-0.999999858183693 -0.000532571679979842 0
-0.999999847430261 -0.000552394292515658 0
0.999999810539284 0.000615565914626153 -0
-0.999999841185665 -0.000563585526340815 0
-0.000640052179450249 0.999999795166583 0
-0.999999842973039 -0.000560405119083778 0
0.999999810213157 0.00061609548771858 -0
-0.999999848760757 -0.000549980421629851 0
-0.999999846437937 -0.000554187786353958 0
-0.000533742002850674 0.999999857559727 0
-0.000664401073109721 0.999999779285582 0
-0.999999845806517 -0.000555325978565716 0
-0.000545983768539979 0.999999850950851 0
-0.9999998463244 -0.000554392619042732 0
-0.999999844644251 -0.000557414992587292 0
-0.999999849952359 -0.000547809509430728 0
0.999999805966183 0.000622950717638803 -0
-0.000636786963916039 0.999999797251161 -0
-0.000680762289462037 0.999999768281326 -0
-0.99999984447948 -0.000557710512779173 0
-0.000637986565083281 0.999999796486551 0
0.999999798867003 0.000634244396165373 -0
0.999999795662531 0.000639276853744104 -0
-0.000645160714351817 0.999999791883805 0
0.999999797720402 0.000636049647791357 -0
0.999999794733739 0.000640728086513854 -0
0.290260912858403 -0.956947039303168 -0.000983074518043202
-0.0237986695228607 0.00803284846338194 0.999684498566676
0.00645635085852191 -0.00723861241050577 0.999952957905502
-0.835215240286009 -0.549921720744646 0.00126627296892566
0.222402281796932 -0.974954707935266 -0.000736563900121006
0.0178354932915363 -0.00309442567420156 0.999836146430401
0.00210202679312881 0.000660878943462735 0.999997572358245
0.240356782942343 -0.970684402016336 -0.000639199339190009
0.00530023772367341 -0.00325869281458408 0.999980644013279
0.705216199294325 -0.708991947208711 -0.000728729075937712
-0.00112456278971364 0.00178852727814606 0.999997768261863
0.375160041780527 -0.926959873694589 -0.000579319725716305
-0.921094015582216 -0.38933849952187 0.00116071042331892
-0.923127479046644 -0.38449216316405 0.00119745330482493
-0.00660547975228459 0.00875990441939525 0.999939814044728
-0.000952769350145158 0.000189517601286381 -0.999999528156711
-0.000958115521794316 0.00019058102091345 -0.999999522846647
0.923879240513033 -0.382683317879102 -0.000791938194548815
-0.000730744561405602 0.000302684313077019 -0.999999687197247
-0.999999253682095 -0 0.00122173452680164
-0.999999240848158 0 0.00123219442732896
-0.980784565517411 -0.195090173930602 0.00120833710162596
-0.98078455061378 -0.195090170966085 0.00122084796298422
0.831469324114246 -0.555570033172943 -0.000837434901464091
0.831469321257124 -0.555570031263875 -0.000841528177719455
0.708083534578125 -0.706128291158511 -0.000737892208254347
0.00184109624442959 0.000624550972136952 0.999998110148565
-0.00176125485461607 0.00109779153454474 0.999997846415223
0.240034172771862 -0.970764165109468 -0.000729137192192194
0.00215419160199501 0.000517586934615192 0.999997545778142
0.239822996973568 -0.970816343641151 -0.000746352357836601
-0.00217235912082834 0.00204183662730128 0.999995555869644
0.404626929750297 -0.914481449150615 -0.000852572718519672
0.0839002116722759 -0.996473896952237 -0.00072606760640346
7.77574404822752e-05 0.000911724190430099 0.999999581356303
0.0849308316216602 -0.996386592874297 -0.000715108665691362
7.86584355829915e-05 0.000946081002364678 0.999999549371692
0.0828194761075187 -0.996564301544088 -0.000726130305680483
0.881904177166565 0.471427106257981 -0.00122710284370521
0.831484981829531 0.555545673680485 -0.00131508434742171
0.923874449889153 0.382693889911829 -0.00117790753818053
0.956766756630404 0.290854153166842 -0.00111130218097673
0.995178278885926 0.0980761333081987 -0.00112485952804065
0.980778470051013 0.195121438404021 -0.00110315889130027
0.995164295864587 -0.0982204551599735 -0.000875456742533584
0.999999318831249 5.85669093663472e-05 -0.00116572164538566
0.95684265282318 -0.290604923554557 -0.000957154192636464
-0.995159948701289 -0.098261811404042 0.00113706659661774
0.980782285282897 -0.195103238324512 -0.000913931368959774
0.923894772278871 -0.382645596707436 -0.000892791231867121
0.881737065591523 -0.471740568227587 -0.000763839226745165
0.956861994278597 -0.290541222841933 -0.000960070153456658
0.831449270344283 -0.55560026262655 -0.000677505179426152
-0.0116729263980364 -0.0258996393217202 -0.99959639428737
0.026555660179586 -0.012273672635354 0.999571985337958
-0.0219400728071226 0.016830814399633 0.999617605333091
-0.956950419937661 -0.290248400150888 0.00132664651853491
0.0195962054513002 -0.0219116093305617 0.999567841673818
-0.995182042929471 0.0980407961910305 0.000838876006017854
0.999999333886304 -7.18082928457226e-05 -0.00115198546747053
-0.0140812129296946 -0.0246343421290632 -0.999597353252947
-0.0169825930927691 0.0228856972842114 0.999593835711116
-0.0183054059187485 0.020665414295702 0.999618853746835
-0.471399040469607 0.88192002846545 8.96428120641563e-05
0.995181393885696 0.0980457283934475 -0.00101410429548922
0.634376092174676 -0.773024193756048 -0.000754682051887055
0.0210264069062091 -0.0187694295161127 0.999602720448606
0.00733193579729412 0.0274155488422389 -0.999597234089382
0.772982494508397 0.634425565783655 -0.00150487995076406
0.0233340215467633 -0.0169600197784541 0.999583853995036
0.017569583446378 0.0222731370875811 -0.999597527558866
-0.0218333782794124 0.0193368375856504 0.999574604671955
0.0127347939627639 0.0253994635306961 -0.999596264636417
-0.0163134270419166 -0.0232219567935303 -0.999597225296683
0.995187079383598 -0.0979877591961614 -0.00103734066722159
0.980784388836839 -0.19509255330559 -0.00093715455175256
0.980790769482366 0.195059632301569 -0.00109833718176545
0.956930327172085 0.290315432440189 -0.00113957246014021
0.0139337156546902 -0.0232250284443837 0.999633157524205
-0.0136429033340664 0.0222648782662144 0.999659015056838
0.773667093324268 -0.633591930195344 -0.000703348076622882
0.923861471662237 0.382725197763666 -0.00118497883847287
0.83142117737807 0.555641147871517 -0.00131931773539181
-0.707594507042995 0.706618545421382 0.000494842551826634
-0.634401015346487 0.77300402872306 0.000351148494293493
-0.559271490707843 0.828984465852775 0.000393771781797036
0.881872725674081 0.471485847586874 -0.00126144260856056
0.772948064505863 -0.634468960236473 -0.000654272946529478
-0.707949232824711 0.706263146081346 0.000502225230463314
0.560795465063939 -0.827954026897165 -0.000758754564346433
-0.00814285879152427 0.00689715707597301 0.999943059916399
-0.290295371014455 0.956936987932961 0.000445750346361179
0.0245836789310052 -0.00605024142281098 0.99967946728386
-0.0180446766914701 0.0171468617681159 0.999690139380501
-0.640749123365579 0.767750219579071 0.000401550159629986
-0.022556059799493 0.0240976703714353 0.999455114774541
0.699171827029517 -0.714953420978636 -0.000601763368214897
-0.0742716255649594 0.997237801705766 0.000701772747606239
-0.400976508635148 0.916088269210142 0.000350054756147853
-0.0195647951049732 0.0100998976448617 0.999757576045345
-0.0980268177528306 0.995183690825803 0.00040560520976107
0.0244321300634169 -0.0145988339702338 0.999594890476774
-0.560354838867459 0.828252551816156 0.000406162344107079
6.16158053827547e-05 0.000841589980379972 0.999999643964835
0.0730181115741037 -0.997330323044544 -0.000762966589388791
7.30371591813847e-05 0.000997590488035301 0.999999499739271
0.0979907648159534 -0.99518675766888 -0.00106177741820216
-0.0247311145035975 0.0029684576220202 0.999689731984257
0.0249153581648449 -0.00109760461683048 0.999688961723407
0.564474968219296 -0.825449799744158 -0.000798971935835349
-0.00382716435110434 0.00397829491308326 0.999984762875222
-0.0105754421971716 0.00354583138630284 0.999937791616116
0.229154414710579 -0.973389821947377 -0.000713265663656187
0.835095904170956 -0.550103620232446 -0.000915338216203225
-0.0130429523946528 0.0342259906893542 0.99932900636085
-0.921266970614819 -0.388929140514243 0.00113688743840497
-0.999977466909808 0.00662397500760476 0.00109024205654349
-0.97948169194166 -0.20152904927004 0.00128742045052524
0.92133159779963 -0.388777094354227 -0.000676610275131814
0.982040938643379 -0.188664975898737 -0.00105910224281369
0.0257587206851785 -0.0242496776922855 0.999374024797765
0.0115424805438097 0.0301167899286895 -0.999479739718263
-0.979455885718705 0.201655650322811 0.00108010363920888
-0.999976453541318 -0.00676965668643082 0.00112432703248507
-0.982066439095983 -0.188529200521249 0.00149991738252683
0.0172886222489475 0.0272440696854135 -0.999479296537807
0.712301699133351 -0.70187312796318 -0.00063376251346819
-0.0239902994035692 0.0115510587295362 0.999645456437808
0.0260306781663148 -0.0162067719928919 0.999529761605812
0.555901589339645 -0.831247688591347 -0.000838559002337713
0.393679400574437 -0.919247579805172 -0.000645434494558087
0.399682159195389 -0.916653398184247 -0.000848067322673011
0.024200432614309 -0.00945554387111034 0.999662408891813
0.0131598677104455 -0.00640514993005788 0.999892890231857
0.505887663673548 -0.86259907237551 -0.000715597532515613
-0.398296357708374 0.917256717103981 0.000355476961521682
0.0177641276520615 -0.0062035358312121 0.999822960284446
0.471360183015385 -0.881940015577427 -0.00117762090301588
-0.0304379621106451 0.0170497269976438 0.999391233337504
0.396366574357394 -0.918091890080228 -0.000905594335006951
0.0116099593804315 -0.00398854823400776 0.999924647324072
0.0224933120007483 -0.0168283632754456 0.99960535067831
0.642638081096259 -0.766169782823325 -0.000400765987624376
-0.88194439063071 -0.471351511081163 0.00135824759505988
-0.835888921731015 -0.548897022398361 0.00133016148423437
0.011715167039185 -0.0347642679610732 0.999326873717691
-0.995175065625899 0.0981106860703236 0.000939167342858733
0.881764068820459 -0.471690058124975 -0.000784858743004043
-0.773044487744619 -0.634349852867839 0.00157611364153494
-0.0116550027852305 -0.0355082325760333 -0.999301419157104
-0.995188655734624 -0.0979685743153347 0.00130305170024203
-0.0243234466651758 -0.0283905554469241 -0.9993009288016
-0.0773741593032125 0.997001884998819 0.000693383676095937
0.0122841353736035 -9.02975370996319e-05 0.999924543085366
0.0774386127524439 -0.996996839058177 -0.000751107834685073
-0.0099977491619311 0.00176483665447366 0.999948463853652
-0.0195697261686474 0.00579068655547131 0.999791725194253
-0.0166015625562707 0.0127383723128226 0.999781037023363
0.566372943708433 -0.824148651017493 -0.000830458361312105
-0.230681801478624 0.973029032920897 0.000638403947377816
0.0101567652409257 -0.0012850094920576 0.999947593061979
-0.235087971236863 0.971973870359526 0.000664167191623238
-0.0114192182179538 0.00812484095366873 0.999901789384722
-0.50225982204669 0.864716473887232 0.00070067514507465
-0.000812942776088981 -0.999999669561967 0
-0.000696204891019127 -0.999999757649346 0
-0.999999744136058 0.000715351534634981 0
-0.000688117871741331 -0.999999763246869 0
-0.000708139318170384 -0.999999749269322 0
-0.999999741767593 0.000718654817632084 0
-0.000708952711605386 -0.999999748692995 0
-0.000831071239398204 -0.999999654660238 0
-0.999999751924638 0.000704379629060964 -0
-0.000841648146147453 -0.999999645814136 0
-0.99999973572536 0.000727013898842131 0
-0.000625642471617754 -0.99999980428573 0
-0.999999787887534 0.000651325484935647 0
-0.99999972851691 0.000736862338464106 0
-0.00079949565136824 -0.999999680403301 0
-0.000688430912393917 -0.999999763031411 0
-0.000715102813431448 -0.999999744313951 0
-0.000698724000930583 -0.999999755892356 0
-0.000762931484009078 -0.999999708967733 0
-0.000815596519709273 -0.999999667401103 0
-0.000692415923376077 -0.999999760280066 0
-0.00070290796551218 -0.999999752960166 0
-0.99999974815546 0.000709710516751557 -0
-0.000769081585465708 -0.999999704256714 0
-0.000703127408283459 -0.999999752805893 0
-0.000770960003780196 -0.999999702810292 0
-0.999999760919826 0.00069149135333372 0
-0.00082503820304654 -0.999999659655924 0
-0.000632401134946618 -0.999999800034382 0
-0.000773520091595374 -0.999999700833289 0
-0.000844705617785135 -0.999999643236146 0
-0.000710977405834501 -0.999999747255532 0
-0.999999766145204 0.000683892928856702 -0
-0.000857333527787153 -0.999999632489544 0
-0.999999788156132 0.000650912967431324 0
-0.000810052069226621 -0.999999671907769 0
-0.000694566404369892 -0.999999758788726 0
-0.999999733499986 0.000730068460560232 0
-0.000704221653549123 -0.999999752035901 0
-0.999999755407601 0.000699417428452054 0
-0.000690496584884 -0.999999761607205 0
-0.000737090512363394 -0.999999728348751 0
-0.000827756266006217 -0.999999657409723 0
-0.000794524662173663 -0.999999684365231 0
-0.000775334132256445 -0.999999699428446 0
-0.000831697378781394 -0.999999654139675 0
-0.999999793611149 0.000642477749825731 0
-0.999999793748374 0.000642264127804203 -0
-0.999999713235565 0.000757316834437876 0
-0.999999744947498 0.000714216311223534 0
-0.000705801583288045 -0.999999750922032 0
-0.000647644783376242 -0.999999790278095 0
-0.999999710194154 0.000761322275937916 0
-0.999999774577854 0.000671449358919591 0
0.99999975539327 -0.000699437917538546 -0
-0.999999752709213 0.000703264894709339 0
-0.000818256084074314 -0.999999665228435 0
-0.999999755055483 0.000699920691638751 0
-0.000839556164283404 -0.999999647572661 0
-0.000792362481798804 -0.999999686080799 0
-0.000765869048333193 -0.999999706722257 0
-0.000719008836435772 -0.999999741513113 0
-0.999999716906355 0.000752454124302745 0
-0.000786978916879796 -0.999999690332044 0
-0.999999752859383 0.000703051330908919 -0
-0.00076787325334308 -0.99999970518529 0
-0.999999724439938 0.00074237460074371 0
-0.000624551136627794 -0.99999980496792 0
-0.000696506231932336 -0.999999757439505 0
-0.999999760828771 0.000691623018999643 0
-0.999999735112371 0.000727856570681219 0
-0.00077972578118337 -0.999999696013807 0
-0.000693006905472859 -0.999999759870686 0
-0.000628898897867896 -0.999999802243069 0
-0.00074466844688974 -0.999999722734414 0
-0.000647434129946221 -0.999999790414502 0
-0.000749970055676069 -0.999999718772418 0
-0.000805841795565243 -0.999999675309448 0
-0.000679773399961443 -0.999999768954036 0
-0.99999975469084 0.000700441475322134 0
-0.000778300916724271 -0.999999697123796 0
-0.000724076392645645 -0.999999737856655 0
-0.00063841666130391 -0.999999796212063 0
-0.000743091427665605 -0.999999723907527 0
-0.000854486709617392 -0.999999634926165 0
-0.999999729230062 0.000735893879958654 0
-0.000694004642506663 -0.999999759178749 0
-0.000833803970799588 -0.999999652385409 0
-0.000766638553162083 -0.999999706132621 0
-0.000665536296570544 -0.999999778530695 0
-0.999999756476693 0.000697887208009854 0
-0.000790662528152713 -0.999999687426334 0
-0.000829207489563442 -0.99999965620741 0
-0.000850767941302195 -0.99999963809689 0
-0.000838315585272395 -0.999999648613428 0
-0.999999717902815 0.000751128678463768 0
-0.00069946719597748 -0.999999755372791 0
-0.000823993667325307 -0.99999966051716 0
-0.000735440384332508 -0.999999729563684 0
-0.99999976727835 0.000682234011286169 0
-0.000705108155775901 -0.999999751411213 0
-0.99999976834702 0.000680665781204312 -0
-0.999999767759163 0.000681528884005534 0
-0.000690701359337421 -0.999999761465788 0
-0.000769859879640507 -0.999999703657839 0
-0.999999755397382 0.000699432038567706 0
-0.000710918907165688 -0.999999747297122 0
-0.000683916386533186 -0.999999766129161 0
-0.000829459121111955 -0.999999655998724 0
-0.000789974979701266 -0.999999687969717 0
-0.00075211471563916 -0.999999717161687 0
-0.000832899890028749 -0.999999653138826 0
-0.999999699353616 0.000775430640499968 0
-0.999999769087281 0.000679577356648592 0
-0.000814370609018797 -0.999999668400201 0
0.999999756554275 -0.000697776031432212 -0
-0.000781089236593358 -0.999999694949756 0
-0.000690318062073058 -0.999999761730458 0
-0.999999739973023 0.000721147617574822 0
-0.999999770881235 0.000676932401731217 0
-0.000861271680548055 -0.999999629105477 0
-0.000862564937379587 -0.999999627990795 0
-0.000855788697614192 -0.999999633812785 0
-0.999999743163992 0.000716709111190093 0
-0.000694899934104977 -0.999999758557012 0
-0.999999748028785 0.000709888981347597 0
-0.000812419082126481 -0.999999669987563 0
-0.000617728095551806 -0.999999809205982 0
-0.000728877648899855 -0.999999734368651 0
-0.000789811125240313 -0.999999688099145 0
-0.999999725778482 0.000740569349406474 0
-0.000760514761518728 -0.999999710808607 0
-0.000830442189632962 -0.999999655182825 0
-0.999999774532671 0.000671516646946141 -0
-0.000835951540971667 -0.99999965059245 0
-0.000713236152936671 -0.999999745647063 0
-0.999999757950754 0.000695771826233345 -0
-0.000800107122441648 -0.999999679914245 0
-0.999999807878901 0.000619872697762188 0
-0.00068595860136611 -0.999999764730371 0
-0.000707876045055262 -0.999999749455721 0
-0.999999747883356 0.000710093814000307 0
-0.000628653145225316 -0.999999802397592 0
-0.000651471818928212 -0.999999787792212 0
-0.00083603052871297 -0.999999650526416 0
-0.000681593261648996 -0.999999767715286 0
-0.000688954664679067 -0.999999762670707 0
-0.999999797530541 0.000636348078341039 0
-0.000836273370906473 -0.999999650323363 0
-0.999999757822476 0.000695956169805513 0
-0.999999793985063 0.000641895498849682 0
-0.000854071223640031 -0.999999635281106 0
-0.000874993893172163 -0.99999961719277 0
-0.00085637385879535 -0.99999963331184 0
0.999999744209296 -0.000715249147413604 -0
-0.999999719261523 0.000749317606399316 -0
-0.000831498425131622 -0.999999654305125 0
-0.000811228270621845 -0.999999670954292 0
-0.000753794108766041 -0.99999971589718 0
-0.999999749337658 0.000708042809918163 0
-0.999999768436632 0.000680534115535418 0
-0.000851598913263498 -0.99999963738958 0
-0.000632842930906734 -0.999999799754893 0
-0.000644206865836521 -0.999999792498735 0
-0.000644034280198458 -0.999999792609901 0
-0.999999795497915 0.000639534306116475 0
-0.999999779048375 0.000664758002313801 0
-0.000634516516864535 -0.999999798694375 0
-0.999999795578352 0.000639408519415905 0
-0.000819953069018482 -0.999999663838426 0
-0.000634270764224571 -0.999999798850279 0
-0.00070002016848186 -0.999999754985852 0
-0.999999769081308 0.000679586146001397 0
-0.000789661939100498 -0.999999688216962 0
-0.999999725334086 0.000741169179001339 0
-0.99999971125346 0.000759929600236454 0
-0.00084236788336663 -0.999999645208112 0
-0.999999790662588 0.000647050832671425 0
-0.999999759369584 0.000693729611441896 0
-0.999999770477023 0.000677529262817908 0
-0.999999742605878 0.000717487405409394 0
0.999999745803553 -0.000713016710170104 -0
-0.000822568803017807 -0.999999661690225 0
-0.999999772518239 0.000674509799965644 0
-0.000838283396458329 -0.999999648640412 0
-0.000827024829072279 -0.999999658014907 0
-0.000824359385795188 -0.999999660215744 0
-0.999999793317814 0.000642934155893773 0
-0.99999979601774 0.000638720970823448 0
-0.000802997887581188 -0.999999677597144 0
-0.000678342656304691 -0.999999769925594 0
-0.000815578941007978 -0.99999966741544 0
-0.999999792161194 0.000644730618136772 -0
-0.000631669697787068 -0.999999800496676 0
-0.999999762366232 0.000689396460615977 0
-0.000872989688571236 -0.999999618944429 0
-0.000792696011481001 -0.999999685816467 0
-0.999999729587356 0.000735408195514462 0
-0.999999724211819 0.000742681820597181 0
0.999999751411213 -0.000705108155775901 -0
-0.000860443677195864 -0.999999629818271 0
-0.000689808978112963 -0.999999762081759 0
-0.99999976632323 0.000683632566109953 0
-0.000826366500906029 -0.999999658559145 0
-0.999999802322168 0.00062877311116478 0
-0.000824985525151497 -0.999999659699384 0
-0.999999772618895 0.000674360555589308 0
-0.999999765776876 0.000684431291262853 0
-0.999999741996735 0.000718335898028859 0
-0.999999753048615 0.000702782120612531 0
-0.000812623856535817 -0.999999669821179 0
-0.000689021952703213 -0.999999762624346 0
-0.999999773192685 0.000673509152510182 0
-0.0008216471435746 -0.999999662447929 0
-0.000683650086607782 -0.999999766311252 0
-0.99999979789156 0.000635780495682428 0
-0.000812401503425049 -0.999999670001844 0
-0.00063429998445794 -0.999999798831745 0
-0.999999790728833 0.000646948445441861 0
-0.00067926134740096 -0.999999769301984 0
-0.999999795331333 0.000639794727078134 0
-0.000828160043409657 -0.999999657075412 0
-0.000637933887172894 -0.999999796520157 0
-0.000630484706722198 -0.999999801244497 0
-0.000881293237617848 -0.999999611661039 0
-0.00067709037725199 -0.999999770774284 0
-0.999999794748731 0.000640704687044392 0
-0.999999786562908 0.000653356058253546 0
-0.000630388198460683 -0.99999980130534 0
0.999999737002192 -0.000725255504585091 -0
0.999999753346657 -0.000702357903392746 -0
-0.999999681139739 0.000798573991873321 0
-0.999999792830308 0.000643691961096283 0
-0.999999732244637 0.000731785934836269 0
-0.000791499320949879 -0.999999686764364 0
-0.999999747764923 0.000710260578862421 0
-0.000630882614125946 -0.999999800993544 0
-0.000685744979350356 -0.999999764876884 0
-0.999999793236934 0.00064305994259349 0
-0.000834277955457343 -0.999999651990086 0
-0.000822208905308233 -0.999999661986201 0
-0.999999771471068 0.000676060509569048 0
-0.000856841964456596 -0.999999632910857 0
-0.999999789637119 0.000648633731088837 0
-0.000626207143905404 -0.999999803932287 0
-0.999999772277423 0.00067486672918375 0
-0.000795569197969675 -0.999999683534776 0
-0.000786715585587899 -0.999999690539246 0
-0.99999978958018 0.000648721508201788 0
-0.000750982402700785 -0.999999718012676 0
-0.999999745667945 0.000713206874498591 0
0.999999739854846 -0.00072131147205151 -0
-0.000634577984128326 -0.999999798655371 0
-0.999999777185062 0.000667555111889608 0
-0.000671993600310539 -0.999999774212275 0
-0.999999772664269 0.000674293267563145 0
-0.999999784760322 0.000656109221129075 0
-0.00079021491152639 -0.999999687780148 0
-0.999999762704993 0.000688904897152552 0
-0.999999754114611 0.000701263658122782 0
-0.000688547967944693 -0.99999976295082 0
-0.000798989477883093 -0.999999680807856 0
-0.999999781890498 0.000660468740046622 0
-0.999999761776906 0.000690250774049092 -0
-0.000834140469056613 -0.999999652104778 0
-0.999999780847682 0.000662045759451389 0
-0.000816167070801892 -0.999999666935601 0
-0.999999786664209 0.000653200993116411 0
-0.000703484337480452 -0.999999752554863 0
-0.000673725684913025 -0.999999773046825 0
-0.000660533117688976 -0.999999781847976 0
-0.000674214279802317 -0.999999772717527 0
-0.999999767448005 0.000681985290065371 0
-0.000651062153598087 -0.999999788059014 0
-0.999999771732093 0.000675674301911436 0
-0.000698197338274469 -0.999999756260209 0
-0.00084309932031605 -0.999999644591705 0
-0.999999766151175 0.000683884197711609 0
-0.999999799119294 0.000633846488764164 0
-0.999999779810144 0.000663611079117009 0
-0.000810675240016235 -0.999999671402774 0
-0.000818250263312334 -0.999999665233197 0
-0.9999997304452 0.000734240783334395 0
0.999999743826213 -0.00071578454119518 -0
-0.999999794793742 0.000640634430428362 0
-0.999999713871134 0.000756477131192877 0
0.999999752493109 -0.000703572114588869 -0
-0.000733061671418125 -0.999999731310257 0
-0.000796347433888443 -0.999999682915332 0
-0.000816076325122146 -0.99999966700966 0
-0.999999762112032 0.000689765089557494 0
-0.999999755329835 0.000699528605029314 0
-0.000859387441774748 -0.999999630726544 0
-0.000868788146468577 -0.999999622603507 0
-0.000851680811382592 -0.999999637319832 0
-0.000858433651757374 -0.999999631545765 0
-0.999999797314501 0.000636687487066247 0
-0.999999778004651 0.00066632623235259 0
-0.000860361779078613 -0.999999629888736 0
-0.000678986316327842 -0.999999769488765 0
-0.000828186353254731 -0.999999657053623 0
-0.000645383067517393 -0.999999791740326 0
-0.000780606462551402 -0.999999695326729 0
-0.999999790931305 0.000646635404781928 -0
-0.000802199104384239 -0.999999678238247 0
-0.000819897480741799 -0.999999663884004 0
-0.000770626415873372 -0.999999703067419 0
-0.999999787174187 0.00065241978845898 0
-0.000637591568066704 -0.999999796738476 0
-0.000622614219286662 -0.999999806175748 0
-0.999999759294471 0.000693837877638839 0
-0.000829497130688897 -0.999999655967196 0
-0.000691280699909693 -0.999999761065468 0
-0.99999978465857 0.000656264286265324 0
-0.000706067883201152 -0.999999750734041 0
-0.000622233890583261 -0.999999806412474 0
-0.999999783724381 0.000657686240547436 0
-0.999999689221209 0.000788389171196215 0
0.999999759203108 -0.000693969543304121 -0
-0.000696784173377131 -0.999999757245878 0
-0.000822214726070156 -0.999999661981415 0
-0.999999789352347 0.00064907261665344 -0
-0.000822475146958529 -0.999999661767259 0
-0.000823803503034058 -0.999999660673837 0
-0.000820734273479834 -0.999999663197569 0
-0.999999768874497 0.000679890397306664 0
-0.9999997874528 0.00065199260263172 0
-0.99999976228352 0.000689516426548183 0
-0.999999783137076 0.000658578621776683 0
-0.999999783181388 0.000658511333752408 0
-0.999999787458531 0.000651983813278954 0
-0.999999710879829 0.00076042110544565 0
-0.000825357122589977 -0.999999659392752 0
-0.999999784462638 0.000656562775010944 0
-0.999999807443369 0.000620574914703823 -0
-0.999999772307041 0.000674822840626939 0
-0.999999784589423 0.000656369642082343 0
-0.000780544995299336 -0.999999695374709 0
-0.999999766453215 0.000683442401769684 0
-0.999999789775621 0.000648420167277491 0
-0.000623389545017276 -0.999999805692719 0
-0.999999769055477 0.000679624155586702 0
-0.000671238705486935 -0.999999774719275 0
-0.000802172794539061 -0.999999678259352 0
-0.000668892181073418 -0.9999997762916 0
-0.000818036641347602 -0.999999665407971 0
-0.000772513623532699 -0.999999701611306 0
-0.000767463588065614 -0.999999705499777 0
-0.000653993839299442 -0.999999786146006 0
-0.000784904513563996 -0.999999691962405 0
-0.999999783576165 0.000657911562296877 0
0.999999754803559 -0.000700280531219752 0
-0.000690379529333696 -0.999999761688024 0
-0.000757243667449241 -0.999999713290973 0
-0.999999793188009 0.000643136019972712 0
-0.000815810083467663 -0.999999667226898 0
-0.00075693353720611 -0.999999713525769 0
-0.999999799960349 0.000632518190503412 -0
-0.000683503810823559 -0.999999766411243 0
-0.999999693918185 0.000782408803449883 0
-0.00080455150721606 -0.999999676348384 0
-0.000654295238428091 -0.999999785948848 0
-0.000862614646684304 -0.999999627947916 0
-0.00080486454780568 -0.999999676096478 0
-0.999999810348331 0.000615876044922595 0
-0.000833692794243408 -0.999999652478102 0
-0.000773795122628228 -0.999999700620509 0
-0.0008388042382451 -0.999999648203663 0
-0.000753586365739341 -0.999999716053754 0
-0.000804882126507433 -0.999999676082329 0
-0.000623351535430058 -0.999999805716413 0
-0.999999789131988 0.000649412025370318 0
-0.000657458066623848 -0.999999783874422 0
-0.00062368506519223 -0.999999805508451 0
-0.999999763101893 0.000688328525166736 -0
-0.000799457641790778 -0.999999680433688 0
-0.000725934263744794 -0.999999736509688 0
-0.000813621593359374 -0.999999669009896 0
-0.00063122790182597 -0.999999800775648 0
-0.000797116938662347 -0.999999682302243 0
-0.000635882882914193 -0.999999797826459 0
-0.000627690565534418 -0.999999803002257 0
-0.999999694108203 0.000782165903031474 0
-0.999999788104715 0.000650991955191102 -0
-0.999999786331545 0.00065371007708372 0
-0.000764046218280754 -0.999999708116646 0
-0.000640160445652367 -0.999999795097281 0
-0.999999812758868 0.000611949532258037 0
-0.000791326735345981 -0.99999968690095 0
-0.000813700581100334 -0.999999668945627 0
-0.000653771486137597 -0.999999786291399 0
-0.000848169844240344 -0.999999640303893 0
-0.999999759921348 0.000692933796685983 0
-0.000634534095570657 -0.999999798683221 0
-0.00064945294533737 -0.999999789105414 0
-0.999999759714511 0.000693232227219604 0
-0.000807957118735024 -0.999999673602594 0
-0.000842865267477297 -0.999999644789007 0
-0.999999781459363 0.00066112118940713 0
-0.999999722531737 0.000744940567542958 0
-0.000801350611876404 -0.999999678918547 0
-0.00070907855650339 -0.999999748603769 0
-0.000792719410945606 -0.999999685797919 0
-0.000832238651451823 -0.999999653689354 0
-0.999999800252646 0.000632055905454998 0
-0.000702000974194905 -0.999999753597286 0
-0.999999793522808 0.000642615236260248 0
-0.00075306558208526 -0.999999716446074 0
-0.000823361707205557 -0.999999661037692 0
-0.000697597566831608 -0.999999756678788 0
-0.999999699841202 0.000774801590687909 0
-0.000787139860960639 -0.999999690205372 0
-0.000843345131093831 -0.999999644384432 0
-0.000841048316624124 -0.999999646318802 0
-0.999999758308877 0.000695256921515762 0
-0.999999789492869 0.000648856084252914 0
-0.000779892546029472 -0.999999695883762 0
-0.99999979689328 0.000637348725809975 0
-0.00063422099669562 -0.999999798881843 0
-0.99999979647723 0.000638001175199863 0
-0.000695619671481903 -0.999999758056607 0
-0.999999773653561 0.000672824514304657 -0
-0.000855490267157692 -0.999999634068134 0
-0.000862898467023528 -0.999999627703048 0
-0.999999815306918 0.000607771446149171 0
-0.999999796958531 0.000637246338578496 0
-0.999999772445207 0.000674618066166858 0
-0.000628117751381613 -0.999999802734026 0
-0.000786496142844526 -0.999999690711861 0
-0.000817273015582294 -0.999999666032353 0
-0.99999978264351 0.000659327637603396 -0
-0.000844047289608822 -0.999999643792023 0
-0.000841566189818652 -0.999999645883111 0
-0.000823589881072247 -0.999999660849797 0
-0.000775486228782566 -0.999999699310509 0
-0.99999979382351 0.000642147130457226 -0
-0.000813484048752199 -0.999999669121796 0
-0.000632000317162194 -0.99999980028778 0
-0.000684384492325203 -0.999999765808906 0
-0.000736391264135442 -0.999999728863916 0
-0.00079698527301959 -0.999999682407187 0
-0.000667285959797257 -0.999999777364699 0
-0.000889219310114049 -0.999999604644431 0
-0.000847529036563143 -0.999999640847202 0
-0.000808814400580112 -0.999999672909579 0
-0.000747099837644411 -0.999999720920877 0
-0.000745297496707525 -0.999999722265782 0
-0.999999686331143 0.000792046472611012 0
-0.000833558218223529 -0.999999652590288 0
-0.999999773236042 0.000673444774865663 0
-0.000650705224384362 -0.999999788291333 0
-0.000821986552202691 -0.999999662168997 0
-0.000830076471146803 -0.999999655486467 0
-0.000835550723295218 -0.999999650927433 0
-0.999999762055498 0.000689847045905104 -0
-0.999999811779997 0.000613547040897761 -0
-0.000701088103905078 -0.999999754237705 0
-0.000666946551092357 -0.999999777591124 0
-0.00074696520340532 -0.999999721021454 0
-0.000832683357677974 -0.999999653319153 0
-0.999999749213343 0.000708218364133286 0
-0.999999763446135 0.000687828230557204 -0
-0.000808726623487419 -0.999999672980571 0
-0.000838157609790679 -0.999999648745849 0
-0.999999736201602 0.000726358539150773 0
-0.999999767266397 0.000682251531784048 0
-0.999999684850919 0.000793913132884471 0
0.999999759276216 -0.000693864187488845 0
-0.000645347968313514 -0.999999791762978 0
-0.000754554824264211 -0.999999715323468 0
-0.000635730728153621 -0.9999997979232 0
-0.000634601383598062 -0.999999798640522 0
-0.999999799808559 0.000632758122380558 0
-0.000794539272287072 -0.999999684353623 0
-0.000841765143463397 -0.999999645715659 0
-0.000628869677634227 -0.999999802261445 0
-0.999999774699622 0.000671267983927567 0
-0.000794694337395093 -0.999999684230405 0
-0.999999771840826 0.000675513357800827 0
-0.000681128066236016 -0.999999768032252 0
-0.99999976619922 0.000683813941097419 0
-0.000631464865114241 -0.999999800626042 0
-0.999999774956843 0.000670884686647989 0
-0.999999744803303 0.000714418175285208 0
-0.999999775945065 0.000669410054408209 0
-0.999999769536426 0.000678916117920583 0
-0.000739510203426049 -0.999999726562292 0
-0.000823821023527378 -0.999999660659403 0
-0.000733523956398448 -0.999999730971266 0
-0.000697114792729053 -0.999999757015453 0
-0.999999697319609 0.000778049285159716 0
-0.000757243667449241 -0.999999713290973 0
-0.000688378234485677 -0.999999763067675 0
-0.00063328769545593 -0.999999799473327 0
-0.000639004733047417 -0.999999795836455 0
