-0.999999483861327 0 0.0010160103739469
-0.999999493574521 0 0.00100640483948056
-0.999999507383385 0 0.000992589032447425
-0.999999511313544 0 0.00098862160222761
-0.999999515066553 0 0.000984818084573981
-0.999999502868736 -0 0.000997127013534273
-0.999999552399753 -0 0.000946150249008802
-0.999999500833153 -0 0.000999166375066763
-0.999999516345064 0 0.000983519007265673
-0.999999597633202 0 0.000897069358563957
-0.999999448000342 0 0.00105071357213677
-0.999999577236707 0 0.000919525099023505
-0.999999495157415 0 0.00100483078955125
-0.999999537779307 0 0.00096147863901197
-0.999999609186907 0 0.000884096167048022
-0.999999439011879 0 0.00105923365064188
-0.999999477647689 0 0.00102210779717466
-0.99999954744473 0 0.000951372868303926
-0.999999564002986 -0 0.00093380610336126
-0.99999955387961 0 0.000944584871829245
-0.999999521608275 0 0.000978152964606194
-0.999999492599274 0 0.00100737341394706
-0.999999511432081 0 0.000988501694564722
-0.999999478284562 0 0.00102148451018337
-0.999999541874529 -0 0.000957209868794634
-0.999999576897622 -0 0.000919893786033769
-0.999999607166615 -0 0.000886378371150637
-0.999999436216028 0 0.00106186987257111
-0.999999526224782 -0 0.000973421908635975
-0.999999473860929 0 0.00102580595887076
-0.999999509950152 0 0.000989999725441308
-0.999999504966999 0 0.000995020480416381
-0.999999473872871 0 0.00102579431735071
-0.999999537967779 0 0.000961282595788323
-0.999999462745909 0 0.00103658472569278
-0.999999458844572 0 0.00104034156048168
-0.999999555729375 -0 0.000942624556025264
-0.999999556269769 0 0.00094205109467453
-0.999999557853237 0 0.000940368720184771
-0.999999480788963 0 0.00101902983489962
-0.999999487105223 0 0.00101281256488277
-0.999999515708941 0 0.000984165577332641
-0.999999436209847 0 0.00106187569333048
-0.999999500695772 0 0.000999303861421485
-0.999999503175026 0 0.000996819793811523
-0.999999498435988 0 0.00100156266559683
-0.999999486497587 0 0.00101341233598341
-0.999999486028995 0 0.00101387462073434
-0.999999537663955 -0 0.000961598604891944
-0.999999495116238 0 0.00100487176770201
-0.99999944138335 0 0.00105699242542771
-0.999999616403896 -0 0.000875895005257104
-0.999999504879655 0 0.000995108257480525
-0.999999509822676 0 0.00099012848065933
-0.999999471282617 0 0.00102831633624518
-0.999999477019477 0 0.00102272223660943
-0.999999525110577 0 0.000974565862713543
-0.999999566202329 0 0.000931447880279838
-0.99999947998956 0 0.00101981400765898
-0.999999578814493 0 0.000917807625238196
-0.999999488322477 0 0.00101160999588305
-0.999999504244733 0 0.000995746096384931
-0.99999951320633 0 0.000986705175090026
-0.999999459358932 0 0.00103984702873174
-0.99999951233697 0 0.000987585856132309
-0.999999578967537 0 0.000917640860430778
-0.99999946605259 0 0.00103338982702025
-0.999999606972133 0 0.00088659775564447
-0.999999468966417 -0 0.00103056629280051
-0.999999513067675 -0 0.00098684568824524
-0.999999520714874 0 0.000979065892683844
-0.999999474442938 0 0.0010252384347677
-0.999999576060195 0 0.000920803687412721
-0.999999532427379 0 0.000967028967216368
-0.999999565880706 0 0.000931793109611311
-0.999999468121707 0 0.00103138562296873
-0.99999948385837 0 0.00101601328432683
-0.99999949490752 -0 0.00100507945242055
-0.999999583690305 0 0.000912479707881946
-0.999999494392794 0 0.00100559144647387
-0.999999475534335 0 0.0010241733520945
-0.999999515587945 0 0.000984288511792479
-0.999999588468766 0 0.000907227809591015
-0.999999508947416 0 0.000991012072072815
-0.999999558947566 0 0.000939204276985007
-0.99999948707268 0 0.00101284469547748
-0.999999568189501 0 0.000929312010252363
-0.999999501064134 0 0.000998935174473513
-0.999999475072696 -0 0.00102462399533768
-0.999999584706856 0 0.000911364973893213
-0.999999471559354 0 0.00102804718430353
-0.999999507641727 0 0.000992328728048287
-0.99999958920104 0 0.000906420295370306
-0.99999951421905 0 0.00098567827654463
-0.999999449883182 -0 0.00104892007969156
-0.999999612568125 0 0.000880263370303408
-0.999999446520637 0 0.00105212091538361
-0.999999617113415 0 0.00087508458063614
-0.999999530756598 0 0.000968755172005832
-0.999999503300347 0 0.000996694065391369
-0.999999440566615 0 0.00105776484020699
-0.999999465517351 0 0.00103390764181964
-0.999999524851015 0 0.000974832162509711
-0.999999530311471 0 0.000969214546437825
-0.999999494663414 0 0.00100532229452961
-0.999999486381963 0 0.00101352642287743
0.311824186924931 -0.950139548627525 0.000717344052290962
0.315074408662838 -0.949066724241401 0.000685524222111414
0.312855512251498 -0.949800474500552 0.000697920037500125
0.860632910365485 -0.509225613410152 0.000517921703066441
0.870058124552839 -0.492948676129998 0.000680147982612915
0.317017259484117 0.948419767339026 4.59322000354795e-05
0.236495923472762 -0.971632254223156 0.000663877996723486
0.306823088387608 -0.951766312482032 0.000691994686646831
0.747063160509217 0.664752760529954 0.000633701653781755
0.746461211405876 0.665428637873155 0.000622707596225867
0.749199026484913 -0.662344585364358 0.000684801121809972
0.744870891630321 -0.667208228682826 0.000731012842506598
0.974605255719701 0.223928600472744 0.000759877525920148
0.401603895992125 -0.915813139648763 0.00077715546819999
0.987218538258024 0.15936987177921 0.000895370743543959
0.601233954524552 0.799072880957945 0.000512683468628544
0.314845080099985 0.94914307407934 2.15419228542075e-05
0.447942235106511 -0.894062272459403 0.000637943971336484
0.610622355285452 0.791921693055212 0.000609339161467699
0.259248975373 0.965810514810975 0.000135087411201222
0.855345993942796 0.518056818399383 0.000602955984493766
0.867554509277826 0.497341574245526 0.000729354984364367
0.586692221186471 -0.809809858781909 0.000479811327336186
0.99991645788107 0.0129224613689745 0.000295382364697633
0.999789321984513 -0.0205002899317994 0.00102457721011895
0.237722595599863 -0.971332867004196 0.000654995170378024
0.944843649286794 -0.327521216735535 0.000575317729101502
0.607433850241407 -0.794370099795102 0.000511988690785596
0.269521935588879 -0.962993902014815 0.000819096273274753
0.515474595945327 -0.856904537658007 0.000744497225455491
0.357196572986722 -0.934029043074469 0.00059576835548834
0.407012522813919 -0.913422262654411 0.000759183736243274
0.947411772540823 -0.320016199652745 0.000751805074546202
0.59063165589085 -0.806940918095868 0.000775733350059046
0.669112518912579 -0.743160651461753 0.000826530947068041
0.217275294373387 -0.976110180148533 0.000602217035133626
0.868774974698703 -0.495206372608952 0.000831784078054632
0.589665896681993 -0.807646904646197 0.000779554769379779
0.743137868674337 -0.669137826912597 0.000822640171163302
0.811477741576893 -0.584382727193278 0.000838500693219617
0.417858333064901 -0.908512018506473 0.000570716668761147
0.810702011365367 -0.585458447476311 0.000809349601189051
0.744306747310911 -0.667837367766669 0.000846239882298682
0.951421255934438 -0.307890887893818 0.000891576184847983
0.589582692611587 0.807707815344913 0.000577584295959935
0.915264940164944 -0.402851489906677 0.000875434082083044
0.91517177334557 -0.403063043226535 0.000899142085226586
0.500446835250585 0.86576718119691 0.000391216093495451
0.502150255462389 0.864780293576305 0.000405932429475269
0.954341826773078 0.298715570376898 0.000828061488511062
0.999999931893635 -1.09979201182943e-05 0.000368906182109214
0.508002648160726 -0.861355291748589 0.000608965017459644
0.97896167614451 -0.204042183992545 0.000907629816673012
0.511654351279789 0.859191303142639 0.000359750624011332
0.950913006874581 0.30945758422617 0.000675959796338691
0.994616469015385 -0.103620535644153 0.000929600014633208
0.66767933529133 0.744448807137878 0.000527992346628734
0.672679019628645 -0.739934057250304 0.000726273053226606
0.953077054449241 -0.302726567073198 0.000868257124748387
0.977529124086764 0.210799049504661 0.000756498575903495
0.912385618815825 0.409331284761763 0.000617975200548105
0.86573197438637 0.50050758523752 0.000552851503285218
0.425407713852339 -0.905001605196457 0.000609579168921969
0.994566158095387 -0.104101925986245 0.000972716472747097
0.419120051875783 -0.907930639319255 0.000579914623579197
0.595140069477135 -0.803621763124566 0.000599612638062241
0.587200660045326 0.809441311089076 0.000385674385468796
0.994452831841398 0.105180563431294 0.000783784982968929
0.501274675857544 0.865288145976002 0.000351820020728172
0.590772687447252 0.80683785362167 0.000556533492023589
0.514021980685837 0.857776931905836 0.000372104851078438
0.674121410871806 -0.738620261306511 0.000658021053944707
0.813659259532876 -0.58134161762335 0.000730065393430269
0.309025983160368 0.951053537616387 0.000332143226119969
0.309035990108711 -0.951050166768673 0.000580608997688241
0.406371344804716 0.91370793901912 0.000363723848978704
0.590247077716454 0.807222415461331 0.000599352951879376
0.593305521227244 -0.804977130798987 0.000614306030503926
0.813010647904985 -0.582248366433128 0.00072538201772907
0.979073645409505 -0.203504350730812 0.00088096434324541
0.587107528932553 0.809508851939487 0.000410002835785373
0.260300875918626 0.965527515563687 0.000265867279806578
0.506826457007883 -0.862047905981765 0.000591835526010659
0.409153329264159 0.912465572676078 0.000363088105899011
0.807649607638942 0.589662484063328 0.000515915621026921
0.74815397049144 -0.663524800075904 0.000690016032151935
0.91542903799907 -0.402478700699112 0.000756221959912182
0.499982254300376 -0.866035378604564 0.000684390213344034
0.499995697961366 0.866027868744365 0.000180494373705289
0.668094434687462 0.744076331697904 0.000488821675298825
0.509568553636147 -0.86042990253485 0.000521506504246333
0.742832288591352 0.669477378871813 0.000479796896572869
0.42723415401561 -0.904140809632789 0.00061155468340668
0.739877133463155 0.672741776920948 0.000573553476540596
0.667768376275718 0.744368848916642 0.000642190472828683
0.513932574410143 -0.857830265962493 0.000737400082989789
0.589242871848015 0.807955770355797 0.000557785867905669
0.994036120711625 0.109048418766879 0.00079566640487007
0.668058115901098 0.744108959866658 0.000457848049018398
0.674447181871206 -0.738322803784177 0.000660513633826814
0.952667241313175 -0.304013701382465 0.000892580796970183
0.668270829486124 0.743917921586499 0.000473709142479751
0.740083330966131 0.672514924098635 0.000583172943697595
0.812544596761994 -0.582898538850614 0.000756094378344174
0.977577282597546 0.210575614104578 0.000753189005531106
0.594971176659427 -0.803746833520301 0.000571446047725621
0.909598792908558 0.415487148889485 0.000681943532298537
0.869570479390954 -0.493808232975155 0.000781292353226798
0.500009283550571 0.8660199712442 0.000354639873773133
0.809025822616424 0.587772886718963 0.000501973979302644
0.863290096258484 0.504707682539732 0.000604059095768624
0.742767895268207 0.669548812386468 0.000491518777654433
0.866576761774221 -0.499043006188726 0.000891025826921542
0.950927744810617 0.309412277213357 0.000683270838831878
0.865671316509094 0.50061247560711 0.000566603858806831
0.74801469919053 -0.66368181560193 0.000676338839527881
0.915877034494571 -0.401458062930819 0.000825465484142014
0.916063910431612 -0.401031449132568 0.000829946610937523
0.869395339391239 -0.494116592516361 0.000732696944738583
0.995142009181237 0.0984455885476317 0.000920683572991734
0.805054422099269 0.593200657184643 0.000598142224078238
0.952579281263131 -0.304289251696262 0.000874191252332752
0.593606593716256 -0.804755142687748 0.00061009360440685
0.913552429068942 0.406720571452627 0.000579740876232609
0.99366706031615 -0.112361971046797 0.000748802469636995
0.978141294096275 -0.207939242655892 0.000938161691489105
0.978141606151214 0.207938184236115 0.000842527454125712
0.999999911976811 1.26954652049593e-05 0.000419386689260862
0.994816321535675 0.101683901557645 0.000933043537544591
0.97814996590442 -0.207900137618754 0.000420689058752096
0.669145371052036 -0.743131235502584 0.000662736776878902
0.669140495491694 0.743135789794648 0.000441836412274511
0.978151859643079 0.207890417621817 0.000716755057862892
0.809000491607783 0.587807263457179 0.000908628278789308
0.809000582224165 -0.587807135752535 0.000910559917218759
0.9150627573974 -0.403311068385567 0.000576317585709161
0.995169140322687 -0.0981721989698487 0.000775563555637166
0.953262396601358 -0.302142452630231 0.000861129737422245
0.979315474579717 -0.202337521612017 0.000853578707709598
0.994541364765378 0.104340134060075 0.000781149758562241
0.870241740103409 -0.492624439519906 0.000689470441217225
0.979405174636701 -0.201902823658722 0.000868155220958727
0.999982890921553 0.00584502802333507 0.000231325698918395
0.746581455611537 -0.665293619101707 0.000728367703359973
0.995286070286719 -0.0969794197155518 0.000794005576751434
0.909871297097991 0.414890066952222 0.000674582537323158
0.999984497041047 0.00556380530814919 0.000223042723882979
0.741264481963709 0.671212866958121 0.000504984093739791
0.949140155658827 0.314853015858637 0.000737102881782523
0.994996877970658 -0.099902478177084 0.000841238801352455
0.747146655911949 -0.664658786173104 0.00075665215756656
0.993817834183882 0.111020510917473 0.000747404630093879
0.741481134121331 0.670973518182874 0.000515402214233515
0.668697797356463 0.743534034326409 0.000628974489404108
0.977047566945983 0.213019874779533 0.000764770453290461
0.911618105555361 0.411037696539107 0.000664565631410702
0.949278955248107 0.314434261202957 0.00074866869459481
0.509297577035497 -0.860590315320681 0.000535912328436106
0.8630661287057 0.505090572868469 0.000608835246139866
0.806602669361645 0.591093733720609 0.000575964320198094
0.868492093017229 -0.495702376787953 0.000798757364399549
0.806454322714251 0.591296130986369 0.000557544662551082
0.807925954660619 0.589283787435303 0.000519279916672889
0.864172776092917 0.503194866615685 0.000582470156933087
0.864366344014404 0.502862295241668 0.000579102282930653
0.912476621389637 0.409128361240904 0.000632017155395419
0.994068330916182 0.108754420205363 0.000793445216283772
0.94976683802052 0.312957539191687 0.000729424147581104
0.911477159302673 0.411350171043511 0.000651806722481719
0.812809226711215 -0.582529457613745 0.00076940584337279
0.866654294064601 -0.498908306542884 0.000914462628203802
0.951452539259668 -0.307794113769543 0.000921447313191418
0.94984881498578 0.312708658032828 0.000723782713724878
0.976992668652051 0.213271476436569 0.000776362486041829
0.999995762145304 0.00289808593045121 0.000277108954146967
0.99999543134765 0.00300977729565917 0.000280222159884009
0.0866025340855467 0.996242874097266 0.00037000051576832
0.0999900965568593 -0.994988181289259 0.000706884179572527
0.675582137010512 -0.737284455606564 0.000638492946225586
0.110518672965151 0.993874000885726 0.000305433171767459
0.671953231673931 -0.740593268391451 0.000682096935692984
0.0778978308139571 0.996961298807614 0.000310860604498515
0.0841310457018428 0.996454658211423 0.000285092741988416
0.103577252244752 -0.994621119035565 0.000763142101991611
0.995026437140805 -0.0996075589454665 0.000850641993117948
0.978919883022057 -0.204242701329944 0.000884068736307476
0.0700411474743495 -0.997543856297607 0.000701728848294336
0.0724739081117333 0.99737026792549 0.000285133738555365
0.91353396013791 -0.406761451037636 0.00090863881896991
0.100412150836923 0.994945833037993 0.000435068542657453
0.0824964326135183 0.996591287442364 0.00038000001897605
0.0987670444335243 0.995110572770732 0.000137454620592447
0.0752894651670269 0.9971616811486 0.000279434716076095
0.936373358430789 0.351004979597406 0.000661754388211321
0.308991941127452 -0.95106419831343 0.000933276336711178
0.308998495644922 0.951062286854096 0.000675435438862089
0.220928206363955 0.975290048571138 0.000220886653423782
0.0721366359093081 0.99739471373634 0.000301281418632704
0.0856720359217272 -0.996323123736326 0.000731689357331195
0.251997638550715 -0.967727605294731 0.000687106533629115
0.427774665762233 0.903885406403129 -8.6159507214343e-05
0.426172357810719 0.904641948573025 0.000257526798613845
0.60548412344625 0.795857349481638 0.000235649292467757
0.409855212423685 -0.912150278395622 0.000757939262028805
0.416657906035425 0.909063267929923 0.000405263795157217
0.348517606840899 0.937302186986637 0.000296634388631509
0.402154716302424 -0.915571559655034 0.000550732753184258
0.743753428935916 0.668453582278341 0.000803296533515573
0.853064332946779 0.521805450547329 0.000561812393503859
0.0890995095877821 -0.996022391943048 0.000819841001059037
0.581516891634899 -0.813534201486596 0.000455801329810505
0.953676778755994 0.300832044720773 0.000826154168187484
0.870258652979304 0.492594565387762 0.000686341817349122
0.0730903789896541 -0.997325040688992 0.000748140260791038
0.358665907387392 0.933465877053503 0.00047249837287769
0.746335469234402 -0.665569514488917 0.000767297629684918
0.0784512711332382 0.996917918167418 0.000249988638924394
0.0950791746694413 -0.995469473150049 0.000691787931996455
0.999806094502916 0.0196911645232203 0.000177297901624015
0.999712686624129 -0.0239492612616367 0.000988477509743586
0.974946930369649 0.222436245321805 0.00077442232496242
0.0896759934820554 -0.995970816410598 0.000590805731917302
0.74948745518966 0.662018178317882 0.00069720154863707
0.749586099705462 -0.661906126053835 0.000979500259434808
0.0916487910455541 -0.995790965938741 0.00092263463955258
0.942442363845658 -0.334368562593257 0.000234900674919235
0.104565229912404 -0.994517237205957 0.00125602292871835
0.104557555987863 0.994518372040969 0.00096185176938456
0.0756215927924132 -0.997136177583113 0.000904465852347686
0.0740468565694013 0.997254677912817 0.000412811329366854
0.979826617561575 -0.199847516500791 0.000877306280423872
0.611198089175093 -0.791477525308163 0.000471933026941737
0.500311745430305 0.865845264558665 0.000367730630585068
0.220010832127 0.975497303282592 0.00049501027874082
0.104524546125243 -0.99452229951213 0.000122598601823169
0.104538355372307 0.994520807092534 -0.000310670352490188
0.0726136483533017 0.997360119510792 0.000223790618860394
0.0722980488104491 -0.997382912665214 0.000563614812343427
0.0759240799784887 -0.997113306427929 0.000766957484053977
0.0744159486349054 -0.997227001334747 0.000757890279118538
0.669116166972497 0.74315763432956 0.000534447121830245
0.475686431216532 0.879614817467029 0.000438233870278812
0.985175292780225 -0.171547575554134 0.00103528590092291
0.425702834734028 0.904862986475338 0.000268712382452672
0.805092265159034 0.593149307567503 0.000586100066069825
0.424229297559418 0.905554800366971 -8.13915139854914e-05
0.913535334120425 0.406758743477491 0.000719665266350894
0.500013878593632 -0.866017267500591 0.000462173736646175
0.993836754837443 0.110851384706693 0.000689378552669123
0.416803846078301 0.908996369315229 0.000393021715489692
0.993327524319594 -0.115324927300405 0.000768486995452746
0.675421456645689 -0.737431651641669 0.000644251236522076
0.809036628714581 -0.58775761507448 0.000848127411107931
0.85889452189447 -0.512152303705895 0.000466977958133076
0.913547868606408 -0.406731186045016 0.000184561925551162
0.264567818334333 -0.964366748119676 0.000802884109331075
0.44980379850946 -0.893127168011973 0.000636085979793939
0.936456011067023 0.350784399975854 0.000666385789604265
0.220982058569852 -0.975277628375279 0.000690927580858802
0.222526548597508 0.974926575892936 0.000326782736281703
0.337195022112836 0.941434793742599 0.000214925928777357
0.353243758719962 0.935531188466851 0.000492271464264708
0.225606546663981 0.97421842195133 0.000390426706874885
0.227962453825385 -0.973669659717432 0.000716513538046659
0.227927564991689 0.973678055547989 0.000263175316883086
0.226096115541337 -0.97410480009678 0.00062045590561991
0.473791640681468 0.880636860512353 0.000448472195495249
0.98710357284203 0.160080342311197 0.000905807942485192
0.351475502656828 -0.936196915422293 0.00055370200788968
0.0791839832088491 -0.996859777343511 0.000693626574952995
0.0734334690024847 0.997300042931399 0.00038729742016241
0.609628418677826 0.792687104497483 0.000587795687280319
0.0725643408632474 0.997363702554006 0.000247513326148835
0.0715221122286942 -0.997438792192923 0.000665801073441107
0.948054350018101 -0.318107572051441 0.000722506258287628
0.210946326540894 -0.977497391792783 0.000704526229712511
0.219231516777714 0.975672828836292 0.000270410671664146
0.21583148870014 0.976430594250253 0.000251192314225906
0.229696861117407 -0.973261950493285 0.000726439823693307
0.230096367088095 0.973167749799791 0.000438864981300584
0.34256728991128 0.939493253189754 0.000281236154096739
0.344573821735949 0.938759173371668 0.000309491233841405
0.985340599442516 -0.170595509763258 0.00103688903822212
0.21577256178995 0.976443558569165 0.00042250134671074
0.217364603009147 0.976090448072173 0.000257955305199382
0.239721829329311 -0.970841296203075 0.000788752015135732
0.248091118657037 0.968736686926253 0.00016806738787772
0.254483155999272 0.967077190108822 0.000177999650904587
-0.999999859250612 -0 -0.000530564564027668
-0.999999862290592 -0 -0.000524803578923565
-0.999999830281508 -0 -0.000582612183121855
-0.999999830528572 -0 -0.000582187965829097
-0.999999859235108 -0 -0.000530593784264591
-0.999999829303321 0 -0.000584288737822851
-0.999999849925127 -0 -0.000547859218756695
-0.99999982506505 -0 -0.000591497987009218
-0.9999998314981 -0 -0.000580520258683516
-0.999999828677064 0 -0.000585359583802783
-0.999999844499054 -0 -0.000557675413571833
-0.999999825481883 0 -0.000590792859648439
-0.999999853415069 0 -0.000541451605115429
-0.999999849146684 -0 -0.000549278262850723
-0.999999820753792 0 -0.000598742335310293
-0.999999861912612 -0 -0.000525523316438807
-0.999999819706411 -0 -0.000600489088376949
-0.999999833884508 0 -0.000576394792049245
-0.999999824777651 -0 -0.000591983671563628
-0.999999826589876 -0 -0.000588914440867544
-0.999999840029291 -0 -0.000565633620362517
-0.999999860988493 -0 -0.000527278858971547
-0.999999827323122 -0 -0.000587668040648574
-0.999999826286474 -0 -0.000589429403867594
-0.999999839956454 -0 -0.000565762375662002
-0.999999830179212 -0 -0.00058278773736915
-0.999999838423287 0 -0.000568465829491181
-0.999999852133841 -0 -0.000543812739911337
-0.999999858426689 -0 -0.00053211521564258
-0.999999835580067 -0 -0.000573445585428603
-0.999999819256355 -0 -0.000601238104285884
-0.999999824052907 -0 -0.00059320667230155
-0.999999822909036 0 -0.000595131831803368
-0.99999982894756 0 -0.000584897298714558
-0.999999835908751 0 -0.000572872123733323
-0.999999831392792 0 -0.00058070163369564
-0.999999857831317 0 -0.000533232918804972
-0.99999982248564 -0 -0.000595842838130373
-0.999999828740433 0 -0.00058525131758976
-0.999999847409264 -0 -0.000552432302105367
-0.999999844631208 -0 -0.000557438392058862
-0.999999826977324 0 -0.000588256170654635
-0.999999821406625 0 -0.000597651000266464
-0.99999984186266 0 -0.00056238301470236
-0.999999846729668 -0 -0.000553661123617625
-0.999999827470966 0 -0.000587416409015747
-0.999999828713043 -0 -0.000585298116533456
-0.999999850859786 -0 -0.000546150533433785
-0.999999830414419 -0 -0.000582384009166404
-0.999999826880956 -0 -0.00058841996695669
-0.999999843997746 0 -0.000558573615674773
-0.999999823215339 -0 -0.000594616927016173
-0.999999829482779 0 -0.000583981517890856
-0.999999826107059 -0 -0.000589733713414595
-0.99999986729151 -0 -0.000515186337318784
-0.999999863084842 0 -0.00052328796829236
-0.999999828992055 -0 -0.000584821221327175
-0.999999822258952 -0 -0.000596223166852119
-0.999999853745996 0 -0.000540840075625591
-0.99999983026957 -0 -0.000582632672211728
-0.999999820369943 -0 -0.000599383085011278
-0.999999830213303 0 -0.000582729238689272
-0.999999842882832 0 -0.000560566063209551
-0.999999821480055 -0 -0.000597528123938125
-0.999999822673882 0 -0.000595526828850967
-0.999999873998179 -0 -0.000501999628114237
-0.999999826113958 -0 -0.000589722013678763
-0.999999824424141 -0 -0.000592580532711295
-0.999999880002664 -0 -0.000489892495875688
-0.999999821591927 -0 -0.000597340869959737
-0.999999841235131 -0 -0.000563497749219508
-0.999999858745656 0 -0.000531515444087477
-0.999999863468848 -0 -0.000522553620655942
-0.999999850303195 -0 -0.000547168701503459
-0.999999837079937 -0 -0.0005708240537987
-0.999999820029547 0 -0.000599950725915823
-0.999999851969923 -0 -0.00054411408087406
-0.999999827144243 -0 -0.000587972350196521
-0.999999872054904 0 -0.000505855884640543
-0.999999824928303 -0 -0.000591729129550685
-0.999999825123886 -0 -0.000591398510151126
-0.999999844484382 0 -0.000557701723425428
-0.999999835170453 -0 -0.000574159443957137
-0.999999824280208 -0 -0.000592823374988086
-0.999999859838347 -0 -0.000529455650214672
-0.999999825364323 -0 -0.000590991813364819
-0.999999863921041 -0 -0.000521687549120116
-0.999999826182982 -0 -0.000589604958112785
-0.999999824007774 -0 -0.000593282749687806
-0.99999982486599 -0 -0.000591834427172792
-0.999999840404736 0 -0.000564969471190681
-0.999999840832585 -0 -0.000564211665925252
-0.999999823887991 -0 -0.000593484613785334
-0.999999827711493 -0 -0.000587006801844515
-0.999999826113958 -0 -0.000589722013678763
-0.999999843940517 -0 -0.00055867606112224
-0.999999844997968 -0 -0.000556780063641941
-0.999999842300057 0 -0.000561604720344228
-0.999999828219473 0 -0.000586140788557542
-0.999999866461173 0 -0.00051679554586156
-0.999999826339924 -0 -0.000589338716362929
-0.999999857694002 0 -0.000533490371210025
-0.999999858859146 -0 -0.000531301880244591
-0.999999856763747 0 -0.000535231245394515
-0.999999826736286 0 -0.000588665777824965
-0.999999829122067 -0 -0.000584598868136755
-0.999999837273622 0 -0.000570484645053244
-0.99999982422123 -0 -0.000592922851845926
0 0.00115276976872437 0.999999335560709
0 0.00114138820695681 0.999999348616268
0 0.999999427674187 -0.00106988377755245
0 0.999999456397659 -0.00104269093552902
0 0.00116719698348282 0.999999318825369
0 0.999999396910723 -0.0010982614398885
-0 -0.00115912755012068 -0.999999328211436
-0 -0.00109735142242047 -0.999999397909747
0 0.00110484157506948 0.999999389662361
0 0.00109585339186846 0.999999399552492
-0 -0.00116504062546123 -0.99999932133994
0 0.00106137534085474 0.999999436741034
-0 -0.00115885839826246 -0.999999328523381
0 0.00111291100944357 0.999999380714351
-0 -0.00111349040776865 -0.999999380069364
0 0.0011320753424013 0.999999359202504
0 0.00102858851498178 0.999999471002694
-0 -0.00114197051563988 -0.999999347951458
0 0.00104061362279293 0.999999458561498
-0 -0.00116911923060251 -0.999999316579879
0 0.999999446283484 -0.00105234629519326
0 0.00109593534815624 0.999999399462676
0 0.999999381228726 -0.00111244872478356
-0 -0.0011129080990642 -0.99999938071759
-0 -0.00114424096069993 -0.999999345356098
-0 -0.00113253168988444 -0.99999935868578
-0 -0.0011525385682044 -0.999999335827204
0 0.00111983363774079 0.999999372986115
0 0.0011313409280474 0.999999360033648
0 0.00108452456468456 0.999999411903061
0 0.00102780143181683 0.999999471811969
0 0.999999481936198 -0.00101790340146113
0 0.99999937139595 -0.00112125273868694
-0 -0.00113309350951449 -0.999999358049343
-0 -0.00112557418624337 -0.999999366541175
-0 -0.00113664254248628 -0.999999354021657
0 0.00114062463985144 0.999999349487504
0 0.00103872653247348 0.99999946052345
-0 -0.00110904602561089 -0.999999385008267
0 0.00116597986297973 0.999999320245249
0 0.00109017151605143 0.999999405762856
0 0.999999390124535 -0.00110442317891925
-0 -0.00111381217931137 -0.999999379711022
-0 -0.00115222843820149 -0.999999336184593
0 0.00112129662720666 0.999999371346739
-0 -0.00110988281789792 -0.999999384079876
0 0.00110166704956234 0.999999393164672
0 0.00115531518631998 0.999999332623187
0 0.999999426195688 -0.00107126481088186
0 0.00106626454586381 0.999999431539798
-0 -0.00116447601192917 -0.999999321997579
0 0.999999476522638 -0.00102320792083026
0 0.999999462760993 -0.0010365701737932
0 0.00115976829918006 0.99999932746852
0 0.999999439405419 -0.00105886205336043
0 0.00116858674766259 0.999999317202274
-0 0.999999435684717 -0.00106237010863087
0 0.999999470497016 -0.00102908001995381
-0 -0.00115862719774737 -0.999999328791283
0 0.00108899816741286 0.99999940704132
0 0.0010585022140126 0.999999439786375
0 0.00111273545535972 0.999999380909711
-0 -0.00116316808758825 -0.999999323519771
0 0.99999943369351 -0.00106424276332645
0 0.999999433394514 -0.00106452367317134
0 0.00114419707218102 0.999999345406316
0 0.00114969757247463 0.999999339097528
0 0.99999944942273 -0.00104935896496567
0 0.999999461808344 -0.00103748880610864
-0 -0.0011130602536978 -0.999999380548244
0 0.00110598849740153 0.999999388394535
-0 -0.00116483585119272 -0.99999932157849
-0 -0.00116888523613188 -0.999999316853419
-0 -0.00116212943151192 -0.999999324727364
0 0.00111588076054138 0.99999937740487
-0 -0.00109874118684733 -0.99999939638372
0 0.00115362402321196 0.999999334575585
0 0.999999471697695 -0.00102791260833263
0 0.00115427361983616 0.999999333825983
-0 0.999999427861995 -0.00106970822345434
0 0.00107086108302391 0.999999426628106
-0 -0.00115733405810566 -0.999999330288715
0 0.00112824544872174 0.999999363530901
0 0.00107035782018295 0.999999427166904
-0 -0.00116399032787554 -0.999999322563029
0 0.999999451343018 -0.00104752740474481
0 0.00113709609599818 0.999999353506025
0 0.999999420401376 -0.00107666007253184
0 0.00105270904492788 0.99999944590168
0 0.00108415308382637 0.999999412305873
-0 -0.00115666106204028 -0.99999933106737
0 0.00115333147190027 0.999999334913037
-0 -0.00110741341917217 -0.999999386817572
0 0.00109008664938251 0.999999405855372
0 0.00109062786357112 0.999999405265255
0 0.00112666837242401 0.999999365308988
0 0.00116265027294766 0.999999324121943
0 0.00115160235743634 0.999999336905785
0 0.999999455091135 -0.00104394321377301
0 0.00114598474351899 0.999999343359268
0 0.999999421597877 -0.00107554819112796
-0 -0.00116196272499943 -0.999999324921085
-0 -0.00116255376477826 -0.999999324234144
-0 -0.00115944652766859 -0.999999327841649
0 0.99999941863606 -0.0010782984476533
0 0.00107322512615701 0.999999424093749
0 0.00113115373245766 0.999999360245412
0 0.00109027384499787 0.999999405651295
0 0.000567169661770305 -0.999999839159274
0 0.000574074635421952 -0.999999835219143
0 0.000651457150604377 -0.999999787801768
0 0.000642588926409107 -0.999999793539715
0 0.000547121902559521 -0.999999850328801
-0 -0.000650883688991256 0.999999788175189
-0 -0.000521930391411213 0.999999863794324
-0 -0.000625785837028024 0.999999804196024
0 0.000542864770252479 -0.99999985264891
0 0.000554860724891609 -0.999999846064776
-0 -0.000523446002045648 0.999999863002132
0 0.000567234039419882 -0.999999839122759
-0 -0.000536070948849558 0.999999856313958
0 0.000552909197309583 -0.999999847145698
-0 -0.00059797283030868 0.999999821214231
0 0.000575721853496059 -0.99999983427216
0 0.000597416947345431 -0.99999982154648
-0 -0.000552385503161835 0.999999847435116
0 0.000591132268402116 -0.999999825281305
0 0.000699291641759113 -0.99999975549557
0 0.000543078334091385 -0.999999852532951
0 0.000531272601800057 -0.999999858874701
-0 -0.000652630441886953 0.999999787036731
-0 -0.000572471271783834 0.999999836138308
-0 -0.000569838016386385 0.999999837642304
-0 -0.000562049484923703 0.999999842050176
-0 -0.000552177760090317 0.999999847549849
0 0.000560399298319735 -0.999999842976301
0 0.000566253880973155 -0.999999839678258
0 0.000545547735094913 -0.999999851188823
0 0.000586219776326814 -0.999999828173172
0 0.000619498189820626 -0.999999808110978
-0 -0.000628679455077156 0.999999802381052
-0 -0.000563667424490458 0.999999841139505
-0 -0.000564916793276494 0.999999840434496
-0 -0.000569475208169263 0.999999837848981
0 0.000567359826129389 -0.999999839051401
0 0.000582934071380283 -0.99999983009392
-0 -0.000540679189702217 0.999999853832996
0 0.000559348941447205 -0.999999843564369
0 0.000554922192160472 -0.999999846030668
-0 -0.00067146693762549 0.99999977456605
-0 -0.000584373546356531 0.999999829253765
-0 -0.000555232322471457 0.999999845858522
0 0.000553646513499712 -0.999999846737757
-0 -0.000552016815962292 0.999999847638706
0 0.000523510379699831 -0.999999862968432
0 0.000563105662555473 -0.999999841455994
-0 -0.000666118547519585 0.999999778143016
0 0.000552403023661839 -0.999999847425438
-0 -0.000539002634977959 0.999999854738069
0 0.00063854244800472 -0.99999979613175
0 0.000603467573299476 -0.999999817913427
0 -0.999999756397026 -0.000698001353176715
0 0.00056518594540374 -0.999999840282411
0 0.000550413486482028 -0.999999848522485
0 0.000692822620107192 -0.99999975999838
0 0.000621183475555601 -0.999999807065526
-0 -0.000525529195410825 0.999999861909523
0 0.000548260036576937 -0.999999849705455
0 0.000577702659562923 -0.999999833129805
0 0.000542396606186717 -0.99999985290295
-0 -0.000531263812445933 0.999999858879371
-0 -0.000697053383676908 0.999999757058261
-0 -0.000694926302162557 0.999999758538688
0 0.000574013168151419 -0.999999835254428
0 0.000693197128017006 -0.999999759738842
0 0.000688738132282964 -0.999999762819864
0 0.000574253100053974 -0.999999835116675
-0 -0.000575762831676294 0.999999834248567
0 0.000530769338516674 -0.999999859141945
-0 -0.000527606509797161 0.999999860815676
-0 -0.000519765299878805 0.999999864922007
-0 -0.000521371598027918 0.999999864085819
0 0.000530327542504211 -0.999999859376339
-0 -0.000590634825903518 0.999999825575236
0 0.000559460118040617 -0.999999843502176
0 0.000675729890202791 -0.999999771694532
0 0.000577714359299002 -0.999999833123046
-0 -0.000690022600126926 0.999999761934377
0 0.000568778870177067 -0.999999838245285
-0 -0.000529651693557535 0.999999859734532
0 0.000541747067107446 -0.999999853255047
0 0.000592589322065035 -0.999999824418932
-0 -0.000522907639546718 0.999999863283791
0 0.000679916765365061 -0.999999768856569
0 0.000585257138353901 -0.999999828737026
-0 -0.000683746653072552 0.99999976624523
0 0.000573428006720534 -0.999999835590147
0 0.000577404228981377 -0.999999833302164
-0 -0.000539540997463081 0.999999854447745
0 0.000538051754929573 -0.999999855250144
-0 -0.000558128909300341 0.999999844246048
0 0.000552888708219894 -0.999999847157026
0 0.000569419619873502 -0.999999837880635
0 0.0005432070893957 -0.999999852463018
0 0.000539526387344829 -0.999999854455628
0 0.000540313412877718 -0.999999854030697
0 0.000663666667406398 -0.999999779773253
0 0.000582281563716988 -0.999999830474076
-0 -0.000686994347999202 0.999999764019355
-0 -0.000530263164850722 0.999999859410478
-0 -0.000520751279164245 0.999999864409044
-0 -0.000522895939810278 0.999999863289909
-0 -0.0006631955930334 0.999999780085778
0 0.000635066579026046 -0.9999997983452
0 0.000522957348874673 -0.999999863257796
-0 -0.000578972459275735 0.999999832395432
-0.000615083140474395 0.999999810836347 0
-0.000621335630320346 0.999999806970999 -0
-0.99999978014009 -0.000663113694893875 0
-0.999999802312981 -0.000628787721281617 0
-0.000628553668373988 0.999999802460123 -0
-0.999999777630177 -0.000666887994214075 0
-0.000621218574761091 0.999999807043722 0
-0.999999773942848 -0.00067239441808749 0
0.000530441687692704 -0.999999859315798 0
-0.000614793441058551 0.999999811014494 0
-0.000637796400737141 0.999999796607855 0
0.000530304143031605 -0.999999859388748 -0
-0.000645819042703021 0.99999979145886 -0
-0.999999814911935 -0.00060842098519317 0
-0.000628527358522142 0.99999980247666 0
0.000545091328974867 -0.999999851437711 -0
-0.999999798216982 -0.00063526844310803 0
-0.999999786658505 -0.000653209724261521 0
-0.999999781795799 -0.000660612105447259 0
0.000540366090794054 -0.999999854002233 0
-0.000613312987983486 0.999999811923572 0
-0.000624027384307429 0.999999805294893 0
0.000557388682733684 -0.999999844658916 -0
0.000538885637616551 -0.999999854801124 -0
-0.000633354983483494 0.999999799430712 -0
-0.000653578411415571 0.999999786417607 0
0.000525587694092779 -0.999999861878778 -0
0.000569402099374 -0.999999837890612 -0
-0.999999787445172 -0.000652004302366195 0
0.000557414992587292 -0.999999844644251 0
0.000564755849151904 -0.999999840525403 -0
-0.000645333358197139 0.999999791772407 -0
0.000566517212335807 -0.999999839529111 -0
-0.999999861868009 -0.000525608183183373 0
0.000561042958407288 -0.999999842615387 -0
-0.999999778898565 -0.000664983324060081 0
-0.999999778454759 -0.000665650383530522 0
-0.999999798374919 -0.000635019780086613 0
-0.000622350887934658 0.999999806339667 0
-0.000610044861903616 0.999999813922616 0
-0.999999768327131 -0.000680695001436749 0
-0.999999855383907 -0.000537803091880439 0
-0.000641210860642281 0.999999794424295 0
-0.00062663141937194 0.999999803666513 0
0.000543288987548113 -0.999999852418527 -0
-0.999999864823149 -0.000519955464252589 0
-0.99999978534733 -0.000655213929513793 0
-0.999999851839343 -0.000544354012774349 0
-0.999999849844978 -0.000548005494560134 0
-0.999999842781143 -0.000560747438217059 0
-0.999999778312539 -0.000665864005542246 0
-0.000612221652968541 0.999999812592306 0
-0.999999774239811 -0.000671952622135241 0
0.000554693960000201 -0.999999846157294 0
-0.999999789340975 -0.000649090137151436 0
0.000545237604778969 -0.999999851357966 -0
-0.000631418066174488 0.999999800655593 0
-0.00064460483143746 0.999999792242284 0
0.000551738874475275 -0.999999847792096 -0
-0.000609225589386492 0.999999814422073 0
0.000560747438217059 -0.999999842781143 -0
0.000568670603967389 -0.999999838306859 -0
-0.999999853674777 -0.000540971741312489 0
-0.000625025121417831 0.99999980467178 0
-0.000628799421016614 0.999999802305624 0
-0.999999763999281 -0.00068702356823126 0
-0.999999832281909 -0.00057916850261414 0
-0.000615001184119678 0.999999810886754 0
-0.999999809764049 -0.000616824014517559 0
-0.999999795256434 -0.000639911782633276 0
-0.999999832739137 -0.000578378508495908 0
-0.999999784343538 -0.000656744149997471 0
-0.999999869783412 -0.000510326522838745 0
0.000532425404172745 -0.999999858261584 -0
-0.000614094192698955 0.999999811444144 0
0.000544930384844965 -0.999999851525427 -0
-0.999999782131977 -0.000660103021486875 0
-0.000584748054321855 0.999999829034842 0
-0.99999981049969 -0.000615630234066402 0
-0.999999780448459 -0.000662648499491289 0
-0.999999822565818 -0.000595708262065929 0
-0.000604055645081287 0.999999817558372 0
-0.00065706015924053 0.99999978413595 -0
-0.999999788565391 -0.000650283917526744 0
-0.999999867797491 -0.000514203268407064 0
-0.000628375203759447 0.999999802572282 -0
-0.000634551616069144 0.999999798672103 0
-0.999999780452355 -0.000662642620520358 0
-0.999999760296268 -0.000692392523907639 0
-0.999999865581199 -0.000518495500117916 0
-0.000647451708651908 0.999999790403121 0
-0.00061232700879439 0.9999998125278 0
0.000559465938804669 -0.99999984349892 -0
-0.999999768623762 -0.000680259084463014 0
-0.999999814272289 -0.000609471400245577 0
-0.99999985476643 -0.00053895001526915 0
-0.000647624294288828 0.999999790291365 0
-0.999999821271971 -0.000597876263833743 0
-0.999999800304444 -0.000631973949102882 0
-0.999999799649342 -0.000633009695784863 0
-0.999999783701258 -0.000657721397958102 0
-0.999999856826361 -0.000535114248032395 0
-0.999999849334654 -0.000548935943710907 0
-0.999999791749755 -0.000645368457401019 0
0.000563061773994786 -0.999999841480707 -0
-0.000614468700644263 0.99999981121409 0
-0.000611323450896624 0.999999813141802 0
-0.999999785583076 -0.000654854031713642 0
-0.000624872966654134 0.999999804766869 -0
-0.999999795069184 -0.000640204334209563 0
-0.999999763572914 -0.000687643886981926 0
-0.999999848011558 -0.0005513409670394 0
-0.999999816618692 -0.000605609265184014 0
-0.000617675417639409 0.999999809238521 0
-0.999999869586245 -0.000510712730563959 0
0.000552929686399271 -0.999999847134369 0
-0.999999777061985 -0.000667739455461427 0
-0.000606709389565669 0.999999815951841 0
-0.000582963291616392 0.999999830076886 0
-0.999999823512733 -0.000594116574138632 0
-0.000647770628282447 0.999999790196585 0
0.00052919522921815 -0.999999859976195 -0
-0.999999768880473 -0.000679881607953865 0
-0.999999762112032 -0.000689765089557494 0
-0.9999997768998 -0.000667982297703706 0
-0.000648007591563197 0.999999790043059 -0
-0.999999762676762 -0.000688945875326431 0
-0.999999862141602 -0.000525087399394695 0
0.000545047440412865 -0.999999851461633 -0
-0.999999802176805 -0.000629004253690473 0
-0.999999842326338 -0.000561557921401413 0
-0.999999776082122 -0.000669205279945894 0
-0.000606645011916729 0.999999815990898 -0
-0.999999807820842 -0.000619966353851357 0
-0.999999848459684 -0.000550527573459163 0
-0.999999861728035 -0.000525874424945744 0
0.000552786320979081 -0.99999984721363 0
-0.000628866709044751 0.999999802263312 0
-0.999999780110986 -0.000663157583449102 0
-0.99999979779855 -0.000635926771471748 0
-0.000627798831739081 0.999999802934294 0
-0.999999811129564 -0.00061460624529368 0
-0.000553406581603094 0.999999846870566 -0
-0.999999864826175 -0.000519949643488165 0
-0.999999851436124 -0.000545094239356963 0
-0.000612751226064231 0.99999981226795 0
-0.999999826350283 -0.000589321137655347 0
-0.000638156240341563 0.999999796378286 -0
-0.999999823295352 -0.000594482350951434 0
0.000567751912790594 -0.99999983882887 -0
-0.999999860017992 -0.00052911624144605 0
-0.999999767272353 -0.000682242800638926 0
-0.999999754044846 -0.000701363134965611 0
-0.999999801019359 -0.000630841694157435 0
-0.999999838674336 -0.000568024033506167 0
-0.999999761520342 -0.000690622371579247 0
-0.999999808714068 -0.000618523910378021 0
0.000550697306941432 -0.999999848366226 -0
-0.999999783451035 -0.000658101726635582 0
0.000543613786190841 -0.999999852242015 -0
-0.000596518687041764 0.999999822082712 0
-0.00057985901987118 0.999999831881744 -0
-0.000610609534207599 0.999999813577981 0
-0.999999797389022 -0.000636570431510382 0
-0.000612525962503037 0.999999812405955 -0
-0.999999775839263 -0.000669568088139018 0
-0.99999985525171 -0.000538048844547444 0
-0.000578103477386852 0.999999832898171 0
0.000540073539183494 -0.999999854160276 0
-0.999999836188554 -0.000572383494663856 0
0.000558403940402369 -0.999999844092508 -0
-0.999999756027243 -0.000698530926214655 0
-0.999999831805388 -0.000579990685557288 0
-0.99999976341999 -0.000687866240141867 0
-0.000581520848046862 0.999999830916737 0
-0.999999857898414 -0.000533107073880736 0
-0.000648961440071461 0.999999789424503 0
-0.000604825150074456 0.999999817093252 -0
-0.999999792847281 -0.000643665593037561 0
-0.000616153986394949 0.999999810177114 0
0.00054181732373161 -0.999999853216983 -0
-0.000635008080351754 0.999999798382349 0
-0.99999976550645 -0.000684826288266274 0
0.000547566608942071 -0.999999850085393 -0
-0.999999804113621 -0.000625917502703196 0
-0.000633536358478167 0.999999799315821 0
-0.000609661564601796 0.999999814156371 -0
0.000550893292069906 -0.999999848258279 -0
-0.000624908065859382 0.999999804744936 0
0.000555015790047137 -0.999999845978724 -0
0.000553020373904189 -0.999999847084221 -0
-0.999999758752136 -0.000694619082277456 0
-0.00061250838379619 0.999999812416722 0
-0.000639815216165859 0.999999795318224 0
-0.999999821322672 -0.000597791455302093 0
-0.0006477413498422 0.99999979021555 -0
-0.999999793370503 -0.000642852199543362 0
-0.00057162865799761 0.999999836620325 0
-0.000601056671072723 0.999999819365423 -0
-0.000624445780804335 0.999999805033714 -0
-0.000595442020318961 0.999999822724385 0
0.000535307322783702 -0.999999856723025 -0
0.00056159593099054 -0.999999842304993 -0
-0.999999820711759 -0.000598812533724154 0
0.000564088789597076 -0.999999840901906 -0
0.000544991852114835 -0.999999851491929 -0
-0.99999984108835 -0.000563758170201385 0
-0.000595111400921588 0.999999822921195 0
-0.999999796764602 -0.00063755058989108 0
0.000540190536544678 -0.999999854097081 -0
-0.000607426216641737 0.999999815516679 -0
0.000551958317282836 -0.999999847670996 -0
-0.999999796002794 -0.000638744370292999 0
-0.000592147526072242 0.999999824680638 0
-0.99999984146917 -0.000563082263084126 0
0.000565583852830386 -0.99999984005744 -0
-0.000600216967660638 0.99999981986978 0
0.00054799967379597 -0.999999849848167 0
-0.99999975687674 -0.00069731374641642 0
0.000548707711548375 -0.999999849459912 0
-0.000589689824853312 0.99999982613294 0
0.000576157828737335 -0.999999834021064 -0
-0.000569788307062249 0.999999837670629 0
-0.000616867903076686 0.999999809736977 0
0.000561666187612396 -0.999999842265534 -0
-0.000617684206992749 0.999999809233092 0
0.000560343710023119 -0.999999843007451 -0
0.000556783032231621 -0.999999844996315 -0
-0.000600608996115003 0.999999819634401 0
0.000557927045202519 -0.999999844358694 -0
-0.999999792485536 -0.000644227354924072 0
-0.999999814673305 -0.000608813071849341 0
-0.000592867263549124 0.999999824254188 0
-0.99999976795652 -0.000681239242817487 0
-0.000606217826052551 0.999999816249957 0
-0.000582501006526226 0.999999830346274 -0
0.000555311310240202 -0.999999845814663 -0
-0.000606925921983386 0.999999815820446 0
-0.000595526828850967 0.999999822673882 0
0.000552084103995569 -0.999999847601559 -0
-0.000607873891593925 0.999999815244649 0
-0.999999789025566 -0.000649575879861408 0
-0.999999860537666 -0.000528133172555761 0
0.0005575964258034 -0.999999844543101 -0
-0.999999784116751 -0.00065708937947261 0
-0.000598151294933203 0.999999821107498 0
-0.000637509669923088 0.99999979679069 0
0.000565738917983119 -0.999999839969726 -0
0.000563003275316411 -0.999999841513643 -0
-0.000600884027213112 0.999999819469177 0
-0.000569934582860309 0.999999837587272 0
-0.000587395978133688 0.999999827482968 0
-0.000613792851754897 0.99999981162915 0
-0.000599625927285115 0.999999820224358 0
-0.000613450532633195 0.999999811839204 0
-0.999999841750752 -0.00056258196841666 0
0.000554056120669918 -0.999999846510896 -0
0.00055829276380876 -0.999999844154583 -0
-0.000643879215058511 0.999999792709757 0
-0.000608303987838765 0.999999814983112 0
0.000553459259518299 -0.999999846841412 -0
-0.999999786362175 -0.000653663219938339 0
-0.999999783630081 -0.000657829605948862 0
-0.000624600845950016 0.999999804936873 0
-0.999999774695714 -0.000671273804691111 0
-0.000576172438855562 0.999999834012647 0
-0.99999977960429 -0.000663921209384853 0
-0.000602428916178811 0.999999818539684 -0
-0.00061041936985171 0.999999813694079 0
-0.000617207311814326 0.999999809527549 0
-0.000604295576971103 0.999999817413411 0
-0.000597305770752715 0.999999821612892 0
-0.000593013539350015 0.999999824167456 0
-0.99999980649986 -0.000622093435553914 0
-0.000604357044238346 0.999999817376265 0
-0.000624305383983206 0.999999805121375 -0
-0.999999803618838 -0.000626707496753542 0
-0.999999813288449 -0.000611083519009883 0
0.000569887783918156 -0.999999837613944 -0
-0.000609930716723861 0.999999813992243 0
-0.999999800099127 -0.000632298747714175 0
-0.999999840019381 -0.000565651140862133 0
-0.00061505095165042 0.999999810856146 0
-0.000601518956147654 0.999999819087456 0
-0.999999853410341 -0.000541460336261767 0
-0.000586366052129425 0.999999828087412 0
-0.000613675796194006 0.999999811700991 0
-0.999999748294574 -0.000709514473450936 0
-0.999999811753068 -0.000613590929457153 0
-0.999999750419949 -0.000706512589503797 0
-0.999999817731533 -0.000603768914249217 0
0.00055072943755947 -0.999999848348532 -0
-0.000577661681382826 0.999999833153477 0
-0.000582925282026393 0.999999830099043 0
-0.999999769669504 -0.00067872007460739 0
-0.999999829009177 -0.00058479194288352 0
-0.000607069287398618 0.999999815733423 -0
-0.000590330574564643 0.999999825754891 0
0.000552362103690068 -0.999999847448042 -0
-0.999999787790316 -0.000651474729309925 0
-0.000605840407719622 0.999999816478683 0
-0.000576400671021119 0.999999833881119 0
-0.000600433441873261 0.999999819739825 0
-0.000587545164318054 0.999999827395325 0
-0.99999978196392 -0.000660357563467131 0
-0.999999849679764 -0.000548306893728429 0
-0.000601015692894317 0.999999819390052 0
-0.00060440966394439 0.999999817344462 0
-0.999999798796447 -0.000634355630958138 0
-0.000582044600407503 0.999999830612027 0
-0.000608064055950698 0.999999815129035 0
0.000550662149526042 -0.999999848385587 -0
-0.000629358272537235 0.999999801954063 0
-0.999999836312437 -0.000572167020453455 0
-0.999999861691086 -0.000525944681571695 0
-0.000622306999375977 0.99999980636698 -0
-0.000609585487217789 0.99999981420275 0
0.000565308821731687 -0.999999840212955 -0
0.000562365435995008 -0.999999841872546 -0
-0.999999821177474 -0.000598034297576624 0
0.0005567888529957 -0.999999844993074 0
-0.999999831309529 -0.00058084499911757 0
-0.000624255616453319 0.999999805152444 -0
0.000559939923621265 -0.999999843233629 -0
-0.999999849304138 -0.000548991532008577 0
0.000553049652347687 -0.999999847068029 -0
-0.999999843759072 -0.000559000743341423 0
-0.000559120709288623 0.999999843692004 0
0.000554404318778576 -0.999999846317914 -0
-0.00064186913079087 0.999999794001988 0
-0.000618052835964137 0.999999809005328 0
-0.000627345277832088 0.999999803218932 0
-0.000612856581889977 0.999999812203387 0
-0.999999844072907 -0.000558439039609666 0
-0.999999785923977 -0.000654333248013054 0
-0.000624793978890407 0.999999804816223 -0
-0.999999857948307 -0.000533013475990724 0
-0.000591854916262332 0.999999824853864 0
-0.000570876731712357 0.999999837049865 0
-0.99999980480524 -0.000624811557596853 0
-0.999999833882797 -0.000576397760639003 0
-0.999999792195155 -0.000644677940227068 0
-0.999999792877403 -0.0006436187940989 0
-0.999999794900564 -0.000640467665552662 0
-0.000607502294026044 0.999999815470464 0
-0.999999797735285 -0.000636026248321685 0
-0.000586409940690965 0.999999828061676 0
-0.999999792376175 -0.000644397088387952 0
-0.999999845064724 -0.000556660155901911 0
-0.999999861336932 -0.000526617620140158 0
0.000538821259963945 -0.999999854835814 -0
-0.000560153545661779 0.99999984311399 0
-0.000625940902173316 0.999999804098974 0
-0.000586755170211395 0.99999982785917 -0
0.000555542452782283 -0.99999984568628 0
-0.99999982660537 -0.000588888131013793 0
-0.000624477969627747 0.999999805013614 0
-0.00062896327551418 0.99999980220258 0
-0.999999766511212 -0.000683357535039292 0
-0.999999806478024 -0.000622128534759345 0
-0.999999789843931 -0.000648314811458833 0
-0.999999788470259 -0.000650430193311972 0
-0.000632591299294713 0.999999799914104 0
-0.999999806417943 -0.000622225101229996 0
0.000545465836942801 -0.999999851233499 -0
-0.99999984027412 -0.00056520061372901 0
-0.999999797034972 -0.000637126372640962 0
-0.000621423407437862 0.999999806916456 0
-0.000615182617328223 0.999999810775156 0
-0.99999980090676 -0.000631020158771144 0
-0.999999846411968 -0.000554234643504991 0
-0.999999849273619 -0.000549047120306243 0
-0.000637930976791105 0.999999796522014 0
-0.000615317193387907 0.999999810692358 0
0.000541378438109109 -0.999999853454683 -0
-0.000604646685452081 0.999999817201176 0
-0.999999772806289 -0.000674082614131697 0
-0.000610630023296445 0.99999981356547 0
-0.000637161471845396 0.999999797012609 -0
0.000557435481676826 -0.99999984463283 -0
0.000555185523528143 -0.999999845884505 -0
-0.000612996978714089 0.999999812117334 0
-0.99999978810282 -0.000650994865572818 0
0.00055453598446254 -0.999999846244909 -0
0.000563971734032883 -0.999999840967929 -0
-0.999999810348331 -0.000615876044922595 0
-0.999999861758796 -0.000525815926263816 0
-0.000610059472020962 0.999999813913703 0
-0.000632298747714175 0.999999800099127 0
-0.999999802605382 -0.000628322525848099 0
-0.999999773984176 -0.000672332950824592 0
0.000552324035892713 -0.999999847469068 0
-0.000630762706394596 0.999999801069184 0
-0.999999854381441 -0.00053966387379625 0
-0.999999788382718 -0.00065056476936265 0
-0.999999849723102 -0.000548227847751127 0
-0.999999801250039 -0.00063047591736907 0
-0.999999843947086 -0.000558664303178838 0
-0.99999983392329 -0.000576327504014726 0
-0.000583217833633267 0.999999829928465 0
0.000560487075441501 -0.999999842927107 -0
-0.999999856339045 -0.000536024149904776 0
-0.999999861014733 -0.000527229091436286 0
0.000554585693787954 -0.999999846217342 -0
-0.00061569170133237 0.999999810461846 -0
-0.000563167129823487 0.999999841421379 0
-0.00062151997390864 0.999999806856442 0
0.000552625376851218 -0.999999847302585 -0
-0.999999803283159 -0.000627242890598667 0
-0.999999849816109 -0.000548058172475808 0
-0.000622614219286662 0.999999806175748 -0
0.000543063723973218 -0.999999852540885 0
0.000555244022207285 -0.999999845852026 -0
0.000540389490266281 -0.999999853989589 -0
-0.999999817671467 -0.000603868391105102 0
-0.999999822422859 -0.000595948193959349 0
-0.999999752869695 -0.000703036662585746 0
-0.000588402446456721 0.999999826891266 0
-0.00062290095010879 0.999999805997185 0
-0.000625973090996639 0.999999804078825 0
0.00054751102064427 -0.99999985011583 -0
-0.999999803327188 -0.000627172692188476 0
-0.000608859870791063 0.999999814644812 0
-0.999999858157218 -0.000532621389307037 0
-0.000550776294710771 0.999999848322725 0
-0.000627649587358024 0.999999803027978 0
-0.999999816368747 -0.000606021840931212 0
-0.999999751446263 -0.000705058446458698 0
0.000542680426649852 -0.999999852748966 -0
-0.999999853880452 -0.00054059141257758 0
0.000561692497465815 -0.999999842250757 -0
-0.000581026432337233 0.999999831204128 0
0.000554901703070851 -0.999999846042038 0
-0.000651609305360328 0.999999787702634 -0
-0.999999827034125 -0.000588159604178029 0
-0.000637869509527707 0.999999796561224 -0
-0.000635569842247596 0.999999798025467 0
-0.999999754030517 -0.000701383565844387 0
-0.999999820871152 -0.000598546291978667 0
-0.999999788302771 -0.000650687645678787 0
0.000541290660984572 -0.999999853502199 -0
-0.999999850471249 -0.000546861481570426 0
-0.000626824494103958 0.999999803545507 -0
-0.999999790486475 -0.000647322953363888 0
-0.00061492807532597 0.999999810931713 -0
0.000561244880711695 -0.99999984250208 -0
-0.000632591299294713 0.999999799914104 -0
0.000558538516467484 -0.999999844017351 -0
-0.000626113546024965 0.999999803990895 0
-0.999999853518047 -0.000541261382540509 0
-0.999999761176713 -0.000691119755804234 0
-0.999999782587551 -0.000659412504332837 0
-0.000577810925777373 0.999999833067253 0
-0.999999834196349 -0.000575853519183112 0
-0.999999788643396 -0.000650163951592231 0
-0.999999805461 -0.000623761142574253 0
-0.000574469632484143 0.999999834992307 0
-0.999999824978518 -0.000591644262810465 0
-0.999999803501466 -0.000626894750721832 0
-0.999999831182043 -0.000581064441927358 0
-0.999999757897818 -0.000695847903609048 0
-0.000649836242610375 0.999999788856407 0
-0.000631959338986133 0.999999800313677 0
-0.000630926502683918 0.999999800965854 0
-0.999999801758832 -0.000629668402825686 0
-0.999999784458816 -0.000656568595774312 0
-0.000625785837028024 0.999999804196024 -0
-0.999999807165453 -0.000621022589645164 0
-0.999999786249309 -0.000653835863780801 0
0.000532571679979842 -0.999999858183693 0
0.000552394292515658 -0.999999847430261 -0
-0.000615565914626153 0.999999810539284 -0
0.000563585526340815 -0.999999841185665 -0
-0.999999795166583 -0.000640052179450249 0
0.000560405119083778 -0.999999842973039 -0
-0.00061609548771858 0.999999810213157 -0
0.000549980421629851 -0.999999848760756 0
0.000554187786353958 -0.999999846437937 -0
-0.999999857559727 -0.000533742002850674 0
-0.999999779285583 -0.000664401073109721 0
0.000555325978565716 -0.999999845806517 -0
-0.999999850950851 -0.000545983768539979 0
0.000554392619042732 -0.9999998463244 -0
0.000557414992587292 -0.999999844644251 -0
0.000547809509430728 -0.999999849952359 -0
-0.000622950717638803 0.999999805966183 0
-0.999999797251161 -0.000636786963916039 0
-0.999999768281326 -0.000680762289462037 0
0.000557710512779173 -0.99999984447948 -0
-0.999999796486551 -0.000637986565083281 0
-0.000634244396165373 0.999999798867003 0
-0.000639276853744104 0.999999795662531 0
-0.999999791883805 -0.000645160714351817 0
-0.000636049647791357 0.999999797720402 -0
-0.000640728086513854 0.999999794733739 -0
-0.0243096609982776 -0.0063466210267939 -0.99968433056825
0.290303295112416 0.956934371345008 -0.000778322174399837
0.826422584433186 0.563048953677416 -0.00126004029363003
-0.00312185701838227 0.00704401698708961 0.999970317476195
0.017455782926711 0.00473729633185671 -0.999836413452661
0.222386365184758 0.974958154413641 -0.000949590573897337
0.240238950708116 0.970713104920927 -0.00114651534565571
0.00192812975249216 0.00113593748981091 -0.999997495977703
0.703145175001482 0.711044917971445 -0.00140978690453832
0.00390627257142922 0.00491328770377656 -0.999980300125226
0.380198118265567 0.924904257837668 -0.00122666257588516
-0.00188032222638595 -0.000136039404035099 -0.999998222939224
0.00106912414493125 0.000451909559011766 0.99999932637543
0.00469340799004622 -0.00815416770770927 0.999955739755732
0.711939929231142 0.702238875151797 -0.00144892784364053
-0.980784818752495 0.195090224302191 0.000971435204104406
-0.980784813544463 0.195090223266249 0.000976886113441893
-0.000731655487147818 0.000303061630880133 -0.999999686416899
-0.92387924123398 0.382683318177729 0.000790952215627956
0.00122173452680164 -0 0.999999253682095
0.00123219442732896 -0 0.999999240848158
0.00118511924440069 0.000235734867418782 0.999999269960458
0.00119738971308013 0.000238175615319029 0.999999254764848
-0.000696301675667284 0.000465253899127245 -0.999999649351331
-0.000699705110502154 0.000467528001549635 -0.9999996459151
-0.00052248946520223 0.000521046705924876 -0.999999727757508
0.240084410714551 0.970751449543109 -0.00104830424956745
0.083948229695668 0.99646966822593 -0.000946063776549663
0.00141082367060042 0.00109993956981815 -0.999998399853476
0.239876834924036 0.970802794218002 -0.00101921800706877
0.0017337029474562 0.00119706734002979 -0.999997780649474
0.404610518391187 0.914488573852769 -0.000988281307381874
-0.00292103167298238 -0.000360159357949728 -0.999995668920222
-0.00189589546538436 0.00056900652876839 -0.999998040904058
0.0849776161665185 0.996382440362854 -0.0009150339988032
-6.07347892063156e-05 0.000712524869128752 -0.999999744309765
0.0828554203564155 0.996561126103737 -0.000949345254648549
-6.01377473565235e-05 0.000723635731684468 -0.999999736367355
-0.0144621213820995 0.024452555964952 -0.999596378320725
0.0146593411118823 -0.024306869918059 -0.999597058715637
0.00977665951245649 -0.026678863058361 -0.999596246088735
0.00729588223975988 -0.0278190976069859 -0.999586348401516
0.00175516155077502 -0.0292739350965958 -0.999569885566733
-0.00671315219238088 0.0280923333629383 -0.99958279016491
-0.00368898636278931 -0.0284671001042958 -0.999587922891862
-0.0011669278385322 0.0289209846617659 -0.999581019690557
-0.00942246158011256 -0.0277320476140397 -0.999570983348808
0.00390560019705119 -0.0279873161823306 0.999600648469183
0.00475026747042031 0.0285619368749629 -0.999580737469921
0.0102567176901572 0.0270969909795083 -0.999580188290105
-0.0141946966596674 -0.0249129835396095 -0.999588842393659
0.00723970655130272 0.0271462037098364 -0.999605257225669
0.0155166028716471 0.0244393141602506 -0.999580889652608
-0.92384858288597 0.382757151587647 0.000871095916317216
0.471352428320179 0.881943321123833 -0.00169311598334795
0.560207075262046 0.828350955499859 -0.0016514686842797
-0.00696342232422491 0.0275273232318541 0.999596797326414
0.774045197964002 0.633129016715348 -0.00129603314930202
0.00361527074887697 0.0281445523130761 0.999597325923048
-0.00115355960680774 -0.028385893326595 -0.999596373723057
-0.881910203683489 0.471416740866806 0.000805648474794344
0.77292823236121 0.634491923910258 -0.0013950310515784
0.70811825324744 0.706091978996509 -0.00162991244768784
-0.025706988285544 -0.0138423596387365 0.99957367904168
-0.00378972500147863 0.0281273654378256 -0.999597163510351
-0.0230062896096255 -0.0179040693777337 -0.999574987151097
0.708626067111474 0.705582277903873 -0.00165714154694787
-0.956947667423248 0.290258979182626 0.000941709650306913
-0.0191548052381868 0.0209670872136705 -0.99959665600184
0.634354693050596 0.773040271031066 -0.0016919718970501
-0.773020208233579 0.634381160738268 0.000548236154549349
0.634417605772582 0.772989715269088 -0.00109616330833476
-0.881930960167689 0.471378013034615 0.00074183909080166
-0.831466878074991 0.55557392966555 0.00066282743306399
0.00175091878258167 0.0283649045486328 -0.999596101669751
-0.00645499724932805 -0.0276493577564578 -0.999596841744794
0.00445575455726293 -0.0280327482933784 -0.999597074462728
-0.00932439851443046 0.0268111357746618 -0.999597028102233
0.88160845959854 0.471979633135212 -0.00132282645901372
0.824877191109495 0.565310394290761 -0.00133330196662173
0.0167150755960633 0.0215201460242517 -0.999628675840641
-0.0120629396013876 0.0260238780394092 -0.999588536979073
-0.0168430331589848 0.0228292447638411 -0.999597487900764
0.0201051573284676 0.0194329032423735 0.999608996018128
-0.0219048897157192 -0.0184313254812946 0.999590147034046
0.0226729696889125 0.0148214095319292 0.999633063811403
0.0122146480028747 -0.0255208138230857 -0.999599665083964
-0.018952001980174 -0.0220576858821937 -0.999577050614141
-0.0200875164335776 -0.0208462761581197 0.999580874393798
-0.00921369754305429 -0.0053243151831748 -0.999943378119689
0.560819284254726 0.827937450603812 -0.00114380753514186
-0.0239159334078921 -0.0077207741106244 0.999684159010416
0.290251838357213 0.956949349916173 -0.00134611488077183
0.641026081179828 0.767517441317735 -0.00159390097234584
0.0194466988056415 0.0157069711287065 0.999687509656655
0.698777339843534 0.715337715667089 -0.00147711386988368
-0.0242026526480507 -0.0228271970546505 -0.999446422115476
5.21218155765108e-05 -0.000699834484448871 0.999999753757475
0.0200089920648422 0.0083760087802819 0.999764713676904
0.400738598594711 0.916191343476034 -0.00141341286519305
-0.023827429125368 -0.00275448200316424 0.999712291837091
0.560944292683764 0.827851964999659 -0.00162004682461598
-0.0230027054208667 -0.0160526880191053 0.999606515960496
0.0730181068296692 0.997330258241877 -0.000843842522363579
-5.5710395766319e-05 0.000760929936542862 -0.999999708940949
0.0730180962985877 0.997330114401306 -0.00100026057027147
-0.024887166638634 -0.00138392613179628 -0.999689308578002
0.0980302658770473 0.995183292740781 -0.00052992611954577
0.0979836005667894 0.99518711464485 -0.00134939424401838
-0.00489979357141513 -0.00238276239732822 -0.999985157123002
0.564473663394786 0.825450314027239 -0.00112356842356801
0.229191526917821 0.973380803082049 -0.00102770638934567
-0.0109412988380918 -0.00184306958357885 -0.99993844364253
-0.0180849851669152 -0.025791164677229 -0.999503751436734
0.92402265450311 0.382336322720075 -0.00103455010389353
0.0135884437618018 -0.0292657139113784 0.999479300528725
0.00129871717719271 0.0315504726984853 0.999501316160312
-0.00511938426321547 0.0312665459962608 0.999497971486801
-0.012881008872461 -0.028786178309084 -0.999502594068062
-0.00698512284226753 -0.0307481606199103 -0.999502755712745
0.716613772412074 0.697468500440679 -0.00154663582217813
-0.926442969659484 0.376434601728147 0.000643886858651138
-0.00544532806528035 -0.031801736825648 0.999479363437352
0.00134201448482575 -0.0322381597142468 0.999479314470971
0.00755167080572907 -0.0313856250547748 0.999478821590514
-0.827722025663265 0.561137498068231 0.000978004922192691
0.0218591964755023 0.0230864871032199 -0.999494467039552
0.394982988198755 0.918687731220555 -0.00113645871534964
0.555847639275346 0.831283590377704 -0.000997136288565462
0.0249711344900371 0.0177079101024657 -0.999531326353548
-0.0276410219962254 -0.0111357955658233 -0.999555885361154
0.0234708224847243 0.0111586886742321 -0.999662245040275
0.399635325293409 0.916673659861514 -0.00100403870828897
0.510454507184582 0.859903908821523 -0.0012098299099062
0.0145496534160355 0.00936238033541999 -0.99985031550724
-0.0206163769855265 -0.00933960319255368 0.999743835595997
0.398257243487437 0.917272724375435 -0.0013846034288096
-0.0312961126124086 -0.0153920183343555 -0.999391634499182
0.471417790984046 0.881909742181393 -0.000687742154995164
0.0108970843067388 0.00569089644897072 -0.999924430770255
0.396335243642412 0.918105381642052 -0.000939599282460635
0.643071445938013 0.76580456039951 -0.00157819216432736
0.0211212456636471 0.0182386815619678 -0.999610545901001
-0.0164138543195851 0.0335915009393223 0.999300853822821
0.0182638991941241 -0.0253910656150592 0.999510742199982
0.956627002492776 0.291313595098859 -0.00108046853944856
-0.00260918854088108 -0.0360322997617254 0.999347219693455
0.0162987804405671 0.0321313283433238 -0.99935075298668
-0.0209695214094426 0.0280373995327453 0.999386903756148
-0.956930821577087 0.290314809467643 0.000845055955811873
-0.00236448215834207 0.037310398958228 0.999300927325548
-0.772991445909612 0.634415951054184 0.000790947901299893
0.00885958369499436 -7.87723962089539e-06 0.99996075308719
0.0774358737593755 0.996996962716909 -0.000861271374684881
0.0121125638772368 0.00169411951271503 -0.999925205080558
0.0766792494229949 0.997055317681932 -0.000993071048581592
0.229004250224706 0.973424736806669 -0.00115548772681751
0.566398524648524 0.824130761324269 -0.00109522374691833
-0.0176666918909992 -0.0111335000144317 -0.99978194281306
0.0190760921325495 0.00386650774423266 0.999810558469361
0.233697734833091 0.972308646883576 -0.00112424610787683
-0.00845577530745269 -0.00272846021691064 0.999960526905335
0.507768930765812 0.861492466518444 -0.00120128302727946
0.0159861507334342 0.00847519505388077 0.999836293626875
-0.999999669561967 0.000812942776088981 0
-0.999999757649345 0.000696204891019127 0
0.000715351534634981 0.999999744136058 -0
-0.999999763246869 0.000688117871741331 0
-0.999999749269322 0.000708139318170384 0
0.000718654817632084 0.999999741767593 -0
-0.999999748692995 0.000708952711605386 0
-0.999999654660238 0.000831071239398204 0
0.000704379629060964 0.999999751924638 -0
-0.999999645814136 0.000841648146147453 -0
0.000727013898842131 0.999999735725361 -0
-0.99999980428573 0.000625642471617754 0
0.000651325484935647 0.999999787887534 -0
0.000736862338464106 0.99999972851691 -0
-0.999999680403301 0.00079949565136824 0
-0.999999763031411 0.000688430912393917 0
-0.999999744313951 0.000715102813431448 -0
-0.999999755892356 0.000698724000930583 0
-0.999999708967733 0.000762931484009078 0
-0.999999667401103 0.000815596519709273 0
-0.999999760280066 0.000692415923376077 0
-0.999999752960166 0.00070290796551218 0
0.000709710516751557 0.999999748155459 -0
-0.999999704256714 0.000769081585465708 0
-0.999999752805893 0.000703127408283459 0
-0.999999702810292 0.000770960003780196 0
0.00069149135333372 0.999999760919826 -0
-0.999999659655924 0.00082503820304654 -0
-0.999999800034382 0.000632401134946618 0
-0.999999700833289 0.000773520091595374 0
-0.999999643236146 0.000844705617785135 0
-0.999999747255532 0.000710977405834501 0
0.000683892928856702 0.999999766145204 -0
-0.999999632489544 0.000857333527787153 0
0.000650912967431324 0.999999788156132 -0
-0.999999671907769 0.000810052069226621 0
-0.999999758788726 0.000694566404369892 0
0.000730068460560232 0.999999733499986 -0
-0.999999752035901 0.000704221653549123 0
0.000699417428452054 0.999999755407601 -0
-0.999999761607205 0.000690496584884 0
-0.999999728348751 0.000737090512363394 0
-0.999999657409723 0.000827756266006217 -0
-0.999999684365231 0.000794524662173663 -0
-0.999999699428447 0.000775334132256445 0
-0.999999654139675 0.000831697378781394 0
0.000642477749825731 0.999999793611149 -0
0.000642264127804203 0.999999793748374 -0
0.000757316834437876 0.999999713235565 -0
0.000714216311223533 0.999999744947498 -0
-0.999999750922032 0.000705801583288045 0
-0.999999790278095 0.000647644783376242 0
0.000761322275937916 0.999999710194154 -0
0.000671449358919591 0.999999774577854 -0
-0.000699437917538546 -0.99999975539327 0
0.000703264894709339 0.999999752709213 -0
-0.999999665228435 0.000818256084074314 0
0.000699920691638751 0.999999755055483 -0
-0.999999647572661 0.000839556164283404 0
-0.999999686080799 0.000792362481798804 -0
-0.999999706722257 0.000765869048333193 0
-0.999999741513113 0.000719008836435772 0
0.000752454124302745 0.999999716906355 -0
-0.999999690332044 0.000786978916879796 0
0.000703051330908919 0.999999752859383 -0
-0.99999970518529 0.00076787325334308 0
0.00074237460074371 0.999999724439938 -0
-0.99999980496792 0.000624551136627794 0
-0.999999757439505 0.000696506231932336 0
0.000691623018999643 0.999999760828771 -0
0.000727856570681219 0.999999735112371 -0
-0.999999696013807 0.00077972578118337 0
-0.999999759870686 0.000693006905472859 0
-0.999999802243069 0.000628898897867896 0
-0.999999722734414 0.00074466844688974 0
-0.999999790414502 0.000647434129946221 0
-0.999999718772418 0.000749970055676069 0
-0.999999675309448 0.000805841795565243 0
-0.999999768954036 0.000679773399961443 0
0.000700441475322134 0.99999975469084 -0
-0.999999697123796 0.000778300916724271 0
-0.999999737856655 0.000724076392645645 0
-0.999999796212063 0.00063841666130391 0
-0.999999723907527 0.000743091427665605 0
-0.999999634926165 0.000854486709617393 0
0.000735893879958654 0.999999729230062 -0
-0.999999759178749 0.000694004642506663 0
-0.999999652385409 0.000833803970799588 -0
-0.999999706132621 0.000766638553162083 0
-0.999999778530695 0.000665536296570544 0
0.000697887208009854 0.999999756476693 -0
-0.999999687426334 0.000790662528152713 0
-0.99999965620741 0.000829207489563442 0
-0.99999963809689 0.000850767941302195 0
-0.999999648613428 0.000838315585272395 0
0.000751128678463768 0.999999717902815 -0
-0.999999755372791 0.00069946719597748 0
-0.99999966051716 0.000823993667325307 0
-0.999999729563684 0.000735440384332508 0
0.000682234011286169 0.99999976727835 -0
-0.999999751411213 0.000705108155775901 0
0.000680665781204312 0.99999976834702 -0
0.000681528884005534 0.999999767759163 -0
-0.999999761465788 0.000690701359337422 0
-0.999999703657839 0.000769859879640507 0
0.000699432038567706 0.999999755397382 -0
-0.999999747297122 0.000710918907165688 0
-0.999999766129161 0.000683916386533186 0
-0.999999655998724 0.000829459121111955 0
-0.999999687969717 0.000789974979701266 0
-0.999999717161687 0.00075211471563916 0
-0.999999653138826 0.000832899890028749 -0
0.000775430640499968 0.999999699353616 -0
0.000679577356648592 0.999999769087281 -0
-0.999999668400201 0.000814370609018797 0
-0.000697776031432212 -0.999999756554275 0
-0.999999694949756 0.000781089236593358 0
-0.999999761730458 0.000690318062073058 0
0.000721147617574822 0.999999739973023 -0
0.000676932401731217 0.999999770881235 -0
-0.999999629105477 0.000861271680548055 0
-0.999999627990795 0.000862564937379587 0
-0.999999633812785 0.000855788697614192 0
0.000716709111190093 0.999999743163992 -0
-0.999999758557012 0.000694899934104977 0
0.000709888981347597 0.999999748028785 -0
-0.999999669987563 0.000812419082126481 0
-0.999999809205982 0.000617728095551806 0
-0.999999734368651 0.000728877648899855 0
-0.999999688099145 0.000789811125240313 0
0.000740569349406474 0.999999725778482 -0
-0.999999710808607 0.000760514761518728 0
-0.999999655182825 0.000830442189632962 -0
0.000671516646946141 0.999999774532671 -0
-0.99999965059245 0.000835951540971667 0
-0.999999745647063 0.000713236152936671 0
0.000695771826233345 0.999999757950754 -0
-0.999999679914245 0.000800107122441648 -0
0.000619872697762188 0.999999807878901 -0
-0.999999764730371 0.00068595860136611 0
-0.999999749455721 0.000707876045055262 0
0.000710093814000307 0.999999747883356 -0
-0.999999802397592 0.000628653145225316 0
-0.999999787792212 0.000651471818928212 0
-0.999999650526416 0.00083603052871297 0
-0.999999767715286 0.000681593261648996 0
-0.999999762670707 0.000688954664679067 0
0.000636348078341039 0.999999797530541 -0
-0.999999650323363 0.000836273370906473 -0
0.000695956169805513 0.999999757822476 -0
0.000641895498849682 0.999999793985063 -0
-0.999999635281106 0.000854071223640031 0
-0.99999961719277 0.000874993893172163 0
-0.99999963331184 0.00085637385879535 0
-0.000715249147413604 -0.999999744209296 0
0.000749317606399316 0.999999719261523 -0
-0.999999654305125 0.000831498425131622 0
-0.999999670954292 0.000811228270621845 0
-0.999999715897181 0.000753794108766042 0
0.000708042809918163 0.999999749337658 -0
0.000680534115535418 0.999999768436632 -0
-0.99999963738958 0.000851598913263498 0
-0.999999799754893 0.000632842930906734 0
-0.999999792498735 0.000644206865836521 0
-0.999999792609901 0.000644034280198458 0
0.000639534306116475 0.999999795497915 -0
0.000664758002313801 0.999999779048375 -0
-0.999999798694375 0.000634516516864535 0
0.000639408519415904 0.999999795578352 -0
-0.999999663838426 0.000819953069018482 0
-0.999999798850279 0.000634270764224571 -0
-0.999999754985852 0.00070002016848186 0
0.000679586146001396 0.999999769081308 -0
-0.999999688216962 0.000789661939100498 0
0.000741169179001339 0.999999725334086 -0
0.000759929600236454 0.99999971125346 -0
-0.999999645208112 0.00084236788336663 0
0.000647050832671425 0.999999790662588 -0
0.000693729611441896 0.999999759369584 -0
0.000677529262817908 0.999999770477023 -0
0.000717487405409394 0.999999742605878 -0
-0.000713016710170104 -0.999999745803553 0
-0.999999661690225 0.000822568803017807 0
0.000674509799965644 0.999999772518239 -0
-0.999999648640412 0.000838283396458329 0
-0.999999658014908 0.000827024829072279 0
-0.999999660215744 0.000824359385795188 0
0.000642934155893773 0.999999793317814 -0
0.000638720970823448 0.99999979601774 -0
-0.999999677597144 0.000802997887581188 0
-0.999999769925594 0.000678342656304691 0
-0.99999966741544 0.000815578941007978 0
0.000644730618136772 0.999999792161193 -0
-0.999999800496677 0.000631669697787068 0
0.000689396460615977 0.999999762366232 -0
-0.999999618944429 0.000872989688571236 0
-0.999999685816467 0.000792696011481001 0
0.000735408195514462 0.999999729587356 -0
0.000742681820597181 0.999999724211819 -0
-0.000705108155775901 -0.999999751411213 0
-0.999999629818271 0.000860443677195864 0
-0.999999762081759 0.000689808978112963 -0
0.000683632566109953 0.99999976632323 -0
-0.999999658559145 0.000826366500906029 0
0.00062877311116478 0.999999802322168 -0
-0.999999659699384 0.000824985525151497 0
0.000674360555589308 0.999999772618895 -0
0.000684431291262853 0.999999765776876 -0
0.000718335898028859 0.999999741996735 -0
0.000702782120612531 0.999999753048615 -0
-0.999999669821179 0.000812623856535817 0
-0.999999762624346 0.000689021952703213 0
0.000673509152510182 0.999999773192685 -0
-0.999999662447929 0.0008216471435746 0
-0.999999766311252 0.000683650086607782 -0
0.000635780495682428 0.99999979789156 -0
-0.999999670001844 0.000812401503425049 0
-0.999999798831745 0.00063429998445794 0
0.000646948445441861 0.999999790728833 -0
-0.999999769301984 0.00067926134740096 -0
0.000639794727078134 0.999999795331333 -0
-0.999999657075412 0.000828160043409657 0
-0.999999796520157 0.000637933887172894 0
-0.999999801244498 0.000630484706722199 -0
-0.999999611661039 0.000881293237617848 0
-0.999999770774284 0.00067709037725199 0
0.000640704687044392 0.999999794748731 -0
0.000653356058253546 0.999999786562908 -0
-0.99999980130534 0.000630388198460683 0
-0.000725255504585091 -0.999999737002192 0
-0.000702357903392746 -0.999999753346657 0
0.000798573991873321 0.999999681139739 -0
0.000643691961096282 0.999999792830308 -0
0.000731785934836269 0.999999732244637 -0
-0.999999686764363 0.000791499320949879 0
0.000710260578862421 0.999999747764923 -0
-0.999999800993544 0.000630882614125946 0
-0.999999764876884 0.000685744979350356 -0
0.00064305994259349 0.999999793236934 -0
-0.999999651990086 0.000834277955457343 0
-0.999999661986201 0.000822208905308233 0
0.000676060509569048 0.999999771471068 -0
-0.999999632910857 0.000856841964456596 0
0.000648633731088837 0.999999789637119 -0
-0.999999803932287 0.000626207143905404 0
0.00067486672918375 0.999999772277423 -0
-0.999999683534776 0.000795569197969675 0
-0.999999690539246 0.000786715585587899 0
0.000648721508201788 0.99999978958018 -0
-0.999999718012676 0.000750982402700785 0
0.000713206874498591 0.999999745667945 -0
-0.00072131147205151 -0.999999739854846 0
-0.999999798655371 0.000634577984128326 0
0.000667555111889608 0.999999777185062 -0
-0.999999774212275 0.000671993600310539 -0
0.000674293267563144 0.999999772664269 -0
0.000656109221129075 0.999999784760322 -0
-0.999999687780148 0.00079021491152639 -0
0.000688904897152552 0.999999762704993 -0
0.000701263658122782 0.999999754114611 -0
-0.99999976295082 0.000688547967944693 0
-0.999999680807856 0.000798989477883093 0
0.000660468740046622 0.999999781890498 -0
0.000690250774049092 0.999999761776906 -0
-0.999999652104778 0.000834140469056613 0
0.000662045759451389 0.999999780847682 -0
-0.999999666935601 0.000816167070801892 -0
0.000653200993116411 0.999999786664209 -0
-0.999999752554863 0.000703484337480452 0
-0.999999773046825 0.000673725684913025 0
-0.999999781847976 0.000660533117688976 0
-0.999999772717527 0.000674214279802317 0
0.000681985290065371 0.999999767448005 -0
-0.999999788059014 0.000651062153598087 0
0.000675674301911436 0.999999771732093 -0
-0.999999756260209 0.000698197338274469 0
-0.999999644591705 0.00084309932031605 0
0.000683884197711609 0.999999766151175 -0
0.000633846488764164 0.999999799119294 -0
0.000663611079117009 0.999999779810144 -0
-0.999999671402774 0.000810675240016235 -0
-0.999999665233197 0.000818250263312334 0
0.000734240783334395 0.9999997304452 -0
-0.00071578454119518 -0.999999743826213 0
0.000640634430428362 0.999999794793742 -0
0.000756477131192877 0.999999713871134 -0
-0.000703572114588869 -0.999999752493109 0
-0.999999731310257 0.000733061671418125 -0
-0.999999682915332 0.000796347433888443 0
-0.99999966700966 0.000816076325122146 0
0.000689765089557494 0.999999762112032 -0
0.000699528605029314 0.999999755329835 -0
-0.999999630726544 0.000859387441774748 0
-0.999999622603507 0.000868788146468577 0
-0.999999637319832 0.000851680811382592 0
-0.999999631545765 0.000858433651757374 0
0.000636687487066247 0.999999797314501 -0
0.00066632623235259 0.999999778004651 -0
-0.999999629888736 0.000860361779078613 0
-0.999999769488765 0.000678986316327842 0
-0.999999657053623 0.000828186353254731 0
-0.999999791740326 0.000645383067517393 0
-0.999999695326729 0.000780606462551402 0
0.000646635404781928 0.999999790931305 -0
-0.999999678238247 0.000802199104384239 0
-0.999999663884004 0.000819897480741799 0
-0.999999703067419 0.000770626415873372 0
0.00065241978845898 0.999999787174187 -0
-0.999999796738476 0.000637591568066704 0
-0.999999806175748 0.000622614219286662 0
0.000693837877638839 0.999999759294471 -0
-0.999999655967196 0.000829497130688897 0
-0.999999761065469 0.000691280699909693 0
0.000656264286265324 0.99999978465857 -0
-0.999999750734041 0.000706067883201152 -0
-0.999999806412474 0.000622233890583261 0
0.000657686240547436 0.999999783724381 -0
0.000788389171196215 0.999999689221209 -0
-0.00069396954330412 -0.999999759203107 0
-0.999999757245878 0.000696784173377131 0
-0.999999661981415 0.000822214726070156 -0
0.00064907261665344 0.999999789352347 -0
-0.999999661767259 0.00082247514695853 0
-0.999999660673837 0.000823803503034058 0
-0.999999663197569 0.000820734273479834 0
0.000679890397306664 0.999999768874497 -0
0.00065199260263172 0.9999997874528 -0
0.000689516426548183 0.99999976228352 -0
0.000658578621776683 0.999999783137076 -0
0.000658511333752407 0.999999783181388 -0
0.000651983813278954 0.999999787458531 -0
0.00076042110544565 0.999999710879829 -0
-0.999999659392752 0.000825357122589977 0
0.000656562775010944 0.999999784462638 -0
0.000620574914703823 0.999999807443369 -0
0.000674822840626939 0.999999772307041 -0
0.000656369642082343 0.999999784589423 -0
-0.999999695374709 0.000780544995299336 0
0.000683442401769684 0.999999766453215 -0
0.00064842016727749 0.999999789775621 -0
-0.999999805692719 0.000623389545017276 0
0.000679624155586702 0.999999769055477 -0
-0.999999774719275 0.000671238705486935 0
-0.999999678259352 0.000802172794539061 0
-0.9999997762916 0.000668892181073419 0
-0.999999665407971 0.000818036641347602 -0
-0.999999701611306 0.000772513623532699 0
-0.999999705499777 0.000767463588065614 0
-0.999999786146006 0.000653993839299442 -0
-0.999999691962405 0.000784904513563996 0
0.000657911562296877 0.999999783576165 -0
-0.000700280531219752 -0.999999754803559 0
-0.999999761688024 0.000690379529333696 0
-0.999999713290973 0.000757243667449241 0
0.000643136019972712 0.999999793188008 -0
-0.999999667226899 0.000815810083467663 0
-0.999999713525769 0.00075693353720611 -0
0.000632518190503412 0.999999799960349 -0
-0.999999766411243 0.000683503810823559 0
0.000782408803449883 0.999999693918185 -0
-0.999999676348384 0.00080455150721606 0
-0.999999785948848 0.000654295238428091 0
-0.999999627947916 0.000862614646684304 0
-0.999999676096477 0.000804864547805679 0
0.000615876044922595 0.999999810348331 -0
-0.999999652478102 0.000833692794243408 0
-0.999999700620509 0.000773795122628228 -0
-0.999999648203663 0.0008388042382451 0
-0.999999716053754 0.000753586365739341 0
-0.999999676082329 0.000804882126507433 0
-0.999999805716413 0.000623351535430058 0
0.000649412025370318 0.999999789131988 -0
-0.999999783874422 0.000657458066623848 0
-0.999999805508451 0.00062368506519223 0
0.000688328525166736 0.999999763101893 -0
-0.999999680433688 0.000799457641790778 0
-0.999999736509688 0.000725934263744794 0
-0.999999669009897 0.000813621593359374 0
-0.999999800775648 0.00063122790182597 0
-0.999999682302243 0.000797116938662347 0
-0.999999797826459 0.000635882882914193 0
-0.999999803002258 0.000627690565534419 0
0.000782165903031474 0.999999694108203 -0
0.000650991955191102 0.999999788104715 -0
0.00065371007708372 0.999999786331545 -0
-0.999999708116646 0.000764046218280754 0
-0.999999795097281 0.000640160445652367 -0
0.000611949532258036 0.999999812758867 -0
-0.99999968690095 0.000791326735345981 0
-0.999999668945627 0.000813700581100334 0
-0.999999786291399 0.000653771486137597 0
-0.999999640303893 0.000848169844240344 -0
0.000692933796685983 0.999999759921348 -0
-0.999999798683221 0.000634534095570657 0
-0.999999789105414 0.00064945294533737 0
0.000693232227219604 0.999999759714511 -0
-0.999999673602594 0.000807957118735024 0
-0.999999644789007 0.000842865267477297 0
0.00066112118940713 0.999999781459363 -0
0.000744940567542958 0.999999722531737 -0
-0.999999678918547 0.000801350611876404 0
-0.999999748603769 0.000709078556503391 0
-0.999999685797919 0.000792719410945606 0
-0.999999653689354 0.000832238651451823 -0
0.000632055905454998 0.999999800252646 -0
-0.999999753597286 0.000702000974194905 0
0.000642615236260248 0.999999793522808 -0
-0.999999716446074 0.00075306558208526 0
-0.999999661037692 0.000823361707205557 0
-0.999999756678788 0.000697597566831608 0
0.000774801590687909 0.999999699841203 -0
-0.999999690205372 0.000787139860960639 -0
-0.999999644384432 0.000843345131093831 0
-0.999999646318802 0.000841048316624124 0
0.000695256921515762 0.999999758308877 -0
0.000648856084252913 0.999999789492869 -0
-0.999999695883762 0.000779892546029472 0
0.000637348725809974 0.99999979689328 -0
-0.999999798881844 0.00063422099669562 0
0.000638001175199863 0.999999796477229 -0
-0.999999758056607 0.000695619671481903 0
0.000672824514304657 0.999999773653561 -0
-0.999999634068135 0.000855490267157692 0
-0.999999627703049 0.000862898467023528 0
0.000607771446149171 0.999999815306918 -0
0.000637246338578496 0.999999796958531 -0
0.000674618066166858 0.999999772445207 -0
-0.999999802734026 0.000628117751381613 0
-0.999999690711861 0.000786496142844526 0
-0.999999666032353 0.000817273015582294 0
0.000659327637603396 0.99999978264351 -0
-0.999999643792023 0.000844047289608822 -0
-0.999999645883111 0.000841566189818652 0
-0.999999660849797 0.000823589881072247 0
-0.999999699310509 0.000775486228782566 0
0.000642147130457226 0.99999979382351 -0
-0.999999669121796 0.000813484048752199 0
-0.99999980028778 0.000632000317162194 0
-0.999999765808906 0.000684384492325203 0
-0.999999728863916 0.000736391264135442 0
-0.999999682407187 0.00079698527301959 0
-0.999999777364699 0.000667285959797257 0
-0.999999604644431 0.000889219310114049 0
-0.999999640847202 0.000847529036563143 0
-0.999999672909579 0.000808814400580112 -0
-0.999999720920877 0.000747099837644411 0
-0.999999722265782 0.000745297496707526 0
0.000792046472611012 0.999999686331143 -0
-0.999999652590288 0.000833558218223529 0
0.000673444774865663 0.999999773236042 -0
-0.999999788291333 0.000650705224384362 -0
-0.999999662168997 0.000821986552202691 -0
-0.999999655486467 0.000830076471146803 0
-0.999999650927433 0.000835550723295218 0
0.000689847045905104 0.999999762055498 -0
0.000613547040897761 0.999999811779997 -0
-0.999999754237705 0.000701088103905078 0
-0.999999777591124 0.000666946551092358 0
-0.999999721021454 0.00074696520340532 0
-0.999999653319153 0.000832683357677974 0
0.000708218364133286 0.999999749213343 -0
0.000687828230557204 0.999999763446135 -0
-0.999999672980571 0.000808726623487419 0
-0.999999648745849 0.000838157609790679 -0
0.000726358539150773 0.999999736201601 -0
0.000682251531784048 0.999999767266397 -0
0.000793913132884471 0.999999684850919 -0
-0.000693864187488845 -0.999999759276216 0
-0.999999791762978 0.000645347968313514 0
-0.999999715323468 0.000754554824264211 0
-0.9999997979232 0.000635730728153621 0
-0.999999798640522 0.000634601383598062 0
0.000632758122380558 0.999999799808559 -0
-0.999999684353623 0.000794539272287072 -0
-0.999999645715659 0.000841765143463397 0
-0.999999802261445 0.000628869677634227 0
0.000671267983927567 0.999999774699621 -0
-0.999999684230405 0.000794694337395093 0
0.000675513357800827 0.999999771840826 -0
-0.999999768032252 0.000681128066236016 -0
0.000683813941097419 0.99999976619922 -0
-0.999999800626042 0.000631464865114242 0
0.000670884686647989 0.999999774956843 -0
0.000714418175285208 0.999999744803303 -0
0.000669410054408209 0.999999775945064 -0
0.000678916117920583 0.999999769536426 -0
-0.999999726562292 0.000739510203426049 -0
-0.999999660659403 0.000823821023527378 0
-0.999999730971266 0.000733523956398448 0
-0.999999757015453 0.000697114792729053 0
0.000778049285159716 0.999999697319609 -0
-0.999999713290973 0.000757243667449241 -0
-0.999999763067675 0.000688378234485677 0
-0.999999799473327 0.00063328769545593 0
-0.999999795836455 0.000639004733047417 0
