1024 3
0 1 2
3 4 5
6 7 8
9 10 11
543 13 558
15 514 17
18 3 5
19 20 21
11 10 0
22 23 24
24 25 22
558 26 27
10 1 0
515 516 531
4 29 5
27 30 31
32 33 545
30 35 31
36 29 11
11 29 9
8 7 37
38 39 40
558 13 26
27 31 41
42 36 11
24 23 43
27 44 30
9 29 4
45 46 32
18 47 3
48 47 49
26 50 44
51 33 32
52 20 19
25 53 22
54 55 56
57 53 25
20 58 21
5 29 36
59 517 61
31 35 62
63 55 64
3 47 48
32 65 51
66 55 63
531 67 515
27 26 44
68 69 70
558 27 41
42 11 0
71 72 21
73 74 75
59 76 517
77 7 6
54 56 78
26 13 33
70 67 68
38 79 80
44 50 81
30 82 35
75 53 57
26 33 50
10 83 1
33 13 545
62 35 84
85 86 87
88 51 89
44 90 30
91 92 93
64 55 54
94 31 62
95 36 96
519 98 99
100 25 24
51 65 89
101 102 103
50 33 51
104 105 106
107 108 109
43 23 110
101 111 518
75 112 73
113 114 115
116 117 118
119 91 48
92 9 93
95 5 36
9 120 10
81 50 88
41 31 94
96 36 42
71 121 72
91 93 48
115 114 122
62 84 123
107 47 18
119 75 91
124 107 18
125 119 49
88 89 73
81 88 126
518 111 127
88 50 51
519 542 98
62 123 129
44 81 90
110 130 43
131 25 100
110 132 133
134 135 136
132 125 137
70 69 138
139 140 124
119 48 49
141 95 96
94 62 129
93 9 4
89 142 92
143 123 144
108 145 109
87 86 146
520 127 148
149 110 150
118 151 116
152 107 124
132 22 125
153 146 154
110 133 150
132 137 133
127 155 148
520 518 127
125 49 137
123 156 144
153 154 157
49 47 109
143 144 158
159 153 160
155 161 162
92 74 89
152 521 107
140 152 124
163 164 35
131 57 25
75 74 91
104 139 105
154 165 166
520 148 522
129 123 143
119 53 75
153 157 160
168 18 5
123 84 156
169 170 171
172 147 173
174 175 176
177 104 106
147 167 173
165 149 178
179 180 181
168 139 124
182 170 169
153 183 146
19 21 184
159 183 153
185 186 187
149 150 188
88 73 126
154 166 157
148 189 522
190 170 182
54 118 191
192 193 194
195 174 176
169 171 196
148 197 189
198 199 200
201 523 533
203 192 204
205 184 206
205 19 184
207 59 208
209 52 210
524 79 211
525 524 211
93 4 3
213 176 526
171 99 215
216 69 68
32 46 65
156 172 217
22 53 125
197 183 159
218 113 219
220 135 134
213 195 176
156 217 144
160 218 221
165 178 166
192 222 193
60 223 220
6 527 534
172 173 217
218 136 221
133 225 150
528 70 138
186 66 187
80 539 39
530 138 195
159 160 221
528 227 70
135 229 136
228 230 226
231 529 214
35 82 163
213 530 195
218 219 136
197 159 232
530 528 138
149 188 178
216 68 532
233 220 134
159 221 232
197 232 189
140 191 152
234 214 527
68 531 532
234 71 231
219 216 134
167 235 173
150 201 188
6 234 527
234 231 214
219 134 136
216 532 134
172 102 147
77 6 534
526 179 181
231 535 529
177 66 104
195 237 174
171 215 196
6 8 234
210 19 205
211 79 38
232 238 189
192 194 239
533 224 240
100 24 241
148 155 197
168 124 18
202 77 534
185 239 186
187 66 177
166 122 157
155 183 197
201 533 240
144 190 158
95 168 5
64 54 191
158 190 182
201 240 188
196 215 198
180 242 240
24 43 85
204 239 185
140 64 191
57 112 75
92 120 9
35 164 84
192 239 204
243 131 244
125 53 119
120 46 10
49 109 137
193 37 194
136 229 221
203 222 192
198 215 199
217 190 144
150 225 201
24 85 241
529 535 536
201 225 523
131 100 244
52 19 210
160 114 218
93 3 48
218 114 113
221 229 232
537 60 220
8 71 234
21 58 71
222 72 193
157 114 160
100 241 245
194 56 239
105 139 168
246 180 179
175 246 179
241 162 245
239 56 186
126 247 248
100 245 244
238 97 538
103 102 172
95 105 168
184 222 206
199 76 200
207 76 59
176 179 526
81 126 248
223 135 220
122 114 157
84 103 156
238 538 189
189 538 522
152 117 521
206 222 203
99 98 215
250 163 251
127 161 155
118 117 191
243 244 250
110 23 132
181 180 224
106 105 141
248 247 243
167 249 235
81 248 90
175 179 176
216 252 69
40 253 209
156 103 172
254 67 70
232 229 238
131 247 57
113 252 219
174 115 175
190 255 170
228 236 230
111 256 245
37 78 194
235 255 173
138 237 195
184 72 222
245 161 111
250 101 163
90 82 30
224 180 240
200 76 207
165 130 149
154 86 165
233 537 220
212 15 17
59 15 208
191 117 152
243 250 251
217 255 190
243 247 131
78 56 194
133 145 225
166 257 122
173 255 217
219 252 216
246 242 180
215 98 199
71 58 231
171 258 99
141 105 95
240 242 188
109 47 107
251 82 90
21 72 184
103 164 101
248 243 251
248 251 90
162 259 155
28 537 233
209 253 52
260 130 165
109 145 137
77 151 261
145 262 225
101 256 111
235 258 255
43 260 85
226 263 539
116 151 202
199 264 76
89 74 73
85 87 241
91 74 92
139 63 140
186 55 66
178 257 166
37 121 8
165 86 260
69 237 138
255 258 170
231 58 236
229 265 238
8 121 71
238 265 97
135 265 229
188 242 178
137 145 133
162 161 245
77 261 7
208 15 212
115 266 113
236 20 230
245 256 244
163 82 251
66 63 104
515 254 540
65 46 120
178 242 257
193 121 37
76 264 517
108 262 145
539 263 39
250 256 101
170 258 171
61 514 59
68 67 531
183 259 146
257 242 246
39 253 40
101 164 163
252 237 69
223 265 135
146 86 154
99 267 519
517 264 541
43 130 260
227 254 70
236 58 20
260 86 85
515 67 254
140 63 64
37 7 78
104 63 139
241 87 162
264 542 541
174 266 115
519 267 249
258 267 99
122 268 115
247 112 57
237 266 174
126 112 247
46 83 10
73 112 126
111 161 127
155 259 183
175 268 246
78 261 54
149 130 110
115 268 175
54 261 118
545 13 543
230 263 226
84 164 103
263 269 253
80 79 539
98 542 264
65 142 89
92 142 120
2 1 45
117 544 521
202 151 77
59 514 15
132 23 22
56 55 186
113 266 252
244 256 250
257 268 122
146 259 87
261 151 118
225 262 523
249 267 235
72 121 193
230 269 263
98 264 199
235 267 258
52 269 20
116 544 117
246 268 257
7 261 78
252 266 237
20 269 230
45 83 46
28 16 537
265 128 97
39 263 253
223 128 265
253 269 52
87 259 162
120 142 65
540 254 227
1 83 45
80 39 38
45 32 545
270 271 546
553 274 275
274 271 276
549 271 274
275 274 276
549 274 553
276 271 270
546 271 549
548 278 34
547 278 548
34 278 279
549 550 546
280 551 552
553 281 549
279 551 280
279 278 551
551 278 277
275 282 273
283 282 275
273 282 554
554 282 283
34 284 45
283 285 280
280 285 279
286 285 283
285 284 279
286 284 285
45 284 286
279 284 34
45 287 2
2 287 270
286 287 45
270 287 276
275 288 283
276 288 275
283 288 286
276 287 288
288 287 286
561 290 291
292 293 294
295 555 297
298 299 300
272 301 302
556 296 303
304 301 272
294 293 572
209 306 40
563 308 309
2 310 0
311 312 303
298 313 299
557 563 309
315 312 311
316 317 318
319 320 321
558 559 543
323 560 325
586 290 561
327 328 329
0 310 330
331 290 332
40 306 333
309 334 557
12 322 272
335 336 337
291 338 561
0 330 335
311 587 340
38 595 211
40 333 38
302 342 270
343 328 344
300 345 298
320 346 321
347 348 562
318 317 350
562 351 347
198 352 196
353 308 563
299 354 355
557 334 564
318 342 302
565 566 359
360 335 337
361 328 343
333 567 568
329 328 361
568 596 333
325 365 323
366 367 368
369 289 570
323 357 560
327 329 371
311 569 587
41 369 570
359 373 565
350 317 374
370 375 14
355 354 340
196 352 376
375 322 14
41 570 558
374 317 377
295 343 555
378 379 380
332 290 586
381 342 318
571 307 382
336 381 383
316 304 384
385 386 141
335 330 336
42 335 360
387 366 368
332 388 331
205 345 210
389 379 378
390 316 384
307 594 382
336 330 381
572 367 294
377 390 392
564 334 393
336 394 337
395 396 369
298 345 205
397 398 399
296 400 303
401 377 392
360 337 387
402 367 366
401 392 331
0 335 42
403 306 209
390 384 291
404 386 385
399 401 405
198 365 352
42 360 96
330 310 342
299 406 354
407 399 408
318 301 316
381 350 383
336 383 394
409 408 410
573 412 413
337 366 387
330 342 381
321 414 319
415 409 410
409 407 408
574 358 348
415 410 416
573 413 417
390 291 392
407 397 399
381 318 350
399 398 401
399 405 408
396 289 369
418 419 580
421 415 422
413 423 417
210 345 403
401 331 405
424 425 426
294 367 402
427 423 428
408 429 410
313 430 319
380 431 378
392 290 331
432 305 433
432 367 305
573 417 297
415 416 422
434 411 435
436 437 438
342 310 270
313 406 299
389 378 397
368 367 432
427 428 421
436 429 437
439 425 424
398 374 377
410 436 416
421 428 415
405 429 408
417 427 295
440 371 441
417 423 427
411 556 435
434 575 411
442 443 444
355 340 576
397 378 398
272 322 304
555 343 344
446 441 439
447 440 441
448 439 424
94 395 369
415 428 409
449 389 397
204 319 203
206 298 205
187 450 185
182 451 158
196 376 169
106 452 177
210 403 209
207 323 200
212 349 208
143 453 129
417 295 297
454 455 440
456 315 457
446 447 441
451 309 458
459 355 577
427 421 460
448 446 439
447 454 440
300 299 355
461 444 455
434 435 462
418 445 442
463 442 444
459 300 355
578 579 583
418 580 581
454 461 455
418 581 445
410 429 436
372 555 344
440 327 371
461 465 463
315 354 457
463 418 442
461 463 444
582 448 424
421 422 467
468 469 447
446 468 447
368 432 470
377 317 390
448 471 446
454 472 461
433 434 473
434 462 473
474 352 325
582 464 448
456 457 475
475 476 477
453 308 478
422 479 467
467 361 460
457 321 475
466 584 583
427 460 295
387 368 404
421 467 460
585 424 426
409 481 407
584 578 583
585 582 424
376 393 482
432 433 483
589 426 485
556 303 435
393 334 482
401 398 377
462 477 473
456 475 477
462 456 477
433 473 483
472 486 487
488 332 586
487 363 465
484 356 480
396 326 289
432 483 470
340 587 576
436 438 489
588 589 485
187 491 450
589 585 426
478 308 353
438 588 485
407 449 397
453 395 129
368 470 404
450 346 320
450 320 185
177 491 187
438 485 489
185 320 204
292 294 389
436 489 416
393 590 564
428 481 409
479 329 467
182 482 451
376 482 169
204 320 319
141 386 106
169 482 182
452 491 177
483 493 470
444 494 455
490 314 484
447 469 454
305 575 433
495 425 439
463 419 418
461 472 465
464 471 448
490 307 314
446 471 468
476 496 477
482 334 451
374 431 350
443 494 444
449 292 389
387 404 385
340 497 311
423 481 428
467 329 361
96 385 141
433 575 434
360 387 385
303 312 435
472 487 465
451 458 158
143 458 453
435 312 462
488 382 332
484 314 356
459 498 300
344 494 443
420 498 459
372 344 443
485 499 489
311 497 315
106 386 452
360 385 96
455 327 440
451 334 309
425 499 426
304 375 384
407 481 449
426 499 485
456 312 315
398 378 374
445 339 442
94 369 41
462 312 456
441 495 439
303 400 311
300 498 345
396 591 326
422 500 479
488 571 382
354 406 457
416 500 422
489 500 416
383 380 394
323 501 357
158 458 143
211 592 525
324 471 464
331 388 405
442 339 443
129 395 94
319 430 203
454 469 472
466 492 584
437 391 438
457 406 321
477 496 473
394 366 337
356 492 480
494 327 455
453 478 395
316 301 304
499 500 489
380 402 394
321 346 475
371 495 441
450 502 346
486 347 487
207 501 323
349 501 208
323 365 200
437 503 391
319 414 313
483 496 493
460 343 295
352 365 325
490 594 307
388 429 405
473 496 483
390 317 316
480 492 466
339 372 443
495 504 425
465 419 463
298 430 313
469 574 486
472 469 486
487 505 363
309 308 458
395 478 396
378 431 374
470 506 404
212 593 349
413 293 507
413 507 423
475 346 476
384 338 291
561 338 370
591 478 353
361 343 460
363 419 465
375 338 384
437 429 388
396 478 591
350 431 383
495 508 504
468 574 469
507 293 292
471 373 468
594 503 382
352 509 376
458 308 453
302 301 318
206 430 298
438 391 588
419 362 580
486 574 348
565 373 324
572 293 412
208 501 207
394 402 366
200 365 198
354 497 340
363 362 419
346 502 476
423 507 481
344 328 494
493 506 470
481 507 449
595 592 211
449 507 292
412 293 413
474 509 352
304 322 375
291 290 392
345 498 403
510 596 595
511 502 491
500 504 479
402 379 294
590 509 474
313 414 406
404 506 386
294 379 389
476 511 496
332 503 388
315 497 354
499 504 500
425 504 499
270 310 2
504 508 479
349 597 501
347 505 487
393 509 590
311 400 569
491 512 511
376 509 393
324 373 471
491 502 450
333 596 510
486 348 347
496 511 493
494 328 327
333 306 567
493 512 506
569 400 296
386 506 452
468 373 359
383 431 380
203 430 206
363 505 364
370 338 375
382 503 332
479 508 329
380 379 402
506 512 452
452 512 491
420 513 498
501 597 357
306 513 567
406 414 321
371 508 495
567 513 420
347 351 341
348 358 562
329 508 371
341 505 347
388 503 437
364 505 341
476 502 511
403 513 306
511 512 493
498 513 403
510 595 38
272 302 270
38 333 510
