598 2
0.551293650372732 2.0432587404017
0.0887772710378028 1.52282012254665
0.521322895303602 1.02824945579575
-2.57649429873095 3.29246171834556
-1.73489756142624 2.95878408209667
-1.5669094724625 3.8711499809768
-4.63100696535856 11.2584558997895
-3.65224028175255 10.5285381683528
-3.79440440975633 11.7633382559599
-1.41146264969828 2.29613054269068
-0.560457567658732 1.71271977734843
-0.463409536371288 2.52996497450567
0.497498723550342 -0.0448188518519437
0.0452940593919215 -0.555463670124958
0.472963334866392 -1.15827701343925
0.0402598351456506 -14.1218647406489
-13.8662694515017 -7.28388915494746
-0.331754804418758 -14.8854534340997
-2.67838812141715 4.42171323607271
-1.25041009758984 14.3184244435706
-2.55396488658028 15.0480886709889
-2.43440728281653 13.7245452498072
-5.0417703725652 0.747993569864515
-5.75028730711889 0.828837447045148
-5.63587266763479 -0.242292392171591
-4.66685220060617 -0.194274572382703
-0.603617119335968 -0.902597562325516
-0.59641761858436 -1.8747763971456
-14.1815072498336 -6.44902259092044
-1.05555689328329 3.09886798103916
-1.42704147375202 -2.26191316020953
-0.626253309568183 -2.80717104260466
-0.61448148730193 0.466057702209496
-0.618910670060015 -0.218108739949932
-1 1
-1.72503801379444 -3.30880975167714
-0.535221430823551 3.5489948364686
-2.86500948562051 11.0709149597257
-0.0762496403994714 18.2125071648055
-1.29219095939646 17.1796820574856
-0.123442132066483 17.0952659769413
0.431013633935928 -2.23965728929429
0.527579468395775 3.05664560664655
-6.36851357804423 0.381421479496586
-1.35438278088401 -1.43410031849629
-1.55431223447522e-15 1
-0.593859533430873 1.05869974559399
-3.5457632926911 3.74095981414189
-3.15936695262142 2.55338386229015
-4.06448682866124 2.67977187808984
-1.27264462678945 -0.565537083525838
-1.22789545419747 0.146674464436362
-1.26529619415743 15.3458906716807
-4.16691970367212 0.812048727037622
-2.76616409070999 8.74217553808326
-1.7039574897413 8.3782622279827
-1.83560032061372 9.43121683697868
-3.80095606439887 -0.0883697210533746
-3.51932276998367 14.1744074919536
-0.177909224955679 -13.0910453568203
-12.2584727521755 -6.64942677781998
-1.51387319777966 -13.2623524291182
-0.691392950053255 -3.78107616379005
-1.70866291265604 7.04570011134584
-2.42291405105448 7.7280436761147
-1.07601917765169 0.852475801364967
-0.836895705505352 7.75535429684746
-15.5824080762963 -1.78555234851472
-14.5882532257864 -2.05241717307765
-13.8187329107369 -1.06245084404645
-15.0348189423677 -0.568190951255024
-3.67533121663452 13.1035596041934
-2.25199993458733 12.744306545006
-2.50416440379654 0.272802501416363
-2.53211348575978 0.932183882771242
-3.23530422380771 0.76040812246969
-0.167556857598649 -12.0337777885199
-4.46855070700458 10.1466532066481
-2.76008699136389 9.91730338844605
-1.09928664273886 18.7004134061682
-1.1943904995207 18.0882724381323
-1.96379458324112 -1.00866335934762
-2.21827242074962 -2.68206858329884
-0.292317285498424 1.38399909110322
-1.75434653932062 -4.27654661600111
-6.58301083811918 -0.591323229490045
-7.54866375452156 -0.661761870776645
-6.86653630205054 -1.5777705963307
-1.87245676724897 -0.192770045638218
-1.78584820721375 0.608625488737927
-2.1057827872063 -1.86849788165668
-2.76945287287406 1.59470493362593
-1.90129587467497 1.44898387608128
-2.23682275695298 2.30518693674126
0.390667808579862 -3.28091374935083
-0.680042596866788 4.55847401576862
0.445504443879584 4.06532336550493
-9.91008679950745 -5.83304261507386
-1.18422862134086 -10.4459412424805
-1.22758577179 -9.54501251990537
-5.03030732536432 -1.26553907935743
-4 -4
-3.60739307361772 -5.44629150319901
-2.8337049271232 -4.72856748616502
-0.793882636589058 6.61982870269605
-0.71770671443064 5.51877055022901
0.211549042822442 6.13047146751558
-4 5
-5.34752125267715 4.38792609798045
-4.42931460027688 3.69681023895577
-6.43475974689093 1.41689453927771
-5.21396251942618 -3.33473286822244
-3.1028862415184 -0.0671530441826581
-11.695149379269 -1.36189086538947
-10.6283606436144 -1.21405401636957
-11.2224269122605 -0.121890547823529
-4.97038489358527 8.31848411546994
-4.20940241340407 7.46231644473681
-3.86435585957501 8.47375826227638
-3.65602275491081 1.68095696583982
-1.15938534338191 1.45198442931504
-2.96399427064273 12.1538824072631
-10.1737431254532 -0.177566306545565
-0.698544581239685 -4.81827459497048
-2.85952001701482 5.48774731136575
-4.55033950689996 1.68775264274051
-2.56579383167987 -0.537670598630276
-6.37960623950484 -3.77538628593261
-10.7443203311805 -6.00502019847671
0.362886995410334 -4.30556345160918
-7.04613958338085 0.771829887144192
-4.13430570526867 -1.03024059343747
-5.47091898397629 1.64165614086858
-5.9988671544871 2.46921944740147
-13 -4
-11.8324281593121 -4.52023093686016
-11.6883905313711 -3.49218364577685
-4.96019091055252 2.60896390495137
-14.0144269730968 0.208906895533535
-1.74500757749568 6.06602954366963
-2.59772714530357 6.69186065885724
0.322966911480222 5.08943928390738
-1.48989249474215 1.10341231414009
0.36912425754239 -5.32260691359463
-0.640575422038403 -5.80621372317463
-5.58008991411694 3.43822647723476
-7.84640146180356 -1.55049227940431
-3.27787851961038 -6.64842114165874
-7.53956243787028 -4.06923563149703
-7.56185281569042 1.3120736854989
-7.07703874362229 2.2497667426571
-4.47966263028868 9.2352022275638
-3.61019126309974 6.41723337486209
-8.87143724401179 -1.75470262873782
-8.49076267301735 -0.774669510643804
-7.18280895574821 -3.0455984871715
-1.72373778968389 -5.28897350388257
-9.5575288518997 -1.01911832210605
0.413921422970224 -6.35328280191666
-9.2393457950247 -2.75801940042777
-10.0388401063796 -2.0579279979191
-6.0701247519479 -2.9931627471561
-6.45430554134999 -2.29604644596116
-2.93345648546355 -3.26224184252277
-2.62483584435208 -3.95526530978107
-7.93498238901947 0.259583862503854
-9.08945427388436 0.0115073102311535
-2.95292651848459 -7.80810120800094
-1.75749517621796 5.00305401118614
0.608274346991875 -8.46596453435173
-0.361555107647339 -7.91098098974814
-0.276588163749571 -8.98074953547149
-2.60770866505468 -5.7934449107363
-2.28913435039106 -6.9990794123264
-12.102005153511 0.45853407629639
-11.1732339944712 1.08287632816328
-12.1193777054153 1.68862327239293
0.121210414802211 7.20297776066895
-8.64256324912641 1.02910075958029
-11.0747234990435 2.23128335172555
-9.97097940767038 2.55160492640107
-10.8166272785592 3.32084356898873
0.489796032733164 -7.396542547191
-8.14503206038771 -2.46723333426485
-1.2256763944904 13.2510758357426
0.0151838652578802 9.44022681340076
-0.878209964077732 8.89051073479133
0.0537732014120458 8.30552073800125
-8.18021209701022 2.0260976329277
-8.67301004168612 -4.4011023531034
-0.541374258235835 -6.84816035239461
-3.24376869182447 7.63818918043261
-1.06690054749114 11.1194100288698
-2.09656919097024 11.6585186098967
-1.9689279897833 10.5416628871588
-13.1064283129672 0.989470082088754
0.714730086245027 -9.5278270577975
-8.40974933984972 -3.42548466790869
0.791972751550896 -10.5642045488009
-0.191284204202243 -11.0245943376468
0.857290992603467 -11.5806825175789
-7.73442757442449 3.00417542239395
-5.27354351933989 9.47467051963073
-0.0680018179038136 11.6779321166838
-0.0318317196167033 10.568102955061
-0.108640010526254 13.8335649904359
-0.087657811108205 12.7637176215395
0.924378101046945 -12.5851074450991
0.976080859830317 -13.5974190814762
-0.141590117470681 15.9934795286888
-0.131630940175473 14.9082115300627
-0.0293671252663879 19.3067850020524
0.987080415775655 -14.6269390540884
-13.1058242812896 2.36048023786192
-5.97968026767008 13.0113179788053
-0.237619985307773 -10.0426487867843
-13.5229644390996 -2.36603692952677
-1.57768026778662 -6.30016562038492
-11.1986140855905 -2.34652629690588
-12.3187209836469 -2.48647155949901
-12.5706536135134 -5.41877609648784
-10.4106950035385 -3.09109262206781
-1.11113258751378 12.2129835320585
-11.5954750235994 -5.68857549781133
-9.62111864540613 3.55021785182984
-6.64393442195913 3.18986810210051
-3.00208262652882 17.3286643009545
-16.0169965922255 -0.0835087767553691
-3.87208614746508 16.5142647911584
-10.7202511632872 -4.11484224244014
-2.83880178123877 16.1240268921613
-5 14
-9.5640008282912 -3.75800840489173
-13.7374187900857 -5.39531797788494
-4.81445970830923 12.561869001045
-1.98735987818663 -8.11352413510833
-3.82478524338712 15.2115154242732
-13.0747001738882 -0.268294605873793
-9.81419611115016 -4.74267297110887
-0.967630232168367 9.98806830574741
-8.85691818472615 2.78421479503756
-5.99196220144453 -1.41233092155199
-9.25024043051375 1.79073258651159
-3.53148767478453 -1.74309295815335
-4.41928077175463 -2.01894767293392
-5.37862325593193 -2.27982930686111
-10.2507464804203 1.53148465448773
-3.32768368759097 -0.81893128044224
-2.7095255628015 -1.39475781998941
-2.65204170835858 -8.89332167278084
-3.72296055442444 -2.74383732937177
-2.87884060814862 -2.30990007825559
-12.7511096419441 -1.36248089565555
-1.15036539703746 16.4039081487999
-16.051586847869 -1.02158262939104
-1.31112496396983 -7.43442371653996
-4.50675702153971 -2.86316495622163
-9.6368071481619 0.803361923949737
-1.17191965466342 -8.49172747282518
-7.28786598506181 -2.23299046625013
-7.10116607623351 0.054090676796084
-3.66666262167486 9.50893877014793
-6.33751889186938 3.99150150794081
-2.18488046440212 16.7824157921875
-1.22839600269864 -11.3158163650772
-10.7704942331212 -5.13752911283453
-12.2280662477944 -0.566665070905023
-1.8425615736981 -8.9850245502659
-10.4617007803591 0.626829859349396
-1.97734287859888 15.8176281268674
1 1
1.5004286171536 0.49944526300155
0.999999999999996 0
1 -2
1.50048828526467 -0.500557854374135
1 -1
1.00189272007739 0.00140074138232496
-1.99974036681899 -0.00360117854007985
-1.49936626103826 0.424257622579774
-0.999490013512791 0.00171992356333366
-1 -1
2.50010500239268 -0.500406481331307
0.500011192686637 -1.49996611405628
0 -1
-0.499348860996619 0.501703345535287
-0.499271632732687 -0.498277792486647
0.00211783678082808 0.00533899044462375
0.505497183454758 0.4233587778915
0.501088933283875 -0.49836391652625
2.48756265653458 -2.50435127500378
3.55577568331644 -2.30391535972685
2.91563506538172 -1.56778446366258
6.23150053876024 2.07024547212505
6.92006715362969 2.81659792462823
5.42452543861025 2.83256467199137
9.85057672372085 1.63268761472779
6.73993588998705 10.0609247788174
9.81987830444285 2.62586635915599
1.11825553960641 13.2642380921436
2.66892157988715 12.963331797009
2.45568643230476 14.1974515605291
1.9244017599432 0.0505150442349312
1.53445039461041 0.473635288687861
5.74235820309618 9.78749494620808
1.76398897194103 -0.537777665240699
5.26219138607266 5.41270578688893
1.22978767785292 16.3360747378757
3.64304304186349 -5.7216138128921
2.30066073113536 -5.35553716742436
2.46852778641056 -6.37717384576157
1.00955902156423 1.50662453080045
5.35322902223536 11.1952734597471
4.78860690447922 9.75709324504119
1.53240789932435 12.3109068815929
3.49316462614785 -6.96222480552501
4.28501832292329 10.907563508468
2.385513732647 -0.208586553494516
3.09937296313552 0.042920927629751
2.22660517062577 0.610422811403357
0.962140375748585 11.1380089707702
0.980624218780478 10.0594149612459
2.07195175437095 10.6768200590118
1.08729854225128 -0.651092698762648
2.06280387536282 -12.0138625450959
12.9195110529029 -5.47126536443773
2.77102803036829 -11.0122538165504
3.23484359717117 -3.03474097283329
12.1035008330981 -0.259047700162734
11.5843347905404 0.53977879623684
10.9154421173783 -0.549909812999743
1.71892790335077 1.80834788258393
4.41396078589702 -1.9945327678379
4.26319329982528 -3.30838331804711
1.04612792352506 17.3097299714507
2.47343143380122 -7.46143290974643
1.5892984924186 2.67017101761627
2.53162287789797 2.25544969800577
2.60127998947199 3.12775847014141
2.18928107869734 -1.7500842002639
13.4443486382072 3.12769082138365
4.70413642052298 12.6500878176945
17.8534852699671 -0.228998429713849
1.63246646962738 1.1346646075362
10.6984641552143 1.27737137778788
11.9085249057623 1.59477505572201
1.13046589649908 14.4539836963981
1.83670693509573 9.42360468485935
16.9273728558368 -0.922038575588554
16.3987275727527 -1.9505634178611
2.1299079148569 -14.0717602468893
3.0467214499493 0.870482352421139
17.9914454316901 -0.964302683383972
1.95752461783603 -10.0913217030533
3.15138584317122 -4.76536625420287
3.78152046411376 12.185232988818
4 14
3.4255856354886 -8.05169192499982
3.05879989012945 -12.8466993722519
17.0849482386793 -2.42697645308808
14.4387037348953 -4.56092386322554
1.5683397764948 3.57407941886679
10.5718378447542 0.297663350848473
16.8764546849359 2.11859175720041
16.610124927655 0.977825515261413
17.3880179812955 0.703527291513126
1.70721200367097 -11.0763497242918
3.73456499220928 3.73651241148317
5 4
3.48268205855907 4.64649064647997
1.33115114855693 -2.83205154047169
1.47361031616743 -2.01658721811119
11.621835352864 -1.27001600585414
12.3421416503601 2.63387685075922
13.6137674403006 -4.66568651734486
3.87829862272042 0.498745038881849
1.61010558653736 -1.19879298769862
1.63615108240819 -9.02056525834305
3.77003974302113 -0.371359196517102
4.61642743753673 1.19448068030025
4.78487144528271 2.18140583385858
3.98569327280517 1.95744359547732
2.32666578325466 1.35102625713021
4.155064845008 -4.46948908308492
3.13733986221337 1.66978947253195
2.30113543697469 -0.999482730891896
1.4068615217082 4.55312956877927
1.2250145145613 5.65695640611149
2.53786976806536 4.08905018676004
5.2085719502295 -2.75670355149657
5.49409278313004 1.70314142878548
3.06856430548066 -0.745859534375644
6.3690294981741 -4.28872882516497
3.72206235898656 -1.33260298709548
2.49361204446559 -8.48654406443629
3.41633407219515 2.6807485842612
1.32422997250749 -3.80882732849341
2.29229108027985 -3.29762451178857
5.39895339378816 0.642183098018338
4.56929652190133 0.0607561347388921
5.32271652588719 -0.410045995292064
6.05438188366889 10.5834779111891
4.5186315558876 -0.929285761261635
4.37713592974826 2.94798702758007
1.00432134799792 15.4266697640928
2.28024334197074 5.13262054797486
5.28965075679231 -1.52438397408916
2.62149085881084 11.8091720471189
6.19357963145932 0.147883815562997
6.14232174552968 -0.954983223039281
7.02351368691228 -0.324924255315373
6.99047228374768 -1.43776415502108
5.98542685095615 7.67367238662921
7.65969980946443 3.40110517795043
7.74122471252259 2.40225198516344
1.79450091955464 11.4713477150285
7.92735903391353 -0.723048430804756
7.91906359990519 -1.77687369539286
8.78159845840896 2.01963347916264
15.2687305451454 2.64750455724357
15.8854045710283 1.67835769991354
2.67508227860238 16.1347849375202
8.86181251332222 -0.019220446671512
8.88701250935732 -1.05074014935079
7.90233128859238 1.37494687249677
10.6261316461716 -3.89570955693068
10.2585262518048 -3.00351294449076
9.46450019495075 -3.79253289355558
8.84690006199912 1.00329759212239
7.91604729807078 0.318423942595315
6.11041137757347 -2.10820626276757
0.589913484007112 12.2816489848076
3.81045261539202 1.24834879400603
4.23136412194452 5.37332023092259
4.61601068611038 6.49715753874209
4.99599292514724 7.61159103595418
5.3762642749136 8.71088466125289
6.92760332288554 -2.55307253259463
5.99990243202091 -3.30121583914786
7.16228816961409 -3.51274247994616
11.4515177549358 -3.0231203286254
12.7349160527039 -1.04977151467699
12.2145526658657 -2.10944951735365
14.1316691935355 2.34326090906175
13.0173865189707 1.97528754282174
13.708361810859 1.18040352830922
14.5393066522616 3.55391794505568
12.7636175019719 -3.0519263635531
13.4176296549359 -1.95338818157717
11.8264770182135 -3.98596149038834
6.21974290370089 1.19603378760248
0.933459256788251 8.93567410355317
1.42626831570767 -6.89887475472852
1.07308533092835 6.6932857572218
1.35987407011011 -4.85029579409111
13.9312567585098 -0.804634428137991
13.2665693370812 0.0523205295277365
3.83602025005941 9.78910814956346
3.2796431897205 10.8855866990065
1.35856182148296 -5.86298430687159
3.23653068667009 15.1611401397502
9.80270539318114 0.660725137627819
14.3778836292001 0.34063766823384
4.40517766603854 8.69586670100816
14.8145255198461 1.48658614217794
12.0488749426392 -5.00213264132284
15.4959816801227 0.633573534760428
4.14894767671933 -9.92529312915504
9.8363668378074 -0.350480502748001
14 -3
14.5803410155725 -1.67544210891563
3.04702049316114 5.7624658264469
13.0236113211693 -4.1282792314817
15.0505538107174 -0.498865233950486
4.01573252517054 7.63057970873014
3.17459035577241 -10.1123499707815
2.84201670394405 9.74570566143115
2.50480532619681 8.66861274595461
3.42168834975422 8.7021751162415
2.26618750420612 -4.21785456648131
9.88182744919526 -1.32836574732084
4.28188868910229 -8.78878973760589
7.04179700841032 0.734322627122875
1.50609129606393 -7.94771241886736
3.58160136388817 6.59785016878954
4.3995914437522 -7.66156811312891
8.31171666628675 -3.66869406448178
15.7794861263016 -1.32309145226246
16.1595558277581 -0.190035040778026
3.25172927083015 -3.91011493134279
8.03373378878673 -2.73727150291184
4.53603479741111 -6.52647226762028
1.11022221011059 7.80516664126734
3.33596749913799 -9.11871523599718
2.6064042477921 6.8472046514925
12.6291044226916 0.869172511743499
11.0259660109208 -2.16990356475189
3.05193137477963 7.7121191560416
4.60696962994933 11.6958937800478
2.10226794664191 15.1271121870701
9.14602718158324 -2.90956642614551
8.9402436563328 -2.00997120127712
1.89953247799277 -13.0791648963781
1.71232867499583 8.5249381456162
5 -4
9.99808406320167 -2.14220894716249
17.0103486379765 0.0133116753929024
2.00758412725435 6.24268741371242
7.03589825355625 1.77194050290865
10.7474634091559 -1.42587354690671
2.50233105338263 -9.36871585866866
0.969025380862848 18.2848809134002
2.16945099306199 7.77455344855302
1.79916729589777 7.08443537092995
1.86322369786246 15.8749938768991
-0.716110845052537 -13.8662694515017
-16.6682451955812 -2.11454656590032
-16.2838891549475 -3.13373054849827
-1.35057322218002 -12.2584727521755
-5.44629150319901 -4.39260692638228
-2.16695738492614 -9.91008679950745
-6.64842114165874 -4.72212148038962
-4.61207390201955 6.34752125267715
-7.80810120800094 -5.04707348151541
-7.31848411546994 4.02961510641473
-1.33175480441876 20.1145465659003
-0.012919584224346 20.3730609459116
-12.0113179788053 3.02031973232992
-5.67915643101127 11.8166272785592
-14.9979173734712 0.671335699045455
-6.63951976213808 14.1058242812895
-14.1279138525349 1.48573520884164
-15.4490225909204 -2.81849275016643
-14.3953179778849 -3.26258120991426
-8.47467051963073 3.72645648066011
-5.44978214817016 10.6211186454061
-6.21151542427323 15.1752147566129
-7.51426479115836 15.1279138525349
-13.2623524291182 -6.48612680222034
-8.89332167278084 -5.34795829164142
-1.9830034077745 18.0835087767554
-16.9007133572611 -0.700413406168164
-2.31142450218867 -11.5954750235994
-1.99497980152329 -10.7443203311805
0.497498723550342 -0.0448188518519437
-5.00849849205919 7.33751889186938
0 0
2 1
-2 1
-1.49749872355035 1.04481885185194
2.00025963318101 -0.00360117854007987
2.50063373896174 0.424257622579774
-1.49989499760732 -0.500406481331307
-2 -1
2 -1
0 -2
11.0609247788174 2.26006411001295
6.37413364084401 8.81987830444285
3.49316462614785 -6.96222480552501
0.472963334866392 -1.15827701343925
1.08729854225128 -0.651092698762648
3.52873463556227 -11.9195110529029
2.48756265653458 -2.50435127500378
17.8700920851431 -1.92823975311074
3.64304304186349 -5.7216138128921
3.4255856354886 -8.05169192499982
13.8466993722519 -5.94120010987055
14.5730235469119 -6.08494823867933
2.12354531506409 16.8814082427996
2.38987507234499 18.0221744847386
6.36612314924078 11.3421416503601
1.47361031616743 -2.01658721811119
3.15138584317122 -4.76536625420287
6.41270578688893 3.73780861392734
8.67367238662921 3.01457314904385
15.5609238632255 -2.56129626510474
5.59889482204957 6.65969980946443
5.44608205494432 13.5393066522616
4.46069334773842 15.4460820549443
2.77102803036829 -11.0122538165504
3.52873463556227 -11.9195110529029
16.3249177213976 2.86521506247982
15.7634693133299 3.83885986024981
10.925293129155 -4.85105232328067
3.99786735867716 -11.0488749426392
3.17459035577241 -10.1123499707815
9.78878973760589 -4.71811131089771
3.23484359717117 -3.03474097283329
5.87230917861635 12.4443486382072
7.52647226762028 -4.46396520258889
8.66156811312891 -4.6004085562478
3.33596749913799 -9.11871523599718
3.25172927083015 -3.91011493134279
1.00855456830991 19.964302683384
2.00855456830991 -15.035697316616
4.71127117483503 -5.3690294981741
1.14651473003286 19.2289984297139
1.61198201870451 18.2964727084869
2.91505176132067 -13.5730235469119
