0.980125600743408 -0.0392248481172433 0.194461353634989
0.857552347147046 -0.0988021793412569 0.504818879658844
-0.204208596990096 -0.218617916078947 0.954203885804619
0.952244490263269 -0.0593985225991816 0.299503332663063
0.980654076054694 0.0239032120821257 -0.194283863379005
-0.912014686293838 -0.0516201838222748 -0.406896262708944
0.823378198888116 -0.10834444053454 0.557054596786544
-0.805586237667309 -0.00226394685136815 0.592474208911817
0.956341191224519 -0.0573769387390685 0.2865648493242
0.999898375552875 -0.00803491107192057 -0.0117761950895987
0.999289947661749 0.0237088582994547 -0.0292829394070295
0.948883132076562 0.0343044823614743 -0.313757875041384
0.955880065000831 -0.0572914660768742 0.288116277306177
0.920104224228897 0.0566999295648586 0.387547848069731
0.864455095527753 -0.0958321444608938 0.493491223735671
0.879792783547846 0.0379451115962893 -0.473840507473853
0.998150827699375 0.010763714092475 -0.0598253092092985
0.839686961487351 0.0573472287071135 -0.540034352673747
0.889560740252556 -0.081139713782801 0.449553151750235
0.925166557430368 -0.0652648179984492 0.373908203365574
-0.239456159301702 -0.189443549214684 0.952245708540302
-0.995453457934298 -0.00355298234317813 0.0951829260062807
0.959810516584507 0.0300350103069918 -0.279037041285993
0.880384808089592 0.0369357473049629 -0.472819564163831
0.888156741083265 -0.0808781726306369 0.452367466182397
0.999847376406532 0.00159643172492225 -0.0173975658850117
0.922473590730087 0.0553426854693298 -0.382072848512666
0.918180504264984 -0.0706325636539085 0.389814831092118
0.998526435253691 -0.0185731049359271 0.0509901742750078
0.825226347142354 -0.107234862711189 0.554528773105057
0.916008379758346 -0.273872584903634 0.29312532379631
0.96923770836066 0.0597081688390071 -0.238774368946225
0.998050287675545 0.0112645580104393 -0.0613900073594404
-0.837942218330589 -0.0166729886571764 0.545504216471742
0.999892203071428 -0.0144466560785881 -0.00262228242427303
0.0513661254963453 -0.0155210057357081 0.998559271917519
0.999656094203019 0.0129134846004616 -0.0228240057448136
-0.803328750606508 0.00308895747619033 0.595527813616373
0.843643881397783 -0.100833545331371 0.527349597056819
-0.76810259961201 -0.0834463733435837 -0.634866205782821
0.784068270707703 0.0229955210554639 -0.620248460603346
0.218769688220633 0.0490634907643622 0.974542250182034
0.903174627437291 -0.246581056740458 0.351387784093684
0.999973615864538 -0.00590551474559746 0.00422994921856729
0.226009654214769 0.0266196036752801 0.973761281270667
0.934769252258153 0.0711950482806847 0.348048430729178
0.946941509674903 0.039366485343482 -0.31898598258594
0.985345435096717 0.0889337068557089 0.145551260107788
0.926977444919498 0.0276652675347916 -0.374095508637498
0.925881364835037 -0.0694146527321675 0.371382961694909
-0.655215805883352 -0.00326688739258927 0.755434692853984
0.999573022628632 -0.0185133753740776 0.0226059143880401
-0.728261663985253 -0.0680556960209245 -0.681911556588197
-0.156437333663977 -0.181321922568205 0.970901499139988
-0.0117943315211929 -0.0434288241448713 0.998986902305211
0.984195156376644 0.0278646947740243 -0.174881253855019
0.981308087279832 0.0742373099688699 0.177547908035504
-0.999369204342135 -0.0196304431331929 -0.0295945791482439
0.970227677341933 0.0708643863505987 -0.231595537234274
0.847792748010294 0.0766782403289117 -0.524755089428599
0.999730990620374 -0.0216140617847227 0.00841300935290912
0.982937335457974 0.0433247644485178 -0.178765654834085
0.973994687779232 -0.0491657911755028 0.221172044245929
0.988092034018073 0.0237760795139334 -0.152015888488584
0.724395722905271 0.035432213171853 -0.688473234705819
0.976666642600416 0.201614738925626 -0.0739849057550421
0.999246202747457 0.0109394660582402 -0.0372472062999183
0.92549202641451 0.101502859926359 -0.364913247868496
0.974001275174633 -0.105720988005362 0.200361145568096
0.12049299861272 0.0145511794223926 0.992607525894667
0.781925660948032 0.0255581101505883 -0.622847528498359
0.785304624935266 -0.0982542364556653 0.611263242043717
-0.320066947442673 0.0100139897832944 -0.947342002216385
0.988329335756268 0.122934107297631 -0.0899573751646206
0.999823475685466 -0.00922195611262526 0.0163698806865146
0.301538205313793 -0.413615771775355 -0.859067345482771
0.993578686863605 0.0256653128208133 -0.110193850682352
0.509154925292464 -0.0712144257739589 0.857723596278026
0.75780308164661 -0.652299995781529 -0.0154662519803188
0.994553151600275 -0.101553915142271 0.0234697882657017
0.755455909752384 0.638867684292639 -0.14537692522116
0.999963666266546 -0.00760499463845702 -0.00385100030083291
0.991573459168031 0.114301976614445 0.0609682968072364
0.123107871457773 0.0828918472552011 0.988925373141855
0.968734787131905 -0.153386223020205 0.195001484066401
0.965205728278743 -0.0993480278594372 0.241884004139054
0.793032539908426 -0.0978652170350989 0.601266820921513
0.965334093979299 -0.0669469511085756 0.252285934483935
0.984884030966673 0.0587803163499764 -0.162936551935515
0.839403307095906 0.0199939159905662 -0.543141170746445
0.838073250043268 -0.091516664744025 0.537827042492327
-0.565069286925842 -0.0755818964037011 0.821574146324689
0.958911172824565 -0.149169754468133 0.241324982097036
0.996149859423946 0.0795804974023917 0.0367750187333792
0.653973892269447 0.0245285084673289 -0.756119369215151
0.778874400456179 -0.147913530348217 0.609488519870519
0.988368387278773 -0.0931196019849841 0.120235896279417
0.707201164552141 -0.137488759796809 0.693515215251713
0.965853395858159 -0.199843966168351 0.164892713287659
0.999475884949484 0.0083640754726531 -0.0312729539048242
0.986007175702694 0.0710766045296826 -0.150791132867048
0.76265472490396 0.631356355567779 -0.140523744847044
0.993856092549071 0.0344433765749235 -0.105184224640435
-0.346708407510849 0.0230163947222079 -0.937690527698389
0.6524496562597 0.0246149393105877 -0.7574322087219
0.950771358683251 0.0974450696113201 -0.294173897407723
0.994798614670131 -0.101856443346881 0.000990554951771052
0.98287099470752 0.137146474196442 -0.123107483030624
0.968563937528765 -0.232234682264694 0.0891681068106247
0.756142113050811 0.652536990213013 -0.0494427069929973
0.965972192297759 -0.226867664179534 0.124212667056078
0.997720325270717 0.0384749177529116 0.0554421612638057
0.506895613117067 -0.0348825684486687 0.861301366434012
0.955069640256487 -0.203140926998775 0.215814146983979
0.721086876949539 -0.104366454900485 0.684938945441611
0.721611408692617 0.0176313391533918 -0.692073775492408
0.936136848967323 -0.136037426293763 0.324255483612691
0.994804728954619 -0.0403137765217531 0.0934791456533563
0.493152641218776 -0.0169450032126221 -0.869777752834061
0.799161130858609 -0.600208056448681 -0.0330420323056365
0.969963441458387 0.235002341070521 -0.0628078173922462
0.709581170320012 0.694802259234977 -0.1172364418142
0.968721121819114 -0.247210640607237 -0.0215936868569551
0.0855472814217452 0.0437332998171172 0.995373829839048
0.390564752432274 0.270660393900764 0.879887564027927
0.987013045437924 -0.143968406722721 0.0712625146979529
0.965419260465129 0.254221922776512 -0.0577656083043955
0.954226314652452 -0.29895874354434 -0.00870689859764233
0.952543482655436 -0.274692081380498 0.13116849498833
0.778843827333958 0.617045307812111 -0.112505025358202
0.697158922961636 0.706412870481343 -0.122271388939855
0.953904924392787 -0.25028495915536 0.165598413156016
0.491930062403489 -0.0174913379832955 -0.870458997770288
0.972372287922723 0.226734696690972 -0.055529370574331
0.899027155505718 -0.328429036699866 0.28962828162266
0.411759910585754 -0.0129948089237408 -0.911199709709923
0.915100853821046 0.394650160119994 -0.0827144392065627
0.86388615174387 0.490490335073108 -0.114542341625436
0.995275500952649 -0.0452067391068677 0.0859245479637584
0.329430852157791 0.28669863181691 0.89959947096522
0.363781362790086 0.212083157821161 0.907019213829119
0.771498110306327 0.049768298629136 -0.634282099893516
0.991515649598366 0.0920123895070898 -0.0918174099979197
0.99280934841561 -0.0706336562466781 0.0966461810098983
0.515250401376377 -0.071868568069277 0.854021037683003
0.998052750941809 0.0500692811331971 -0.0371991051544645
0.652574867277816 0.748372766635957 -0.118677060778336
0.577312725313885 0.0038735026588568 -0.816513939359156
0.993894073957675 -0.0830764358432164 0.0726145685066212
0.955196340922439 0.292507427382107 -0.045159220705027
0.756928713499992 -0.11080539121139 0.644035005226997
0.579022979095123 0.0262912029064406 -0.814887208348211
-0.0578996163113618 -0.0763476302298945 -0.995398751149145
0.153017069417675 -0.253416873963501 -0.955178341702425
0.986842823706921 -0.14350330372838 -0.0744851872333751
0.414576259657651 -0.0762659288700875 0.90681311912756
0.0689219785912249 -0.197623952536373 -0.977852000177416
0.992816512857753 -0.117815560885039 -0.0208534268242831
0.902648695312146 -0.427821150475866 -0.0468443812723287
0.601899086662917 -0.0870822861438301 0.793809904772112
0.0413856111478371 -0.0686391332758583 -0.996782775018238
0.930031596552566 0.358014975187083 -0.0828643889477139
-0.723477000291194 -0.0145789420245925 0.690194526564141
0.905052673704865 0.41734724597207 -0.0818592334388974
0.0465217694041391 -0.0311137486731801 0.99843260143838
0.957390750338447 -0.288377114651706 -0.0155431950236261
0.995891652276361 0.0362920968458493 -0.0829620433258005
0.992248481735144 0.120421706364246 -0.030684900694411
0.665235384451028 0.737585923888146 -0.115883079681042
0.13179837487724 -0.0725321099619933 -0.988619381462947
0.11016968764324 0.040501316725747 0.993087248567855
-0.30755669448919 -0.0637706754314833 0.949390425815373
0.988167745468071 -0.123018813531742 -0.0916017376133931
-0.147680500356253 -0.0650122893863134 -0.986896079657467
0.736632629490844 0.666885725248688 -0.112409068268249
-0.503095005412621 -0.0534752271624979 -0.862575107227651
0.826852196099115 -0.561609561799238 -0.0301686244588321
-0.328038460678926 -0.017057679954502 0.944510351383176
-0.655329462556227 -0.0128007431794556 0.755234689669258
-0.723868731012356 -0.0161102937164307 0.689749605798316
-0.787305831269538 -0.0626634387198891 -0.613370052657269
-0.888290632870129 -0.0246652698947954 0.458618987849611
-0.975591606652415 -0.0336000868004201 -0.217007030292487
-0.959824929049042 -0.0378428755907329 -0.27803600907621
0.918747856057515 -0.166147833704443 0.358186088988728
0.942291228288888 -0.272470003888216 -0.194543923243504
-0.246598169881042 -0.0515343931421505 -0.967746634680168
0.969347776411707 0.13315493719802 0.206481599823014
0.998439546219904 -0.0183955022571026 0.0527264453656846
0.396601435853258 -0.0324313714525985 -0.917417847670754
0.993076020900506 -0.10034598912545 0.061079449726176
0.854165653422222 0.510968456453796 -0.0965001192901575
0.954399628581514 0.24861166804281 0.165268228877905
0.241850616675396 0.799967069524952 -0.54914567000878
0.970679964331165 -0.18819152146258 -0.149547176822728
0.401410153100052 -0.0326479764528792 -0.915316338006552
0.894335852385668 0.440626014528179 -0.0775377228103452
0.998670092118226 -0.0471680001728672 -0.0208141026293836
-0.414791974081165 -0.0247776295758303 0.909578851617854
0.259562408482467 0.904356351186847 -0.338772705764195
-0.164235799760191 -0.266159234005906 0.949834650994856
0.217130958849213 -0.205890055450326 -0.954182074750874
0.861638503481212 0.504740254355819 -0.0530694351908989
0.912146245853191 -0.409040822646477 -0.0259775207559001
0.999781304580707 -0.00825919220265798 -0.0192127237803511
0.135683176563209 -0.0304366877736922 0.990284647783194
-0.996555324829638 0.00627831464444431 0.0826926074018744
0.990426050897799 -0.0846026052441289 -0.109080873157933
0.883833987811338 0.462406740908981 -0.0708342286711878
0.999811594801564 -0.00767006569646749 -0.0178310121015093
0.747772516935301 0.662290166836454 -0.0469893373861183
-0.976423512339348 0.0723654982630816 0.203372464242404
-0.0428292787536732 -0.676569426216853 0.735132276797882
0.810933907601007 0.0972493246075016 -0.576999797544459
0.972643726924845 -0.142643171227793 -0.183349682780815
0.918454046660523 0.331078582789012 0.216400407096035
0.814000065545731 0.573861672712837 -0.089925935540148
0.99228465665253 -0.0604659784713111 -0.108235971929287
0.975437106380303 -0.219534504594337 -0.0180846008786881
0.932150792132811 0.180691632785569 0.313760154524852
0.20305057380527 0.832757510742123 -0.515058630429521
0.826169269689549 0.555836126928158 -0.0921441144194348
0.748473488933416 0.653866486716114 -0.110661890067742
0.280733933541515 0.158368073854216 0.946629817691168
-0.22559902040194 -0.423968790963446 0.877129150286706
0.923150445046717 0.144311539318282 0.356324901500915
-0.409359640036165 -0.398976564366656 0.820513489344106
0.924617883794171 0.284532690370494 0.253225032487937
0.0175673267132388 -0.150595768238057 -0.988439327233058
0.923642372589035 -0.382150093933159 -0.0290873385681273
-0.215276424847181 -0.332139877463841 0.918334994815792
-0.269724381960527 -0.496417418868237 0.825117266829515
0.898256710793919 0.366412076247405 0.242645980584383
0.906999010862481 0.22061931512357 0.358719823941873
0.180197136148953 -0.321264972830704 -0.929686941586146
-0.121235478573084 -0.191293341547331 0.974016845960485
0.894825597755453 -0.442162731034348 -0.0614757585218998
0.0547482564758607 -0.783311773634439 0.61921344760795
0.328902014948463 -0.0644766163064293 0.942160405935483
0.998114789007504 -0.053214448171881 -0.0305792490141449
-0.242320381875532 -0.055398416918187 -0.96861336348961
-0.28285063424672 -0.289748169220969 0.914353059348152
-0.785847227772497 -0.0210285570645073 0.618063050497331
-0.995414160875354 -0.0182483254876936 -0.0939023266256492
0.6930445263291 0.713296051071146 -0.104393620741799
-0.227611354546554 -0.0411199272110246 0.972883458009048
0.847837506828791 -0.5292186329134 -0.0331541941782913
0.980024511547125 0.176896476506731 -0.0908823050231549
0.793317296798462 0.599241264584421 -0.107506155263989
0.696133201390691 -0.144301521073611 0.703260717612885
-0.0643926936779414 -0.124225690566121 0.99016239011804
-0.049255331552693 -0.0382677641265936 0.998052849573802
0.235289436680742 -0.0606182724648224 0.970033146871713
0.997135430948484 0.0745399161871269 0.0128348448373195
0.843315767748456 0.5282658052867 -0.0987610997894775
0.863625935105402 -0.503188652645744 -0.030845162698243
0.321895967588234 -0.0145959916048437 -0.946662528612761
0.74899200147386 -0.112762473158925 0.652913169093153
0.149807631870457 0.0464487192917092 0.987623506154813
0.231227814275999 -0.0297192875022239 -0.97244560868745
0.911052406220052 -0.411297385473327 -0.028600241667841
-0.331024428262372 -0.0480409820344381 -0.942398478319408
0.925455805351675 -0.377644688643554 -0.0302661771652091
0.996976251374265 0.0636967274764099 -0.0445093372733715
-0.14280713224524 -0.0321445857005874 0.989228410727284
0.253830893346651 0.106984689082317 0.961313764535181
0.999809128163354 0.00385004757707777 -0.0191542260320687
0.971614786100237 -0.0820183919590569 0.221895675514062
0.725247390081797 0.0336671249231305 -0.687664706000644
-0.232738263306228 -0.0397768940885027 0.971725629738083
0.952443077809542 0.205091394983608 -0.225365709983493
0.986749755707598 -0.127881074504966 0.0998566492250326
0.98538810340422 -0.042781515310831 0.164863663725951
0.916895877291336 -0.329991045155345 0.224516948855614
-0.270000141728781 -0.151703049291372 0.950834427385829
0.793732982193552 0.603044570258264 -0.0795311213309408
-0.413621446829617 -0.0229985580703268 0.910158428543768
-0.41419132837244 -0.0415438004431557 -0.909241252993842
0.319495496435476 -0.0144653487471896 -0.947477377800162
0.899390940359494 -0.436572138228392 -0.0223764278193709
0.984130249027005 0.15725113977991 -0.0822175892857807
0.0368729134888593 -0.80806951677039 0.587932006542688
0.840264615296163 -0.541179259086286 -0.0328692229298021
0.960385001703719 0.212615786217036 -0.180153201342246
-0.839852652428416 -0.0207197166627352 0.542418856189911
0.954908096017358 0.287259557562952 0.0750498151179725
0.928555526897868 -0.189757865871726 0.319024428229612
0.968901346724776 0.21986987406711 0.113522767728016
0.781791992332387 0.619042091364193 -0.0747540623939772
0.192876621458275 0.916690405945392 -0.349967582130851
-0.346049206076575 -0.341427262210026 0.873886360800727
-0.72835921336622 0.0473358617279989 0.683558463117098
-0.493702871091423 -0.0429744385296218 0.86856817389837
0.970840863049964 0.233097032604921 0.0559802824499967
0.948040169512389 0.282833566139585 -0.14568806009995
-0.128603888426089 -0.0605780054905331 0.989844101428341
0.599614027428961 -0.085862435719621 0.795669944287652
0.942286246723417 -0.331650849593226 -0.0458731206698086
0.968709990669484 -0.232984313927474 -0.0855526939428118
0.927337764175456 0.357603192798497 -0.110293370763557
-0.041729212999159 -0.0384739162790492 0.998387915866685
0.976807939877382 0.113587999489281 -0.181504862096109
0.938877547636202 0.296213906603533 -0.175403170094797
0.540249527944402 0.831855327025945 -0.127071485607155
0.253076426371065 -0.373843278951888 -0.892296769689184
0.667480427129881 -0.104654935452904 0.737236206302879
-0.583003810599568 -0.00810668645098498 0.812428974410175
-0.57642307199565 -0.0474374985870264 -0.815773329913955
-0.726193349942923 -0.0681096932716998 -0.68410838920533
0.942123568835408 -0.29788444182206 -0.153844208097655
0.97390340728021 0.101387029709786 -0.203058670079918
0.336741302802383 0.84875423139714 -0.407702771234638
0.990570086843496 0.13419432970945 0.027618561235169
0.582778474477822 0.024176564560216 -0.812271348387574
0.618128353903787 0.777320307821031 -0.117006312433188
0.605620501089557 0.787063505652346 -0.117281058702049
0.260282425130463 0.220510340369621 0.940015025921543
-0.501265892553243 -0.00476413304893593 0.865280190458035
-0.321735368013143 -0.0315727819906717 -0.946303076401433
0.876064589288066 0.264591159066848 -0.403115807106585
0.818220173068802 0.56140554896618 -0.123852969174104
0.167138607162372 0.101933959342992 0.980649863064531
0.921492934012664 0.263184392833773 -0.285630439437835
0.986232893723421 -0.155371334196527 0.056607665981902
0.866048856228019 -0.498548313406347 -0.037536086980772
0.578315862017905 -0.0900183359942832 0.810831340614871
0.962659734406796 0.149235812245398 -0.225864800478724
-0.0662693885342953 -0.0972696213434722 -0.993049338606591
0.954281929144171 0.121084116989611 -0.273284899549402
0.96773648596435 -0.227388719086263 -0.108537846697273
0.975835319225367 0.146821436322394 0.161829835285572
-0.959379816331364 -0.0124039062426953 0.281844835194686
0.46401116004707 -0.0628513401774002 -0.883596826833187
0.986585529397259 0.0599297123587287 0.151846708099091
0.705500681990315 0.700833368044283 -0.105363076772212
0.987064931121685 0.0991861833715598 -0.125956035099263
0.969688844779401 0.18761923168664 0.156532962061368
0.99730206315125 -0.068171994398526 -0.0272245112717988
0.111590318996018 -0.115113177946122 -0.987064616410451
-0.950615548997657 0.118563440283514 0.286832335401749
0.873296509362621 0.458493405649929 -0.164733128758579
-0.180841295239913 -0.116458365952862 0.976592993490912
0.0587992841539338 -0.139098743768234 -0.988531326597738
0.998662428143961 -0.0336093233477291 -0.0392908131465225
-0.578894070841563 -0.00765033547391116 0.815366866577015
0.866649494355304 0.478245568670626 -0.142126105908117
0.839815821827689 0.306252664756012 -0.44823954615554
0.898543455236462 0.124532973750837 -0.420845812026796
0.879619509988814 -0.474714001898539 -0.0302677063635751
-0.656976597113875 -0.062064680471757 -0.751351932374311
0.994866080444409 -0.0982030274530169 -0.024446827610978
0.995503010572562 0.085884962789822 -0.0399691019108102
0.171573595887751 0.888155977892041 -0.426311459063417
-0.93003287809054 -0.0451024458201298 -0.364697977855195
-0.840285660945454 -0.0576590962881552 -0.539069046249823
0.238838615637722 0.159236153530819 0.957914381919891
0.913755715510643 0.225469719803858 -0.337955467218985
0.19005661785331 -0.135842107764417 -0.9723298842308
0.967930409791328 0.160661695263112 -0.193128303146832
-0.10876800036385 -0.0839545723348374 0.990515599009387
0.887093807820559 -0.461125890382649 -0.0206758154671139
0.999818841497719 -0.0175865125402934 -0.00728002491949311
0.15294539773653 -0.177046438621615 -0.972245989388805
0.957561469986701 0.214695128007049 0.192307132491088
0.948897711876105 -0.314053750348987 -0.0310382713440633
-0.420762112987447 -0.0387201854432153 -0.906344300756386
-0.745790516656604 0.0338175551716275 0.665321635171509
-0.168319409891907 -0.0525755500612764 -0.984329410202395
0.663999607243303 -0.104674581684601 0.740370011230798
0.936073713535944 -0.35078733210593 -0.0267254646550953
0.842822664785556 -0.403311126243984 0.356356690931408
0.903348051385294 0.152313032918077 -0.40095266311834
-0.66143630729642 -0.00577123769237782 0.749979135846841
0.672022858617182 0.0609426304686205 -0.738018477605781
0.937964967111933 0.188152143784025 -0.291239577084205
0.932173086022411 0.154112502541288 -0.327570869058768
0.880824053120119 0.461377604964559 -0.106205899469912
0.140577743377969 0.909022102831866 -0.392322207668506
-0.92340821439167 -0.00742575442415441 0.383747479164646
0.998835927779673 -0.0351610836084404 -0.0330225313384592
0.897316230610186 -0.392274769879732 0.202346453389555
-0.0351739651702461 -0.0757807588080962 0.996503923107517
0.834492524575055 -0.549915015656961 -0.0348669181797821
0.818523052337303 0.536260475401541 -0.206021152590065
-0.00617535137593555 -0.111545831608724 -0.993740103088379
0.997893769563199 0.0503597979988618 -0.0408890622595151
-0.994406612237378 0.0187409120071222 0.10394357967533
0.0430463207608972 0.00831114376701501 0.999038507345054
-0.580983198534638 -0.0454545884869616 -0.812645312178654
0.999328340862188 -0.0226755960233343 0.0287868805988459
0.971473425060026 0.223555507522294 -0.0791348182445061
0.986881375412255 -0.0766493860451206 0.142091598918873
0.434826285959226 -0.0478602931435752 0.899241621244878
0.134328470222984 0.00405486445933276 0.990928564610875
0.996373015378557 -0.0830587566716919 -0.018494787524985
-0.301493889233515 -0.224420480398695 0.926680572113427
0.997457594108381 0.0546993091425465 -0.0456764001958205
0.998945804042297 0.028002465488541 0.0363750259498407
0.0122107652393681 -0.0944474045720865 -0.995454963813967
-0.846759916689505 0.0521232555911509 0.529415535958818
0.641035685763349 0.759496336982834 -0.110628042048883
-0.386636018720627 -0.27902244964748 0.879010273899334
0.544656402203475 0.829051088396188 -0.126584739869635
0.644881349891002 0.756266985354997 -0.110400595219516
0.967732470042423 -0.251231991834181 -0.0193998119738603
0.919490238399712 -0.353932500941548 0.171083272896279
0.892417139888606 0.434957360903169 -0.120015593275166
-0.0833006557199567 -0.115547491805278 0.989802898507645
-0.888902530174305 -0.0509230183749696 -0.455257221852988
0.995191033959731 0.0755336634068463 0.0623656285024228
-0.909712597210353 0.0335860762439736 0.413877960224181
0.909468183129792 0.35414717043008 -0.217824253817069
0.86903767183847 0.176574547407838 -0.462163341399216
0.33422001045407 -0.064380731696897 0.940293627543149
0.977896968100912 0.0428829200750944 0.204642554090976
0.991584540547565 -0.037563375858116 0.123891451445274
0.982020568756019 -0.188200289889624 -0.0147055576421496
-0.333223574777894 -0.178609820661224 0.92577566460542
-0.623466857589786 -0.033675608513001 -0.781124209635315
0.797058632752778 -0.603074604586725 -0.0315999565955106
-0.993581630311021 0.0138551122966488 0.112265666041495
0.851542424293619 0.377851471756378 -0.363460816209513
-0.0640763433613991 -0.0758041828590491 -0.995061781037994
-0.819822142289726 -0.0786129241889732 -0.567196318008098
0.942680243142983 0.117931207627771 0.312163722196128
0.922838798368679 0.375721921459229 -0.0848621821569462
0.976503598308963 -0.213627628480727 -0.0283541679360764
-0.976627414508087 -0.00590511178573697 0.214858145961579
0.743622498393363 0.0698820952599455 -0.664937645682129
0.991485415174201 0.0865038387090289 0.0973332285781405
0.528203408560877 0.830131143532802 -0.178559356298106
0.976824237181739 0.206463309700946 -0.0564562786733767
-0.247456415190681 -0.017703745446245 -0.968737270872837
-0.619669266312603 -0.034897253909561 -0.784086845991675
0.99926731024734 -0.0326927190389415 -0.0199004721775204
0.997538534342988 0.025114408236819 0.0654686107975318
-0.863412778381002 0.0478495114806651 0.502223852857927
0.992552230936513 0.108871991415017 -0.0546530726334657
0.969552627300684 0.0580543609944313 0.237902068221083
0.290236424931481 0.0778990386740483 0.95377909256633
-0.161492927216697 -0.137551092362976 0.977240876881813
0.434409370235938 -0.0498546562930743 0.89933476097453
0.939611345974513 0.329117256591974 -0.0938741174623595
-0.52364128767698 0.00436987471754951 -0.851927641314065
0.999853255496064 0.00280546774268517 0.0168996101927943
-0.210454534679067 -0.0146506798294308 -0.9774938600388
-0.164412531329077 -0.0514178351533323 -0.98505062091758
0.999984435223507 -0.00537897326973633 0.00148187627243297
0.992824898681953 0.0701875634447688 -0.0968112932196293
0.99992127312925 -0.00885201677238973 0.00889321891342077
0.989288210312034 0.0755248082161261 -0.124919335098817
0.985584868574171 -0.0400295801243171 0.164377916864477
0.996278615885894 0.040610547620537 -0.0760243576128529
0.798402709873658 0.586931515367643 -0.134404274986477
0.873153544880547 0.47762292682032 -0.0973613210578344
0.984501076250669 -0.166002980893403 -0.056574209634598
-0.0147370625646303 -0.0452323305002474 0.998867786678739
0.982037233302941 -0.188440172157855 -0.00965266407906363
0.997351161057784 -0.06802819646642 -0.0257454077888752
0.050480387865155 -0.000775622474016517 0.998724751295752
0.990718756354475 0.0226783798991999 -0.134022523825625
-0.978631792026114 0.0565060617210255 0.197704022782889
0.648641463115246 0.0780379126911065 -0.757082780487397
-0.957395845599998 0.00675170884021803 0.288699860158611
-0.998818398955665 -0.0207995657603474 -0.0439224768407003
-0.47452930838385 -0.0194615151513248 -0.880024536540181
0.998625580471003 -0.0207406990657201 0.0481328726674089
0.983613087340681 -0.0621958833959229 0.169224603709786
0.989824045647173 -0.0385864189797493 0.13696513033974
0.231509051890876 0.211517310088576 0.949559890910247
-0.03409722405727 -0.0832400750488897 0.995946017220534
-0.846831385607378 -0.0687990428417882 -0.527392923781067
0.99140768472348 -0.120720954796993 0.0503711598450016
0.0363053524396691 -0.0196238287713007 0.99914805045528
0.985443222659346 0.128158549280687 0.111700676636412
0.905432542786031 0.306380701797382 -0.293807379128172
0.998669532317755 -0.0494696124681261 -0.0145575637553088
0.941409703237301 0.327858779527124 -0.0790973535438541
0.0281066953102882 -0.0172737745836265 0.999455667046002
0.821857064357718 -0.568963394019459 -0.0288378576036958
-0.11053237565019 -0.0715280612459881 -0.991295279110879
-0.490319766505266 -0.044927232515023 0.87038386379388
-0.951915801487716 0.00914485804685765 0.306223249361152
-0.473883294069092 -0.0249532394820006 -0.8802340367434
-0.091308113358345 -0.0801486836913241 -0.992592069753475
-0.885395127129371 0.0106308392539717 0.464717606845621
0.160757625744934 0.132024829198773 0.97812393398786
0.987616833419989 -0.150557799358572 -0.0441060018339746
-0.0928474257171824 -0.0951707469740815 0.99112152860186
0.99478769181716 0.0683464640723826 0.0756717190097401
-0.917592659557639 0.0299918764462527 0.396388948475069
0.993044132493665 -0.030003558749696 0.113855774479201
0.0971026259767858 0.94232843428745 -0.320293930572805
0.479635713304444 0.864464448046608 -0.150501829179619
-0.970183628562012 -0.00198115771853366 0.242362954851482
0.478555949120738 0.864641820057914 -0.152901035209337
-0.925046162948484 -0.00617550665960602 0.37980450172659
0.924239124057204 0.371283421624863 -0.0890542665373543
0.992295127154908 -0.0417062668504242 0.116666053031828
0.997502701792758 0.0252936620619763 0.065943844107262
0.988515569009999 -0.0392558295652405 0.145931318331548
-0.995724202322946 -0.00356662266345788 0.0923070534201495
0.999999504546754 0.000989918794722512 0.000104723575279499
0.0157890465448251 -0 -0.999875345235198
0.0148836035801553 -0 -0.999889233037574
0.0152047375095632 -0 -0.999884401297102
0.0150902594279272 -0 -0.999886135552643
0.0149056400408968 -0 -0.999888904776411
0.0148636201807301 -0 -0.999889530295784
0.0156669466406401 -0 -0.999877265859645
0.0156390771100343 -0 -0.999877702155192
-0 -0.00218597262924023 -0.999997610758978
-0 -0.00253113045327778 -0.999996796684184
-0 -0.00189852805000232 -0.999998197793998
-0 -0.00242579024631861 -0.999997057766512
-0 -0.00123789476838132 -0.999999233807978
-0 -0.00165797781078065 -0.999998625553845
-0 -0.00131081250990335 -0.999999140884913
-0 -0.00169366865250012 -0.999998565742219
-0 -0.00189136271272554 -0.999998211371945
0.999976558921216 0.00684701453804325 -0
0.999977467304557 0.00671303829604426 -0
0.999976999434297 0.0067823743910717 -0
0.999978006395575 0.00663224887440761 -0
-0.00180856971930833 0 -0.999998364536448
-0.00232465979693169 0 -0.999997297974764
-0.00217652544104156 0 -0.999997631365697
-0.00212943087781169 0 -0.999997732759498
-0.00190027113030007 0 -0.999998194483186
-0.00174459937552052 0 -0.999998478185352
-0.00169867554463168 0 -0.999998557249656
-0.00186917182349996 0 -0.999998253096821
0 0.013232960362667 -0.999912440546691
0 0.0129767558018197 -0.999915798359472
0 0.0129657050416699 -0.999915941713488
0 0.013064420921342 -0.999914656811265
0 0.0131216269674358 -0.999913907746926
0 0.0131834065369157 -0.999913095119812
0 0.013077442937837 -0.999914486586832
0 0.0130785080368972 -0.999914472656301
0 0.0130334067850582 -0.999915061546517
0.906821362976568 -0.0523919228457858 -0.418246460917293
0.917120520790007 0.361827419750593 0.167244936134088
0.945567556658171 0.325418237974709 -0.00222849476815507
-0.662561632496343 -0.000265932519318657 0.749007351381598
0.996678977040525 0.0118014240132881 -0.0805713541943488
-0.0589815290293034 0.0926885261097807 0.99394668688062
0.994119787053446 0.00686919659479534 -0.108067863525445
0.901086572032004 0.391111630595747 0.187282359330366
-0.959885030648275 -0.0141794043188288 0.280035127136799
0.424534963633284 0.0119327989523498 -0.9053329072568
0.980448893418218 -0.0362455321516337 0.193406899551274
-0.127482950997489 0.167541911635859 0.977587748005453
-0.599441073424985 0.0214788692023903 0.800130650374605
0.319733897428502 0.0561121338749598 -0.945844418108591
-0.163654086232214 0.167119764957298 0.972259391428088
0.998977744093881 0.0257505967513142 -0.0371533790125647
-0.246925233236593 -0.018950248609688 0.968849223186294
0.980883325953642 0.0136481472627876 -0.194117564744706
-0.577701515878981 -0.0574401078902482 -0.814224534484613
0.884858440035694 -0.0673409996640005 -0.460967168963095
0.995129813195191 -0.0982014493640219 0.00855162165374917
0.956372061610405 -0.0343728032006824 0.290122371028487
0.901732513947949 -0.173093684257984 -0.396127567532366
-0.965460631329321 -0.0189684792285279 0.25985758820736
0.229002999965803 0.00987180686120608 -0.9733756589498
0.987844071530948 0.00611971433055509 -0.155327523117032
0.912436448076381 -0.0450464665641682 0.406731538083587
0.915302798200195 -0.0446148164405124 -0.40028777868038
0.950175599225671 -0.0412552398145517 0.308973034137253
-0.232532500447131 0.372844127079853 0.898284973233922
-0.995254417879695 -0.0152654142849216 -0.0961020853970346
-0.995503037848288 -0.00261671890101928 0.0946934761059238
0.997864060906069 0.0295153097936703 0.0582766028508159
0.993156671836518 0.109160901015159 -0.0415177417036423
-0.723166304452114 -0.0278290197283228 0.690113064480041
-0.156524094149188 0.0153277602214096 0.987555197301584
0.918645648343672 0.0370505094794039 0.393341368948845
0.999302808185407 0.0360808136142199 -0.0095954385880173
0.923592851497048 0.0396074717096692 0.381323344221566
-0.325266984233758 -0.0477158770552376 -0.944417589863894
0.479344796807149 0.0248152036363739 -0.877275767043863
-0.551052393268695 0.0973413780631815 0.828773742338404
0.146149607394576 -0.011647168523574 -0.989193932312464
0.998015295847249 0.0410577832907088 0.0477464939674258
0.286070837103417 -0.928847828397457 -0.235383066171461
0.872989550409577 -0.0682650133043002 0.482938021731824
0.997525588640266 0.0636777207081228 -0.0297967765590271
-0.991896929149042 -0.0258559581476373 0.124386298976086
0.997832215245902 -0.0658090078707215 -0.000211424990803434
-0.992944826013316 -0.0228981156860454 0.116345385776203
-0.553111629262259 -0.0507515266360126 -0.831559864422859
0.707556208041114 -0.132185938073006 0.69418375826451
0.864548340417095 0.0224205744544507 -0.502049285352722
-0.661303697594403 -0.0659212846160654 -0.747216035549652
0.982099324147934 -0.184697936766905 0.0369809364702985
-0.19860679878044 0.365076249198767 0.909546409892946
0.875815833392925 0.024054104862228 -0.48204566797922
0.335361124178079 -0.914604568898022 -0.225901303539574
0.998939591041598 0.0458275664707757 -0.00441900452714988
0.939688800734675 0.0069232910015411 -0.341960561783865
-0.34854081348664 0.367361657989283 0.86230198513829
-0.240691831861812 -0.0710355318149136 -0.967998654593475
0.955020679797195 0.00892929976692414 -0.296404738095356
0.925712995359189 0.026479447369905 -0.377298673586461
0.99829867960606 0.017631648244473 -0.0555776148910662
0.967830996355742 0.250458431001721 -0.0239528042869202
0.974010887604995 0.178184286019151 0.139832582193043
0.867264093134417 -0.120687987369644 -0.48299834623361
0.995103782473562 0.0509717135542738 0.0846778986758137
0.52323891991172 0.0624542361357712 -0.849894405840111
0.974154993489651 0.108091127795919 0.198338994529528
0.984903056143985 -0.0134455235385576 -0.17258385757368
0.640377259985055 -0.09789261472277 0.761796561344807
0.942512480991779 -0.0354358763292676 0.332286806604623
0.877040677310449 -0.0701321216034191 0.475269540221371
0.721928117676114 -0.142532135424434 0.677129517359843
0.904493606217018 -0.245154166156438 -0.34898531649437
-0.787430957272761 -0.0218012167560533 0.616017203068598
0.976815771935994 0.174859793414769 0.123511134494156
0.983511988930491 -0.019955412156248 -0.179738557787871
0.441118402249168 0.160953756446347 -0.882897753696854
0.972014093858967 0.0860109138585969 0.218610896427284
0.871348871199272 0.436021805102461 0.225024732273913
0.98152824951908 -0.0511173318880566 -0.184361909777094
0.0620559035498404 -0.0513336123084104 -0.996751686771576
0.911800069539623 -0.0411584509371942 0.408566536936139
0.778071907550389 0.0222788662422948 -0.62778002421219
-0.722474538965739 -0.0292602663530615 0.690778095598862
0.998990027779468 0.0133971083253903 -0.0428887151322615
-0.0815283309851815 0.143239121014122 0.986324330764416
0.981708539409064 -0.0701974367227387 -0.176976449079757
0.820492617559068 -0.0866591330453969 0.565050492602996
0.874975117179916 0.331759006168717 0.352639342873051
0.964011929836194 -0.115583677419032 -0.239418906203729
0.922837634345134 -0.0707959773931802 0.378627297247863
-0.924501470821845 -0.0290916955203685 0.380066709539255
0.969126130524203 -0.0458972083624332 -0.242256040997373
0.632377058544526 -0.0982422107894092 0.768405962916597
0.981569664510916 -0.100859487475108 -0.162321771485485
-0.398353727597845 -0.0471420178251348 -0.916019616528094
0.832768259000811 -0.0909116636884712 0.546106304858452
0.983977173326466 0.0127799835793693 0.177835863627584
-0.493918941455712 0.0670029406079704 0.866922537036126
0.994172343820456 -0.0549955363846239 -0.0927191553041123
0.998618187579172 0.0223089184764548 -0.0475817989624185
0.988815104418744 0.0879428184752872 0.120460574263829
0.957014509934329 0.132921761532816 0.257788737314434
0.983302472066409 -0.140364644858844 -0.115818888363425
0.889075491281624 0.456850202540387 0.0288559047882
0.814195174853464 -0.0809270051450171 0.574923505419283
0.983977659282732 0.0707791316345101 0.163640705686392
-0.29359677785709 -0.00645997239389696 0.95590752732082
0.985160503455859 -0.152256264120546 -0.079226336950874
0.994914888336348 -0.065857612932952 -0.076204591629674
0.83202998582359 0.0557148690777553 0.551925679828404
0.967350720658584 -0.246819869162828 -0.0575546299420215
0.923212498786137 0.384231420662052 0.00670055677370727
0.965238865178355 -0.0604840153259934 -0.25427468816075
0.998899179501684 0.0100059886884714 -0.0458291324511782
0.995322792274205 0.0670594195730627 0.0695382874825383
0.993119066626134 -0.0460477519640563 -0.107676014240374
0.982767428267048 -0.116419192546827 -0.143578388151271
0.836659294251047 0.0158751958282556 -0.547493564803052
0.962702859625471 0.124915415226923 -0.239998631470321
0.98884865920606 -0.146993226434113 -0.0239023130442862
0.956521445914724 0.29134259230868 0.0136461500821448
-0.836912782122849 -0.0368140915862478 0.54609680257265
0.963910565295568 -0.151852430209578 -0.218671583775818
0.756498177981276 -0.651471163944233 0.0574093133572945
0.896137232553164 0.337421553005149 0.288244264469478
0.994091886928268 0.108412795804849 0.00529018422856478
0.964624006312635 -0.211988555987347 -0.156720702447895
-0.432520546595345 -0.00108381998286006 0.901623425886389
0.981887511630633 0.144337804895288 0.122733502279584
0.938826660292705 -0.121481432302579 -0.322252639289983
0.292821164691717 -0.343062297170822 0.892504356162179
0.352870453326001 -0.407388230652068 0.842328482657259
0.917268552528447 0.398202261533423 0.00730489233561196
0.969964082764111 -0.238345057829749 -0.0485933283045236
0.0595056227615008 -0.127991448505476 0.989988520119924
0.825625428008109 -0.562201504874524 0.0476667656050539
0.988327042884134 0.0104565617343559 0.151987883137438
-0.492534778157541 0.0541373176845095 0.868607300878382
0.988954344626661 0.128068209485227 0.0746179466569528
0.626571119929373 -0.133989578461393 0.767760004515858
0.99941152997617 0.0327034933263817 -0.0103477183447417
0.904925960244655 -0.355333896206915 -0.234193997962593
0.783794760496452 -0.6188100463128 0.0523440541098947
0.997873442586861 0.00979370227101566 -0.0644412598858344
0.939486003777533 -0.32874478753201 -0.096399758177371
0.997580489701061 -0.0628253128714202 -0.0297682151026695
0.962061403298988 -0.189096080437344 -0.196673660274106
0.974487564973581 0.224339156498821 -0.00677706228812496
0.946691763750057 -0.305099036928582 0.103388984486055
0.97729255761882 0.211815185553734 -0.0057951696872177
0.0230203180678733 -0.0727188785777261 0.99708677137672
0.110801495162814 -0.206364145788194 0.972181499516831
0.978027115342848 0.144008769822929 -0.150746263198243
0.0162392658744844 0.696507916251975 0.717365324532898
0.99786368551282 0.0639691361209564 0.0132670553895673
0.989050601401247 0.00158155139907541 -0.147568311513699
0.974519652489456 0.214807146798061 -0.0645704003108766
0.842064757464118 -0.53536538068183 0.0656570895204407
0.934601344485505 -0.326835818275236 0.140351967489746
0.743906523810954 -0.664845791428394 0.0676990210524186
0.778884003322172 0.0206181438404913 -0.626829005003278
0.996492445520112 -0.0682612608316633 -0.0484066760996782
0.98892950129425 0.138173876979749 0.0540964064452613
-0.32975793658774 -0.0158479470501987 0.943932490081621
-0.656493585029266 -0.0129856491397368 0.754219825867659
0.0434287745011885 -0.0302496995394658 0.998598466463421
0.234320627430975 -0.029222504436644 -0.971720067094842
-0.140789952699022 -0.0646446772287927 -0.98792674572814
0.40828416746431 -0.0756148595871684 0.909717775800598
-0.889598834275454 -0.0257248469955154 0.456017703935724
-0.651728683913349 -0.0626451294699252 -0.755860642128078
-0.886827393272658 -0.0498115226150045 -0.459408300704284
0.576949407262855 0.00463429245810809 -0.81676673829953
0.950230003341053 0.311547332062408 -0.00109573503056186
0.982002537525802 -0.17431610291874 0.0726974040534427
-0.168029359125434 0.131930932062326 0.976913693033864
0.891270380049799 -0.40986730381355 0.194025521286501
0.329597859389335 -0.0200036295051875 -0.943909479713276
-0.857554301848497 -0.329835381002929 0.394726792629777
0.999036927421054 0.0430885403997719 -0.00828223009320235
0.771338507951508 -0.634162507712013 0.0536173475990071
0.957960333095974 -0.254707596514254 0.132045600050065
-0.680341590655659 0.0121477900288151 0.732794480889112
0.999454416341801 -0.0237349654328996 -0.0229678268621321
0.052957273225836 -0.0783999228801751 0.995514429480993
0.936841902313658 0.223021703221678 -0.26942266044531
0.984112335296113 0.106614446671523 -0.141972783585293
-0.788823941987377 -0.0756270980974442 0.609948629460592
-0.523601592888101 -0.0379807228947808 -0.851116229790875
0.924111218281046 0.187480806083175 -0.332970574672182
0.993437347691786 -0.104828665234296 0.0457513623437012
0.909830454557611 0.264423903807631 -0.31982580110839
0.936837994732773 -0.288507646198512 -0.197731913736938
0.956510561093045 0.279515683597503 -0.0834177987032026
0.974001102052238 -0.218067234680798 0.0613883894535129
0.999041265439166 0.0042947864823349 -0.0435672441035725
-0.248940074700428 0.200977439171948 0.947437020678436
0.969022415092853 0.150082888701084 -0.196139454385782
0.997123076767983 0.0287468142092734 -0.0701369406915408
0.664826923011094 -0.743932881183545 0.0675946058021674
0.990742380578462 -0.134778592203573 -0.0162562729229531
0.906443676133747 -0.339395673470588 0.251337300905745
0.875888249660375 -0.420724906597542 0.236242094207137
0.580784639599978 -0.0979996714035611 0.808136910931259
0.992012245810356 -0.0172731929487288 -0.124953355167636
0.722560120266046 -0.688962538890275 0.056898968417572
0.989800748915602 -0.115401372745831 0.0835284419493811
0.169990328824165 -0.191573628952509 0.966645143160725
0.0969157930607476 -0.118044288454816 0.988267613057618
-0.36463742032293 -0.0604361833965515 -0.929186213542096
0.610050829753935 -0.788880428065203 0.0742001033166196
-0.131057187090417 0.0832831860845357 0.987870398699929
0.00217398089749428 -0.00900560087546554 0.99995708555914
0.581805212457257 0.0155056661563359 -0.813180342282458
0.976382946461985 -0.215544415023693 0.0147291211654507
0.999596499347365 -0.0284036714571328 -0.000264462187333734
-0.198423279401432 0.0679804207164946 0.977756035312894
-0.254243600595128 -0.22922517898512 -0.939582890901949
0.989930036024959 0.140852100162619 -0.0141141650621858
0.679067007922114 -0.115368812944861 0.724953816288598
0.999141607340503 -0.03942211209887 -0.0127257832253971
0.686009814651989 -0.724562507925709 0.0663302819951126
0.9993633912888 0.0108369580720133 -0.0339907706810924
-0.407229935009846 -0.0774417787368151 -0.910036565714782
0.635423355070782 -0.768484485828204 0.075291134085968
-0.0329872222098522 -0.0743553283255058 -0.996686073104508
0.322982781042124 -0.254214293005856 0.911623396135613
0.705964371188652 -0.705139552774492 0.066276072041126
-0.0255181223576336 0.0171077269063408 0.999527964146796
0.063717064458171 -0.0517730335149861 -0.996624146154151
0.992683194191935 -0.0303988704326904 -0.116858823566356
0.0755699762747376 -0.0718970125134536 0.994545121287856
-0.0434802632334936 0.0229204280001677 0.998791329903016
-0.00529243227154336 -0.00478171263017669 0.99997456236895
0.246880969353015 -0.188993856632061 0.950437325196488
0.977764637956041 -0.122598688240476 0.170134871218121
0.754002477852259 0.0501602240929286 -0.654953597830869
0.999499057653765 -0.0268050867711094 0.0168262019609231
0.0512953601525658 -0.0465656477616369 -0.99759732681847
0.822691985202086 0.00992204643745052 -0.568400783319959
0.408046297851465 -0.216400818910158 0.886943574521359
0.0548709955848222 0.645254272221993 0.761994814957947
0.839237081798692 -0.540354545806563 0.0608118850242235
0.68058722099562 -0.729997770636722 0.062484313894569
0.130176770490486 -0.0512937999242542 0.990163094906086
0.658061717027718 -0.749944707846595 0.0673625397043306
0.583856917203347 0.0161076997891518 -0.811696767420757
0.726779040501433 -0.683074028298796 0.0721255721049945
0.996821259770857 0.079469766323883 0.00565086801015959
0.647985359456325 0.0126192199567128 -0.76154824483938
0.597631355912531 -0.108692387964833 0.794369389659906
-0.0577728851601163 -0.010972019948045 0.998269456869505
-0.0640737418823 -0.0210493788286705 0.997723147597633
0.22890704384516 -0.0600681431834559 0.971593219126483
0.799876154294895 -0.598259326825995 0.0477903301528259
-0.146240641672804 -0.0299058056481495 0.988796904076697
0.948927109836922 0.274696004244719 0.155175531152729
0.899050899958314 -0.437779864855791 0.00750128062335957
-0.0123360781779073 -0.0842666779548222 -0.996366874279573
0.999509915771896 0.0129444345718801 -0.0285021032078762
0.979813971477396 -0.199417961137715 0.0140377374733163
0.14302690384289 -0.0382929137527837 -0.988977733588294
-0.0412834240538842 -0.0739309929546257 -0.996408494132367
-0.242988293056204 -0.0223046516347513 0.969772752738024
0.571451104086843 -0.0900111512096647 0.815684760367532
0.0485386344653681 -0.0668729701136785 -0.996580155748855
0.304417960373947 -0.0673546887556902 0.950154225010019
0.364451842979111 -0.19196495676144 0.911221328506257
0.999014547645691 0.00411998492474526 -0.044192299289528
0.195478574934465 0.0570501666915715 -0.979047192540817
0.948664061702846 -0.262715143199831 0.176117152960609
0.210550733073672 -0.331556402523454 0.919640549751828
0.844276967932704 -0.533209708021947 0.0537011051051004
0.977090116704603 0.108494704848866 -0.183095065083533
0.997355790802666 -0.0621436574502616 0.0376774785660349
0.637015704946361 -0.76852121650102 0.0598843171413252
0.274718451719964 0.100917347448559 -0.956214129402266
0.743456264065159 -0.667591350676261 0.0399320914118239
0.0963987170408533 -0.0640653055311413 0.993278875230959
0.147555760656906 -0.0314382255019726 -0.988553961842372
0.996253188029142 0.0738325467300861 0.0450371000966985
0.99039846383364 0.0942510253791952 -0.101131731177397
0.975270682685306 0.198521101068907 0.0971414840576678
0.692316918284956 -0.117262277301183 0.71200199647091
-0.2732953796399 0.319411495968648 0.907351052079929
0.994958263626646 0.100165203114588 0.00499857240257849
0.993426752907133 -0.114209387522528 0.00771378053356598
0.713564975655223 -0.104429488113844 0.692762230155803
0.155248418130316 -0.257956916347481 0.953601676789913
0.764989998498553 -0.105628570143823 0.635321105714705
-0.048900376945243 0.0522053474088117 0.997438396512055
0.99478693347178 -0.0653694021527905 0.0782674789168535
0.323696547354953 -0.0217011615407045 -0.945912049198162
0.495513097581708 -0.00491633275990751 -0.868586552853068
-0.0128656069692456 0.00128559845636677 0.999916408203167
0.698326001951877 0.0616742645431843 -0.713117858485513
0.124427358080847 0.00343592175742104 -0.99222277085476
-0.822163914581225 -0.0499718440144666 0.567053183013966
0.98656773019555 0.13570105543715 -0.0909358965977903
-0.88839943119325 -0.0555204489806496 0.455701580423523
0.965667961118867 0.22493494309904 -0.129960225613694
0.817571880920078 -0.573383866659858 0.052982647942477
-0.195077745919713 0.207950373903779 0.958489079249296
0.483366323777528 -0.0827599813156458 0.871497436904109
0.77492953164972 -0.108894071478317 0.622596419981693
0.988667277958846 -0.143871309365829 0.0428726000472135
0.235027995540726 -0.0070913204280816 -0.971962733075037
0.797870910723946 -0.600757502361622 0.0499242744240385
0.971324181558522 -0.0168342117428107 -0.237162272789469
0.996607472353175 0.0822020477528571 0.0040459109052706
0.775243329859516 -0.629770068827886 0.0488614358860751
-0.121717949112636 0.112794841423521 0.986134911973031
0.997745651585347 0.0655176066007517 0.0145278342446985
0.925684919001347 0.252968850903343 -0.281272450137074
0.838298772099774 0.0212370442279916 -0.54479735374584
-0.0450957747930171 0.0352049096234425 0.998362151443164
0.870385466625374 -0.490323131175181 0.0448594083988728
-0.112187568382166 0.199970896352151 0.973357894154362
-0.801208506057117 -0.0585664168301524 0.595512304357684
0.755205049332213 0.0483134564355702 -0.653705700900931
0.950658298871577 -0.309627253038675 0.019487507853054
0.643772085537499 0.0248883038683163 -0.764812443814337
-0.364160058468377 0.105834002516852 0.925303526269932
0.945389231756703 -0.325544086029119 0.0161322202419824
0.907733865100964 -0.419191032402994 0.0172658188851843
0.961246812641688 0.172187977273435 0.215304123668543
-0.715122965344875 -0.0675056476685268 -0.695731364801965
0.41299843181112 -0.0129710403729893 -0.910639361895365
-0.958427301164473 -0.0376094361713761 -0.282847377031245
0.410322965608866 -0.885599139651269 -0.217598776979278
0.937533216022653 -0.210981000446681 -0.276619750388034
0.952852450988058 0.223386969061226 -0.205354495202049
0.720377114756749 0.0182634607086081 -0.693342093441388
-0.413095367455466 -0.00727161837639387 0.910658740117845
0.968878123087882 -0.187694065154734 0.161388105222764
-0.173614712446188 -0.184019032057854 -0.96746830824721
0.747367760133354 -0.65782794460317 0.0932942999996388
-0.29194000483503 0.0638289135327918 0.954304408128845
0.132153457198385 -0.0876474688042321 0.987346638705336
0.864092795857072 -0.0386938161473282 0.501843031973012
-0.0228341434495394 -0.0957806478719542 -0.995140527456376
0.998203624344236 -0.0596282954497958 -0.00583015675460551
0.650233510522831 0.0130937588111177 -0.759621573728229
0.991143681217117 -0.00174294262954002 -0.132782398435834
0.87177565734721 -0.488416094296209 0.0381696487968833
0.93777295445067 0.252916302142973 0.237939551170433
-0.128341122232393 0.0330422320939186 0.991179482859881
0.918440194936098 -0.392333417796984 0.0504192186123557
0.0116062863383733 -0.0245700257632711 0.999630735797686
0.971361407921372 -0.12027830350287 0.204914969944809
-0.707805885602382 -0.0660869355203011 -0.703308854814273
-0.839712639904396 -0.0670538938375917 -0.538875178224055
-0.579087344406443 -0.0575700599357436 -0.813230309166652
0.727365558815271 -0.680784894558164 0.0864365153785046
-0.417169556111132 0.0231063103728349 0.908534897444779
0.274143231559085 -0.140960467412778 0.951302073590252
0.989191460984206 0.145856733033247 -0.0150355227644675
-0.422850653541145 -0.0489076655598433 -0.904878646587106
0.3342791215129 0.152359696748314 -0.930077411685353
0.939030016666967 -0.243871457933753 -0.242382630986012
0.219979737511468 -0.149942228189554 0.963911947892512
0.992224933035279 -0.0103307436567715 -0.124028053272773
-0.099476855463194 -0.144794526326489 -0.984448526014968
0.94372147112432 0.280025850932246 -0.175998033365778
0.871760032255609 -0.488052018247182 0.0428914169333688
0.994560300055339 0.0434917375714373 -0.0946481817936912
-0.563042918980646 0.00830119745531599 0.826385964006264
0.919332127023299 -0.238969055065936 0.312605551684085
0.961683924668733 -0.171209056601883 0.214129605545882
0.998549055778672 -0.0361747148865612 0.0398895124863399
0.405096753194135 -0.00121520122367913 -0.914273013840809
0.724710488995761 0.0323286256401994 -0.688294680426735
0.994695709915358 0.0898282527312215 0.0501131688006043
0.534168731091444 -0.0933977478806754 0.840202729949728
-0.922610781541109 -0.0393188423127678 -0.383723043904439
0.940627131111437 0.326189335802257 0.0939208040103483
0.963712595305508 0.258511185087957 0.0665582514339379
-0.0338300285931421 -0.00160405604717201 0.999426313526708
0.951107640289599 -0.0381704150703124 -0.306491885693752
0.894252265075484 -0.0156955258904303 -0.447287979800921
0.650826039438304 0.0280008792104491 -0.758710364468875
0.997550886697238 0.0692425526701601 -0.00988419694636911
0.997662605409347 0.017985179473296 -0.0659231301376671
0.953520768432858 -0.015266143592557 -0.300940341308743
0.903518250610599 -0.313402661100827 -0.292290168887842
0.722380558678517 0.031764558417093 -0.690765764403449
0.989183033495152 0.105411154309732 0.102006935021196
0.916273099512398 -0.397965256821986 0.045467147178519
0.896593956767177 -0.297166215383548 0.328346641711464
0.945772466409498 0.299353542339101 0.126102729830592
0.441386068129365 -0.841417903582024 -0.311759924289399
0.483613603420422 0.207435334535372 -0.850346085175273
-0.220418893043903 -0.070023076004201 -0.972888626933325
0.495659733767181 -0.0047445595337637 -0.868503838492771
0.999573221938962 0.0260526422556774 -0.0132149087798936
-0.591846674892307 0.00403453192141116 0.806040467948784
0.703081045034902 -0.707373153078344 0.0728029286267441
0.96866535358414 0.0843765428048129 -0.233598013240741
0.915908358079303 -0.20824312747164 0.343142360342331
0.315080719295643 -0.927961143236793 -0.199028281836539
0.851929766996809 0.520027017414347 0.0615432633510797
-0.783840535857737 -0.0624668522000521 -0.617812193730807
0.902885749593795 0.299689846057334 0.308193639373987
-0.499131004783302 -0.0538929605677715 -0.864848997724604
-0.307071985384656 0.325282740624612 0.894370132799428
0.988459498995524 0.0401511954693298 -0.146067451363751
0.0286544027938297 -0.0282688831907064 0.999189569322898
0.984681637012032 0.171247042093167 0.0328104298302416
0.995218635266545 0.0745470036723867 -0.0631079413518205
0.434029391300709 -0.105417946617497 0.89470975406446
0.986157371754252 0.159512956620033 0.0452686956414895
-0.975757070155605 -0.0288424127596901 -0.216947586452463
0.973820874791477 0.213560968331154 0.0778756484777061
0.892230946007473 0.450701051135589 0.0281514030180591
-0.280680703791692 -0.0836695003093219 -0.956147351215799
0.975024540873403 -0.000815494676647329 -0.222095654309222
0.942329759052519 -0.0950240510119191 -0.320912846320157
-0.844169365254304 -0.0387632233805398 0.5346732602995
-0.997015900598207 0.0253220668821107 -0.0729252143168873
0.181703769060311 -0.0651780902847885 0.98119088706332
0.926307231596834 -0.374747643668982 0.0389758419531292
0.928032294302211 0.286289553609343 0.238315656695775
-0.16946409344653 -0.147182588095366 -0.974484072108875
-0.455726470816345 0.0392701824847593 0.889253190359693
0.543917929982422 -0.0972703415985111 0.833481713110099
0.952188844943823 0.244229076056132 0.183544441412199
0.145640029732144 -0.0754823006255751 0.986453954339426
0.877092231276127 -0.283871216932807 -0.387461417475538
-0.243125919699532 0.258480985063746 0.934921048822163
0.885413249767365 -0.463031457365679 0.0405616398362857
0.854532431669969 -0.517511293063354 0.0442310386053122
0.990652379197319 0.00109619849399359 0.136406238638683
0.934596740275549 -0.35372279321781 0.0375382288408632
-0.831369860784843 -0.0646563974300874 -0.551945382125762
0.982652043378169 -0.0891782655361727 0.162610573459013
-0.089489629057183 -0.113083521656261 -0.989547231526129
-0.165111068921345 0.301552725785945 0.939044348521792
0.230717421718691 -0.0789405065366044 0.969813315923855
-0.0917839320828945 -0.0891533806757706 -0.99177990730075
0.379429064462706 -0.888899133389667 -0.256694206596205
0.118721269910842 -0.0494705188043503 0.991694473030875
-0.997224417086832 -0.0103557306052737 0.0737307317843756
0.946843589463998 -0.155225721271316 0.2817662019241
0.235687026672355 -0.118586412859236 0.964566684135173
0.999391330125265 -0.028499192463022 -0.0201187797693879
-0.972485355772922 -0.0239547864389197 0.231729154432235
0.382255285031596 -0.0846756887287477 0.920168965355671
-0.12898026746155 0.256174324593388 0.957986850653321
0.476149844596785 -0.0811198240677821 0.875614583954418
0.411787595567085 -0.855248709974172 -0.314611856459024
0.97721731273826 0.138748656889272 0.160608635807784
-0.501497016587037 -0.00335029205569585 0.865152887007517
0.999484829423757 -0.025924828362579 0.0189203336686823
0.932519849781373 0.00217608667165819 -0.361112163199362
0.69477365330605 0.0583858366428922 -0.716854702677798
0.971164486108994 -0.237578049125436 0.0199050620296996
0.946173220853271 0.241383173343263 0.215616325371906
0.396301484074944 -0.0889273458368331 0.913803622712459
0.30866216555848 -0.0690329946045981 0.948663329748057
-0.896463437089708 -0.0473696066286506 0.440578513240436
-0.783229214854584 -0.0850472378925621 -0.615888759700255
-0.948959282971859 -0.0278718648057253 0.314164667672523
-0.339574967046563 0.0184035005068614 0.940398932860103
0.931720598313398 -0.361023793989574 0.0394784352767097
-0.945398478667222 -0.0423221493553989 0.323157163324041
0.968648582291609 0.0232968193667279 0.247340215557135
0.883910466267284 0.0853906777797453 0.459794214591123
0.968512497361876 -0.24773600562915 0.0247065572020215
0.982475149000804 -0.0670342426531682 0.173922373223701
0.874545956941529 -0.345492542355637 -0.340300267960318
0.996178672718096 -0.0399965907137218 0.0776422871436132
0.11712259501067 -0.0613114196985564 0.991223086672478
-0.915218556955767 -0.0359615175581041 0.401349924951682
0.28077646718913 -0.0957188747492573 0.954988205419066
-0.882074801694692 -0.0563971276498476 0.467721507104513
-0.99563075333136 0.013764345743863 -0.0923577057265451
0.999762601205942 0.0217074789377763 -0.00187792121621718
-0.996014138684079 -0.00181234287266359 0.0891770763970407
