0.0416892280557149 0.999093656947181 -0.00859493525443344
-0.116004776164984 0.918954000232749 0.376917016547596
-0.654309306866228 0.755503814471826 0.0330653484293937
-0.014526577037646 0.970971813496473 0.238752415600218
-0.0264686808942049 0.999593238502561 -0.0106191558836913
0.0434400666175902 0.974312522021039 -0.220970744772384
-0.151173765830061 0.904260746704706 0.399323170494532
-0.169006433649597 0.959323265075575 -0.226132037689893
0.0244125778227753 0.992795290852932 0.11730957550128
0.0141869513895692 0.479509990770982 0.877421733923364
0.0122804246154941 0.529806222493773 0.848029809486755
0.00122449541313288 0.993668486125016 0.112345183666246
0.0239998706350758 0.992749353375857 0.11778254361881
-0.0560403794544348 -0.960228169638397 0.273534893758544
-0.0777492245839345 0.944363375546935 0.319582341505591
0.0656165028880201 0.977572552948234 0.200115912088519
-0.000880800214112741 0.98665499942658 0.162822407234134
0.0968093116827305 0.962674912242264 0.252754763577001
0.000164911253160274 0.984156166360038 0.177303730981023
-0.035712118444677 0.965768450061993 0.256935683510582
-0.572214084632861 0.819879073662445 0.0192183744939004
-0.0110912311706692 0.996829847512554 -0.0787860374636036
-0.00126627368981031 0.994710220837632 0.102713062032502
0.0167533415508046 0.993918367622928 0.10883751213923
0.0220563532878295 0.990758554425966 0.133831999579371
0.0151329004370491 0.418486535833421 0.908096919194479
0.0478225296115821 0.96566843549526 0.255337968875932
-0.0518702110431571 0.954072866493237 0.295049905317246
0.010392576519092 0.987664362781749 0.156240522414054
-0.203385390856674 0.859524128665387 0.468884479406266
0.00367995452673284 0.736401768166064 0.676534473457617
0.00803852552836994 0.961931679768375 0.273171787645288
0.00366786819615297 0.971293780935843 0.237854867215809
-0.144338591187988 0.970713210653959 -0.192047477868756
0.010874575633866 0.608651680081759 0.793363016492725
-0.377301401676374 0.925473745110841 0.0337934816726187
0.00867627415100862 0.658467928890452 0.752558774375514
-0.204720116757981 0.937613340458542 -0.281017610816072
-0.0480899482971118 0.964066858322341 0.261270835642389
0.109950680901268 0.959558507919006 -0.259149218886723
0.117693028430102 0.975674899295763 0.184950917659669
-0.321504247621379 0.946590704192627 0.0245164740025274
-0.0183717148219863 0.79561113742962 0.605529023327905
0.00454419030836945 0.962851228262872 0.269994189876599
-0.263088021123708 0.964147393941804 0.0347058481590401
-0.0399288256819755 -0.952450090951553 0.302067067264932
0.0318740994586485 0.976076081766617 0.215080274285738
0.00165495203701374 -0.858263541720796 0.513206541352145
-0.00231154402677705 0.997679031985599 0.0680529639361216
0.0437871793435531 0.996068382907623 0.077009476669621
-0.292802988286991 0.922920741227326 -0.249967428803458
0.0025815651208692 0.826591348516536 0.562796657842902
0.104324249127426 0.972449458334444 -0.208467028637734
-0.681577047938775 0.731257352247418 0.0267471962485723
-0.419448054471052 0.907124159752714 0.0344831610120441
-0.000515530772851321 0.987989532847101 0.154519957327813
-0.015322884636045 -0.889527845614534 0.456623938359342
-0.0168843947381035 0.995767713256128 -0.0903414547757017
0.0131374633709611 0.939430639782966 0.342487196976973
0.104683595276067 0.945826650524844 0.307332543081646
0.0099123476825903 0.72609355475274 0.68752446873544
0.000764859133644541 0.970894399517245 0.239506743071161
0.0188856971580968 0.990392079860995 0.136992184417456
-0.0019839032608794 0.989875220173887 0.141926433808328
0.158004868280858 0.963560142280108 0.215838629092865
0.0255311979296684 0.233055145254302 0.972128313137094
0.00384560527835906 0.926860724057662 0.375385681025996
0.0349307595206481 0.936445618896226 0.349069398385729
-0.00418751702505315 0.875877602422097 0.48251517103246
-0.397344865315828 0.917009624669415 0.0347908935039755
0.0463904544930454 0.994002806685859 0.099026996483599
0.0103356144429695 0.989269464832448 0.145736409397956
0.363689837368104 0.924628430775904 -0.113101579105034
0.010621385336325 0.533484312372146 0.845743267561945
0.00328442497054226 0.943628741934404 0.3309894408405
0.674974828818738 0.728971710346354 -0.114057993914617
0.00517799684095917 0.962597168058745 0.270887209727589
-0.0571636718383538 0.991572386402272 0.116260557139818
0.326381098992559 0.358431919821589 0.874643891577263
0.0136186937687567 0.349851689177556 0.936706104794692
-0.213995945047998 0.450304107703401 0.866851744007277
0.00843377330241623 0.816903191664237 0.576713140925944
-0.00328276203567643 -0.448310289151338 0.893871975237204
-0.710018045754041 0.703568877512049 0.0294144403320645
0.000102004586626173 0.786230010386381 0.617933944983519
-0.00647164034359323 0.915657055186966 0.401908291974173
-0.052584569914066 0.972329864609685 0.227616997157646
-0.00471472939826039 0.961918369698146 0.273296215421951
0.00793567265134572 0.924360980097519 0.381436500053056
0.0127319419097109 0.998325559924553 0.0564267140327649
0.0483781579488694 0.994412729450108 0.0938236502224238
-0.377500691515001 0.909129153497027 -0.176004006112007
-0.00866692927640496 0.83481568553909 0.550461311551336
-0.0032909357118303 -0.385245470355796 0.922808266820623
0.144899358533355 0.976908536944764 0.1570155608246
-0.241780322463608 0.825865782919131 0.509399631205957
-0.00210543857449779 0.7821620196387 0.623071538559674
-0.270741726161475 0.85347521477593 0.445285274266154
0.0124411736183624 0.67147181466887 0.74092565032147
0.0063313119878594 0.896883211738482 0.442222137607534
0.00448215436744481 0.892919897894379 0.450193254321427
-0.149210141643357 0.383130802835603 0.91156301019146
0.00380732808835183 0.939143473074198 0.343504062908957
0.378398748538863 0.918170785563282 -0.11737459538728
0.067533069247343 0.99360744167564 0.0904629007097628
0.0258992977438577 0.920967745387535 0.388777106234634
0.0299658689250848 0.301933407839326 0.952857945304596
0.0144093193854763 0.60875986021521 0.793223678482687
0.00735182277126365 0.385009168203951 0.922883465612447
0.378763617110002 -0.374783487714146 0.846212419957642
0.0182108402270362 0.538706484190957 0.842296675280654
0.00203250115833962 -0.838313840878014 0.545184164417304
-0.329245087269835 0.91559060323338 0.230849560925322
0.00100629572107836 0.730381775920671 0.683038394800679
0.0374404821427528 0.993014733233312 0.11189258187428
0.0253978081057884 0.998328479613087 0.0519152977150559
-0.00791665171188928 0.913746810407695 0.406206958452754
-0.0023747941393542 0.908809201665531 0.417205219671154
0.101977132432472 0.994043244879683 0.0384537614534734
0.293209751207045 0.341236289410965 0.893076612943223
0.0176549929762395 0.189508795653352 0.981720284802665
-0.070156430530053 0.235220143219314 0.96940680804251
0.0742085683613849 0.205556239231644 0.975827710661414
-0.716765840208289 0.696624745938375 0.0309950585868174
-0.605082075705302 0.795807670204731 0.02378725926796
0.0179473713688611 0.539667217750213 0.841687106914851
0.054443686845167 0.0200898224822926 0.998314721916558
0.0919771957535373 0.265626070912898 0.959678584690047
0.0105870488650781 0.460539757087996 0.88757593846254
-0.0350135979900487 0.221864573462661 0.974448643591864
-0.146609364226501 0.30742751762679 0.940209559474339
0.0206920468373766 0.605332229037222 0.79570392212588
0.197761334222046 0.975909017233084 0.0921522911808043
0.0745193506905562 -0.0760664744923306 0.994314214839034
0.0101479089073574 0.6768621778829 0.73603981692326
0.0555038271368105 0.998399595419049 0.0108431102663047
0.134687014792319 -0.105815522938236 0.985222047637811
-0.037137835960145 0.288815896579844 0.956664078463793
0.00219856439617067 0.895255869377954 0.445546961227344
-0.681980224357567 0.731179574255677 0.0167153754516631
-0.532389746963113 0.846355062215266 0.0156290112017877
0.220041648332701 0.914542298808107 0.339402499533831
0.00728717477294416 0.665899353527073 0.746005997332498
0.00160842661779777 0.815159260133612 0.579234661930929
-0.133440244452259 0.977597992776021 0.16277550700525
0.0378458330612669 -0.0120308621338924 0.99921116450739
-0.0329942673278777 0.184539425709565 0.982271132978202
0.0421732496367774 0.998512567450435 0.0345553130301934
0.0109837433312427 0.729331694403435 0.684072099212538
0.0919197263526106 -0.148145990002344 0.984684482234531
-0.152045880293327 0.928613751665374 0.338464991548293
0.203071692576867 0.963330542107702 0.175374326275108
0.10247348785083 0.991350371135034 -0.0819977191031323
0.55703655609478 0.82049454718108 -0.12844832898945
-0.0167460325626161 -0.548928681097371 0.835701426026133
-0.0120313173275031 0.995935521865177 0.0892618826291676
0.572652048354951 0.81045330848711 -0.123430410665994
0.0265350348011307 0.046863558788003 0.998548796396964
-0.115731246674757 -0.346121087233652 0.931024420472042
-0.236310787482317 0.930094730028192 0.281213450768758
0.0532246510763316 0.996372440067942 -0.0664010330556527
0.0704438312050059 0.0476217375277639 0.996378360242733
-0.160900740748247 0.975803664884542 -0.148047827490182
0.0969169941296709 -0.01497633047131 0.995179785654071
-0.0498639628502906 0.998196390697813 0.0334297892114704
0.046585986461753 0.101098162047068 0.993785141515051
0.0079287731521859 0.87770567481783 0.479134514462148
0.0430254773633679 -0.10125526263357 0.993929665563244
0.0443469986867551 0.115899930463246 0.992270401567079
0.115860598992137 0.991611008869446 -0.0573055729410639
-0.55430231605762 0.83185878046266 0.0275664974259408
-0.274090417864272 0.961399026106848 -0.0242147772195494
-0.00862198528961503 -0.640842363539841 0.76762407887086
0.0422092914762974 0.996513837750133 -0.0719621211858793
0.0709095550521942 0.0891355663722239 0.99349216695946
0.0167194344970276 0.997294813944426 -0.0715787300086581
0.0565605983750896 0.0296651361967828 0.99795835504588
-0.0575887176317756 0.99833844627636 -0.00197136704623442
-0.0499514698974526 0.998402102689514 -0.026421430700135
-0.0871947495970719 0.993847514897496 -0.0682948956714635
-0.0154643493539159 0.996515886462419 -0.0819569516702435
-0.0474145963984308 0.998146325774566 -0.0381545330348464
-0.00445146268408235 0.991047483535364 -0.133435639385419
-0.0129427139528319 0.99578019251857 -0.0908531471288436
-0.0213364740438095 0.884940242256025 0.465215565637291
-0.0261108288263388 -0.639124199860235 0.76866018614926
0.198704883386715 0.974680733419296 -0.102537004147262
-0.0155451245190203 -0.805483286797734 0.592414570881919
0.00597415471617525 0.973953195499951 0.226670426943751
0.353570949843254 0.927671413827655 0.12005553462435
0.0120903188275752 0.604486739005545 0.796523450098671
0.0993269652081681 0.021837167585426 0.994815204997582
-0.0077034583068571 -0.532909202575637 0.846137363872033
0.785511486385314 0.170827757526149 0.594802136861765
-0.0195631751222967 -0.681925174530285 0.731160268696935
0.256793069619598 0.963292885552588 0.0782568593742016
0.210394610875087 -0.261260698049942 0.942059953171335
0.0194621783243411 -0.0289421631788977 0.999391602328836
-0.202102154515723 0.977168644676525 -0.065545091358138
0.689428632900547 0.07211997073719 0.720754375607773
-0.804471914353474 0.593368940847373 0.0271705549101065
0.456726533468661 0.885332712732703 -0.0871025911844924
0.243721149205393 -0.319785777003262 0.915607480450233
0.131822339152689 0.232765064804003 0.963557624383255
0.00226624958169444 -0.870509819975198 0.492145829444467
-0.101142789265344 0.993880431945401 0.0444052156356534
-0.0136021758124262 0.971251917087287 -0.237665088659309
-8.84578268315417e-05 -0.790576060581177 0.61236384985657
0.166742951763289 -0.169927297765479 0.971247394596963
2.29019921984421e-05 -0.918151359957155 0.396229831895991
0.325542643940435 -0.304038564894584 0.89531141958154
-0.0305094756802384 0.886412036044851 -0.461890543579904
-0.908751355372438 0.332120842314011 0.25271865821381
0.160787235748553 0.911098644140356 0.379534880433861
0.00972057037840643 -0.763590505750993 0.645627640392248
-0.00549420123300142 -0.536386204445259 0.84395476977953
0.134994877715067 -0.0363204974090936 0.990180389857651
0.0066024614678004 -0.845997438186432 0.533146079498443
0.023722798651427 0.0230733779553697 0.999452274025065
-0.0317243134918153 -0.822480004630413 0.56790862814068
0.834490341674442 0.1280091160293 0.535947325644481
0.189496182892693 -0.120108749566432 0.97450761153861
0.137512210862364 0.0102169702587856 0.990447376382247
-0.546802769201786 0.836968707978642 0.0221385062237901
-0.833973379882658 0.549435772274718 0.0510757652118994
-0.0454532628297712 -0.879397235178678 0.473914025597708
-0.697503654236986 0.716581083928838 0.000449979358650919
0.0136687841166265 -0.689172167021683 0.724468693970561
0.505560524984472 0.854241022545338 -0.12116447902798
0.0630521062078918 0.0766554616128794 0.995061994102712
-0.782854654668061 0.620850347177955 0.0410296974588365
-0.819962825408866 0.567679033784587 0.0734947586492279
0.0329631972587413 -0.606750900167551 0.79420826788214
-0.0562714310780795 -0.780669952509982 0.622404973704812
0.626405577550952 0.766201536198279 -0.143357100767475
-0.763821170264281 0.644657052024229 0.0315357754230969
-0.153838453438935 -0.43470054025747 0.887338250355173
-0.911019636759275 0.214654596898047 0.352088945395245
-0.0815972739278469 0.991995110536036 0.0963721202430514
-0.0132144697488359 -0.672880743762355 0.739632937654264
0.0918139563064147 0.992578453798904 -0.0797383877535811
-0.701364400805095 0.712747363075727 0.00889796110954531
-0.0499264029441224 0.998316729406218 -0.0295137608029506
-0.0130638627019627 0.998371399656539 -0.0555327276400778
0.185771816325343 -0.0367920753716305 0.981903852446374
-0.221545773511681 0.975092157983437 -0.0106185534944533
-0.0373488911493395 -0.121970648350119 0.991830742249385
-0.00255074178802943 0.46812079903385 0.883660801002421
0.0235510744266519 0.146246034227273 0.988967868217237
-0.202115965946958 0.900574901586331 0.384855794996125
-0.784188590951932 0.619944401305035 0.0267804613732633
-0.107803381777174 0.993631739510571 0.0327779974159896
-0.0323660497625962 0.997010905033227 0.070154786490946
0.00242565503391896 -0.201117221239455 0.979564178356159
0.0417826282550338 0.118764646028803 0.992042927916809
0.0170308791137801 -0.0320288474111101 0.999341834454121
0.108349223372025 0.993879978174056 0.0215182429444754
-0.0972149234136275 0.956044908019725 0.276635848210672
-0.493971520516164 0.868810429551471 0.034067204486682
0.0593409615396708 0.998103155294897 -0.0163933423656967
0.0254668021524909 -0.0130973853731095 0.999589866137365
0.0346437684556355 0.997411154959758 -0.0630142624255419
-0.0375423323791777 -0.170909270050154 0.98457127456089
0.0178724362687511 0.369468769301701 0.929071259125211
-0.0585920701882403 0.99799416978447 0.0239709488185801
-0.485035307615656 0.873951675689325 0.0308093967160431
0.0095065536465318 0.760634353601647 0.649110934708984
-0.00327982193780241 0.933215571349608 0.359302018027565
0.218338796611926 0.936001416278802 0.276096936995203
-0.115771578317933 0.993191739502338 0.0129271125196209
0.0196841089274409 0.696636068005388 0.71715460300393
0.0118657044887114 0.670680346997901 0.74165158747741
0.00369452777806219 0.973082106926481 0.230429085933216
0.0212406744877994 0.602066775432131 0.798163161056722
-0.389970094472906 0.920120937963149 0.0360663962520369
0.286488540450333 -0.255292599227151 0.923444640988556
-0.108189899255996 0.99383920181761 -0.0240538277518057
0.0784067529452297 0.993615912666722 -0.0811159613643534
0.207478586319393 0.976689273487353 0.0550517871976179
0.0919071190867171 0.138800045699754 0.986046463801238
0.0122586583413773 0.401978610442494 0.915566994841115
-0.948528602534249 0.156877751339057 0.275105182265303
0.108315288683837 0.108155705114712 0.988215635217576
0.0075349257783839 0.626411818222409 0.779455873596966
-0.0751646574996193 0.994083710375607 -0.0784082331699306
0.0317299132178584 -0.350066140973529 0.936187432916662
-0.010975141765829 0.845044892660854 0.534582711702338
-0.00387687470663025 -0.445230738878422 0.895407482099789
0.230979165482021 -0.176154480670747 0.956879419808394
0.761996977297429 0.0847729527752582 0.642007907324626
-0.66211721528611 0.748785090062142 0.0303592180794593
-0.258182586832166 0.905121242961429 -0.337782899798982
-0.249547968232312 0.963773619212808 -0.0941606205404911
0.00927795337098304 -0.269879046794352 0.962849531174325
-0.0100153715868792 0.484225997420792 0.874885635814086
-0.272384656409981 0.961901940840515 0.0234788236431653
-0.156768976199569 0.96236343653059 0.221991225345448
-0.0712846261147448 -0.332603325401021 0.940368826584476
-0.0181420245507389 -0.410245806875014 0.911794519004512
-0.0450795895351994 0.399324516170842 0.91570069421851
-0.218094471518023 0.975512109204993 0.0284767675079046
0.00872743075846036 0.825862701378246 0.563803716220976
-0.0199597972892881 0.555503849518366 0.831274370868276
0.244191126038132 -0.0104665460699583 0.969670637576283
0.616860552314406 0.772869018475661 -0.148850728177042
-0.0908257115353477 0.971238653479516 0.220104902515583
-0.0919836479769399 0.994179648057989 -0.056087751712364
0.0596943624348353 0.993201692710286 -0.0999348822529965
0.0267920395225918 0.991520840600243 -0.127155846399635
-0.0347556567703254 -0.543176573084824 0.838898834648309
0.0117929926823894 0.870863867405157 0.491382793524281
0.683083514920557 0.0778134031245418 0.726183162802577
0.0109449526069543 -0.278449130300939 0.960388613972012
0.282890531470958 0.931000467866066 0.230675260999625
0.17650129311252 0.007802817550378 0.984269480156671
0.0946413478387451 0.0750958875498841 0.992674983543134
-0.689230718997262 0.724239015785637 0.0209490812297006
-0.0456853193876954 0.998735817905531 -0.0209670604762253
0.234900336647362 0.965536223383292 -0.11207869189853
0.0306115663975646 0.803799579983452 0.59411208304588
-0.0519961220098489 0.286813758362838 0.956574237218273
-0.631043052641562 0.775278975412336 0.0269662010008404
0.0138108688553147 0.712743212936144 0.701289078993052
0.00995189973701416 0.397472471995221 0.917560130834831
-0.115509331131039 -0.272572000966267 0.955176475166189
0.0131179859560117 0.994791276541701 0.101085283602467
0.0183195361579328 0.796504606384117 0.604354868106348
0.522274289882738 0.84463205174263 -0.117585132123568
0.0192893479872353 0.887425560676253 0.460547278042836
-0.021997203885602 -0.505367354266657 0.862623881110843
1.98303210846916e-05 -0.740674818811526 0.67186368586587
-0.0256261998106414 0.998734452293871 -0.0432757632460283
0.393176871882843 0.908454550694514 0.141853011032022
-0.00473946210578948 -0.919268184117021 0.393603281451186
0.252257231003005 -0.109392015392886 0.961457059038509
0.0151712158636828 0.724335579056325 0.689280641772534
-0.0118051808712313 -0.603906157471941 0.796967998524453
-0.0108029679187375 -0.503133848892892 0.864140975757064
0.221716008618573 0.971115321403925 -0.0881875504637771
-0.0423120355719279 0.866025884277956 -0.498205639677376
-0.0998086404060197 0.499329231838915 0.860644266541909
-0.432501862427697 0.901217188207263 0.0273809911502302
0.416910922190879 0.903173390442862 -0.102289343305623
0.000857490317321103 -0.749040569525585 0.662523576874924
-0.176637279821155 0.9773883106876 -0.116238382252263
-0.0972557297329491 0.441343445523909 0.892052288897459
0.0546960438512398 0.77374738714447 0.631128611040673
0.0531386452355133 0.920974424766539 0.3859823743495
-0.0653071470520092 -0.183548793873757 0.980838833250099
-0.00336480112517116 0.996837110863521 -0.0794005826090474
0.0363747951860785 0.121573205932173 0.991915737285453
0.0342782941221635 0.0667438179451818 0.997181157723197
0.824664822132794 0.10726147835224 0.555358358538322
-0.00426644588681342 0.993697783034419 -0.112011220116449
0.00884667292879206 0.99273765736169 -0.119973663918854
-0.618105978742199 0.785743505383512 0.0234977188420325
0.0369766459887458 0.782252763504951 0.621862799691613
0.289600294837199 0.954070841607669 -0.0766844079604355
0.0122094710959326 0.737772841007675 0.674938637127126
-0.378491877643354 0.924871637413885 0.0368286962214022
0.166646936832048 0.278173239083754 0.945964295046144
0.0033881733117275 -0.211927191518566 0.977279584242228
0.39026107382218 0.914677765659353 -0.105170714876208
0.00609138418044375 -0.682127284763956 0.731208084213597
-0.0484803571701919 -0.242248512912957 0.969002225467058
0.17746113082415 0.976272829760072 -0.124092340290916
-0.324438384854136 0.853831096836556 -0.407077624671417
0.250454397223337 0.963525632630354 -0.0942918351490292
-0.00802365516570332 0.989098569844432 0.147036186326637
-0.002913012282531 -0.0836928213174868 0.996487343632302
0.00737077428631963 0.670725398273422 0.741669139035311
0.0572343469126394 0.883653521178488 0.464629620280867
-0.20292883073868 0.964048574252922 -0.171552429699905
0.335774144020094 0.863195205573054 0.377027533852988
0.0175694100326089 0.813090459716618 0.581872168219898
0.0349780727483627 0.862283385073395 0.505216684456459
-0.0160364713982085 0.253272471927954 0.967262056812216
0.865958430146128 0.0792016739559075 0.493804710489313
-0.0471573125540355 0.99443282532401 -0.0942313312587075
0.0381550236932302 0.157055528964689 0.986852448438261
0.0315568657574604 0.514273654716163 0.857045373529574
-0.676807497716631 0.735462476858479 0.0320399152268329
0.195616202850745 0.236502299939238 0.951735763384831
-0.148936511121076 0.544456186921626 0.825460705411132
0.351026622345771 0.930277368441302 -0.106603602989978
0.0241801285151238 0.296135205045347 0.954839914183389
-0.0177740685930519 0.940403948356307 -0.339594605966465
-0.774299073410058 0.632195491387743 0.0281034799506436
0.147964425333206 0.975903636250174 -0.160370264043873
0.00656641712295184 0.883648897138989 0.468104164424133
0.00295302482798106 0.322263685028185 0.946645338527804
-0.00297165353484549 0.871339526471611 0.490671579453607
-0.293096377623281 0.93669192708828 0.191579610480225
-0.200680919251528 0.979381998619953 0.0231963235782914
0.00816235613892442 -0.123055666423301 0.992366202015858
-0.535623727282801 0.843919665106592 0.0301134790095376
0.0381406410887733 0.131657924195493 0.990561195733949
-0.00107001310501195 -0.777976629980494 0.628292303212564
0.260280842748262 0.961511245159597 -0.0880341316189092
-0.236860834379342 0.854158492695161 -0.462936512379238
0.318008356826775 -0.1316473181621 0.938903439448946
-0.578788412531511 0.815466580497057 0.00426961493462296
0.305960715197793 -0.0558916812264652 0.950402104756368
0.377094435643117 -0.189201949943497 0.906643484918177
0.00378795416788314 -0.0624763096675398 0.998039258813774
0.0102492810408474 0.456637232745265 0.889593946645824
-0.0677262386973781 0.392097365736128 0.917427279066137
-0.64734763102228 0.76141792176467 0.0344062933983369
-0.0283212128273128 0.998010161523731 -0.0563349482946982
-0.0140492126267146 -0.520037478082644 0.854027892409851
-0.143401411206399 0.90998914356477 -0.389044719612374
-0.0268881315897855 0.572902281179012 0.819182522152112
0.0878890185444236 0.864186833696484 0.495435805009028
-0.162104217636349 0.978870225751028 0.124640698660748
0.00256314018783712 -0.981127013205805 0.19334739271641
0.00419908664875771 0.965808849706391 0.259221205730035
-0.012275606031541 -0.141400323421946 0.989876385228341
-0.440163500423418 0.89779600400478 0.0147793128410284
0.179338138350855 0.966274814615664 -0.184799390616728
0.236550448902596 0.263637884885822 0.935167873045749
-0.0178699068121114 0.960782361766576 -0.276727157591674
0.00187789157445984 0.691046906451977 0.722807475477659
0.201602140538561 0.975569099085932 -0.0873012590913415
0.0834308084030905 0.96356240583394 -0.254139312725749
-0.0276235436602844 -0.904680475175336 0.425194282266561
0.0409581951424695 0.123348029495224 0.991517871684781
-0.0204262376184062 -0.222733910438237 0.974665262517162
-0.0265078464901178 0.995300510307192 -0.0931355370237363
0.292284334370019 0.860480631243435 0.417304386673296
-0.00427201005303749 -0.725454650588347 0.688256710733609
0.487172530608717 -0.124040942188503 0.86445171645459
0.0409172167412707 0.0787765773218026 0.996052223650753
0.392500897507576 0.912288121165782 -0.116933440193787
0.27043885267593 0.928339250958236 -0.25504717621183
0.0277893290244721 0.262224777982369 0.96460661360187
0.000233279409668764 -0.93484322817164 0.355060676958663
-0.179545064980752 0.901171489601039 -0.394529486821077
0.0285701162326049 0.228086394143022 0.973221632140023
-0.00805649030019917 -0.963404767924595 0.267929740984835
-0.38657601947245 0.921282804970133 0.0423907352519479
-0.519096862877792 0.854021891191921 0.0344246469177049
-0.203850962212699 0.967117732819046 0.152079176983256
-0.0236698358738196 0.336125712061905 0.941519646401807
0.340572839840374 0.917680616403107 -0.204627532460997
-0.0126356198911834 -0.54535425195731 0.83811042290503
0.479432966674773 0.869843567482414 -0.116259187055874
0.32588322705091 0.939733631208274 -0.103444790603471
-0.0034008856029676 -0.377091200645783 0.926169887424892
0.00942268221542524 0.761174512241996 0.648478661925762
-0.0125049036863472 -0.644433861238594 0.764557797601275
0.0111892220576153 0.814004910248824 0.580750210848476
0.00468534653796282 0.977690957237883 0.209996284879258
0.00694636039873896 0.841342883122667 0.540457122347415
-0.120288302448443 0.374192642854157 0.919516498127083
0.0253755426669076 0.154928229109503 0.987599780102929
-0.0105207923882183 -0.377904507763558 0.925784800015374
-0.522405152889177 0.852138049218714 0.0308804356925413
0.0504844855624135 0.213114469063661 0.975722060728982
-0.00629337826330636 -0.433331927386061 0.901212424513731
-0.568402662275323 0.82222619273059 0.0293683759524311
-0.0157605916249778 0.998498961294756 0.0524540565154326
-0.0290806643758987 0.913799516378189 -0.405123140324574
0.254884902176145 0.915017155749281 0.312693606150099
-0.0652576394816212 0.968807818524406 -0.239066625138826
-0.00996514217126893 0.97223563258876 -0.233791724973831
0.303067065719287 0.935017727385526 -0.184098351842454
0.00306179090629938 0.939884992276255 0.341477417599334
-0.00253350509443957 0.933751892876339 0.357911977868567
0.03133972566193 0.99801212484693 0.054677419964288
-0.73307658525569 0.679596105703311 0.0273469059081854
-0.759386912462923 0.650022262402366 0.0283297645831818
0.0291617680224527 0.984100535303842 -0.175201962604579
0.0159671852256745 0.49388119220906 0.869382779319976
-0.256642482961855 0.966091995747378 0.0283000298943767
-0.0126649833766673 -0.599875388130721 0.799993198040512
0.00696516455055882 0.6813256490542 0.73194729757248
0.000601354710102447 -0.271111778814981 0.9625476828502
0.0180561220528329 0.185194924199464 0.982535911052196
-0.655074923359174 0.754908293719504 0.0314692367158691
0.133172837615793 0.142655334502566 0.98077237464119
0.473599208272547 0.873093679250548 -0.11580680971496
-0.315612353854216 0.940041070988918 -0.129273458020624
-0.0881640911699108 0.949092719234546 -0.30240718133695
0.210205455401658 0.967495320055504 -0.140593286433171
0.380314860836949 0.918394538764169 -0.109142465588425
-0.109857709862976 0.96663199816851 -0.2314170773742
-0.748150513455351 0.662682164772716 0.0335135451517858
-0.00154991474256586 -0.290485092544537 0.956878262253712
-0.556200710266065 0.830587847246025 0.0276513635602148
-0.0104465283213847 -0.669897316609195 0.742380263238342
-0.115187022680092 0.934310433487042 -0.337336573296391
0.0125318976695362 0.98842825846448 0.151170530890367
0.865946063590618 0.07864805468867 0.49391486963403
0.371201351224833 -0.0444819145855812 0.927486342823256
-0.0567682130564272 0.974008524732839 -0.219282383547194
0.455142550207 -0.095355309009529 0.88529804248895
-0.0740398446590479 0.983621608715069 -0.164336947372291
-0.0127746786382441 0.263179414964427 0.964662325959023
0.00481163811730738 0.953901968849168 0.3000797926624
0.00805877646731025 -0.968336797932372 0.249517337858375
0.0237903863935657 0.994054750667227 0.10625050678073
-0.0111135532899455 0.996621615091687 -0.0813747212917407
-0.00099544273936987 0.994450273343361 0.105202960704857
0.999875345235198 0 0.0157890465448251
0.999889233037574 0 0.0148836035801553
0.999884401297103 0 0.0152047375095632
0.999886135552643 -0 0.0150902594279272
0.999888904776411 0 0.0149056400408968
0.999889530295784 -0 0.0148636201807301
0.999877265859645 0 0.0156669466406401
0.999877702155192 -0 0.0156390771100343
-0 -0.999997610758978 0.00218597262924023
0 -0.999996796684184 0.00253113045327779
-0 -0.999998197793998 0.00189852805000232
-0 -0.999997057766512 0.00242579024631861
-0 -0.999999233807978 0.00123789476838132
-0 -0.999998625553845 0.00165797781078065
-0 -0.999999140884913 0.00131081250990335
-0 -0.999998565742219 0.00169366865250012
-0 -0.999998211371945 0.00189136271272554
-0.00684701453804325 0.999976558921216 -0
-0.00671303829604426 0.999977467304557 0
-0.0067823743910717 0.999976999434297 0
-0.00663224887440761 0.999978006395575 0
-0.999998364536448 0 0.00180856971930833
-0.999997297974764 0 0.00232465979693169
-0.999997631365697 0 0.00217652544104156
-0.999997732759498 0 0.00212943087781169
-0.999998194483186 0 0.00190027113030007
-0.999998478185352 -0 0.00174459937552052
-0.999998557249656 0 0.00169867554463168
-0.999998253096821 0 0.00186917182349996
0 0.999912440546691 0.013232960362667
-0 0.999915798359472 0.0129767558018197
-0 0.999915941713489 0.0129657050416699
-0 0.999914656811265 0.013064420921342
-0 0.999913907746926 0.0131216269674358
-0 0.999913095119812 0.0131834065369157
-0 0.999914486586832 0.013077442937837
-0 0.999914472656301 0.0130785080368972
-0 0.999915061546517 0.0130334067850582
-0.123258487544099 0.915915848449272 -0.381975789557127
-0.067267550629808 0.554040138490795 -0.829767799793031
0.0226284220942827 -0.0725796660522261 -0.997105885344817
0.225665915841333 0.953462685897587 0.199959498470195
-0.025635514000495 0.984606068362555 -0.17289797733219
0.915163449349652 0.402734764277032 0.0167502423018445
-0.026123591222275 0.983722970681509 -0.17778266207704
-0.068335011071228 0.554560717882523 -0.829332705519031
0.0114968747284845 0.995890349473159 0.0898344794480769
-0.363422524531607 0.918073809952017 -0.158317870574554
0.0331607200238601 0.999266275105269 0.0191645006389423
0.809750101169604 0.586753276836859 0.00503644487956203
0.239513214733089 0.958649295538013 0.153704092764936
-0.436080265757437 0.894951252758385 -0.0943199713905787
0.77984936135226 0.625516586159583 0.0237481375634582
-0.0374599022613336 0.931606299057684 -0.361533482928784
0.223468495651373 0.971746748240005 0.0759611001519055
-0.0157243146685705 0.99983441996098 -0.00915852550878565
-0.252932427803441 0.961018547242711 0.111662611562543
-0.13411628151007 0.910782027031477 -0.390498299958329
-0.0228628210017132 -0.314326345839232 -0.949039640756485
0.0626828102521439 0.994070157632234 -0.0888559902534416
-0.0977980714126065 0.810897661138127 -0.576957988408766
0.0086062583106985 0.99448050120675 0.104567992413842
-0.386968896009861 0.91846389564065 -0.0817260419053279
-0.0137593992048678 0.99874500385505 -0.0481569954222368
0.145508948757144 0.964681044897512 -0.219585125741785
-0.104809417257503 0.933222480022447 -0.34367250229673
0.0723576925014056 0.993319975979482 -0.0898876501861788
0.83983889801667 0.542778472846773 -0.00788383106556423
-0.0227869702501758 0.996719286309913 0.0776622062825576
0.00492990436654573 0.996832744926463 0.0793736397383307
-0.0199245040117476 0.987113337250065 -0.158777434048185
-0.0104468710313874 -0.271031304382704 -0.96251384142269
0.151988577187229 0.968282430532181 0.198314414824775
0.277047198153056 0.960418446155302 0.0290044527646217
0.135146970993587 -0.965001849015797 -0.224737018818332
-0.0370302152942196 0.925083316991942 -0.377954520780542
0.128741614739244 -0.968931660255922 -0.211180099412883
-0.0852723804191303 0.996137182951136 -0.0209602929328494
-0.370417250467765 0.911922718381122 -0.176601291774112
0.466819724429907 0.859185272541494 0.209475564997409
-0.42787536495172 0.900817827107261 -0.0738235357672973
-0.0288421903046501 0.972047708167575 -0.233005109610486
-0.790496354540486 -0.0899354938307546 -0.605827632588364
0.163837800340672 0.973665551370107 -0.15853254951169
-0.0143318925914897 -0.230742143784519 -0.972909379097802
0.0125004106539644 0.954457849065742 0.29808380380403
-0.0169004832568906 -0.25314679508032 -0.967280245743831
0.0123949114302727 0.955759389212964 0.293888339513321
-0.212700468159998 0.973666165024687 0.0820530921454988
0.433402859947052 0.857072088261575 -0.278548732742872
-0.131770157411673 0.97416517373972 -0.183408941680506
-0.251619571700424 0.957911224832777 0.138179870012471
-0.0268598201084695 -0.331638393011368 -0.943024138792098
0.872857214728152 0.487947367612502 -0.00525824467316367
-0.06688114521079 0.995170185402067 -0.071855511285562
-0.750907373449207 -0.114700470503867 -0.650370600939037
-0.0423140656460218 0.876029929152595 -0.480396797530336
-0.0394082232584668 0.995328223729715 -0.0881403368876067
0.690670970543927 0.722600314105884 -0.0286774563374814
-0.129597014723526 0.990740109611964 -0.0404802295055669
-0.0371549302117144 0.995272772950026 -0.0897308117946609
-0.0489274659596275 0.997548278908382 -0.0500353307343435
-0.0435078191491135 0.859830678890115 -0.508722196598745
0.00680496578124937 -0.121224322989043 -0.99260181138086
-0.0499501673282952 0.771137575424041 -0.634706089897527
-0.154582322799813 0.856938904843183 -0.491690979014239
-0.0266389692072419 0.963370467546259 -0.26684772357897
-0.463071697294847 0.85805845187803 -0.222036700401413
-0.0303199078760422 0.9326968741516 -0.359384535190683
-0.0376837943964669 0.956415980915825 -0.2895658873015
0.146806028075591 0.989158372768855 0.00370185115032411
0.106657139223868 0.974253741146729 -0.198630064477116
0.111043938736228 0.992091072491263 -0.0585196339110288
0.370538577240296 0.906062710361859 -0.204331905654645
-0.0529823522475454 0.747349941986216 -0.662314830396781
0.0237358740664846 0.997560701387071 0.0656449185423717
-0.0399263963953753 0.71561264382719 -0.697355308910414
-0.0462474362157571 0.933089824650783 -0.356657474023244
-0.562454220995878 0.816187481601483 -0.132224219267685
-0.0201826206941137 0.957699455642827 -0.28706169107589
-0.100413602904559 0.607368167830224 -0.788048867176575
-0.0498376476706629 0.86205900134116 -0.504351551084496
-0.382947300480718 0.921016434738291 -0.0712747640928888
0.180171425286821 0.934176350914336 -0.307981822357247
-0.138905178146684 0.980733919198618 -0.137354764086862
0.0613827913089137 0.992444305836283 0.106237718086681
-0.0401532220844383 0.694558768920563 -0.718314579604083
0.907618141243494 0.419560160905799 0.0140918794490168
-0.0454464213936339 0.816276281448636 -0.575871214011344
0.218643933707032 0.960860450588483 -0.170123557298845
-0.0413142544561965 0.776844076220388 -0.628336226569836
-0.0552644112423559 0.79375631953726 -0.605720026121556
0.0870219656724414 0.995869851768139 -0.0258923894187023
0.0159824925317426 0.99324804438346 0.114903795676663
-0.0513505220315391 0.923407643342471 -0.380370146178421
0.209386180820838 0.976681149705243 -0.0474484888242934
-0.0468471274419811 0.696477743518015 -0.716047553891841
-0.120247141310399 0.992743260067865 0.00120191368417808
0.106215049923211 0.994336807916331 0.00356027984446065
0.0149539601517087 0.987997766936992 -0.153742614792703
0.442244634331252 0.877792270881931 0.184120646819303
-0.0429185469837447 0.587064182066385 -0.808401907753519
-0.035978476454371 0.95018747533925 -0.309595398771435
-0.0348283640102227 0.921487435348583 -0.386843497496162
-0.0141249356523801 0.909108549996122 -0.416319745528319
-0.0391356746860792 0.458441809173206 -0.887862324107101
-0.104024803851242 0.263025948511958 -0.959164318869867
0.270539445518089 0.929044309457861 -0.252359028930474
-0.0292737370280974 0.969505728961085 -0.243313973770609
0.241858861372928 0.966939810912476 0.0808188916524793
-0.0190227201700175 0.361893328324399 -0.932025404713639
-0.0327401162261328 0.504045429498442 -0.863056365361632
0.244165940875401 -0.930164461940113 -0.274184366914108
0.0192247416822961 0.29789912269651 -0.954403752090224
-0.0782375715891743 0.204999291787488 -0.975630141374516
-0.064194350136168 0.888195656513644 -0.454958856558362
-0.0420756456355137 0.623039635684088 -0.78105777789546
-0.038308229041106 0.934784301886702 -0.353144146962577
-0.0404682054758371 0.72786911685238 -0.684520907699759
-0.0397583458214486 0.625432563275344 -0.779264642295783
-0.146331414060776 0.969725161839008 -0.195499943108134
-0.0161642871959719 -0.858902286366999 -0.511884340738207
-0.000480640810361756 0.157349280659026 -0.987542896719175
-0.0630120367839576 0.252107689169942 -0.965645481676236
0.0285590641574749 0.993439146697995 0.110738618658577
-0.0393644476975994 0.731052099998393 -0.681185193134292
-0.0428185376624318 -0.13693243457537 -0.989654526182603
-0.0465334303961252 0.717391081171053 -0.695114865696164
-0.0205679470177141 0.2360055652903 -0.971534010062171
-0.030547714349723 0.500589267371254 -0.865145781091672
0.156024126007889 0.98482273181029 0.0760306452240981
-0.0418640883575703 0.797061311867177 -0.602445568686969
-0.0809689516141226 0.831631283191944 -0.549393700083128
0.731692905420999 0.68128532061069 0.0218129337083963
0.740896304451836 0.671465623288323 0.0143729882639691
-0.0389075598591507 0.107848214938616 -0.993405740027891
-0.000185222420042992 0.1990447618128 -0.9799903818342
0.830734218388074 0.556235144832523 0.0219800375863561
0.245366703243652 0.281687532876663 -0.927602994152779
0.0108028512533147 0.990320277668764 -0.138380078200806
0.326662335139474 0.936589156607051 0.126856101655851
-0.03466016788379 0.689284528336952 -0.723661185747566
0.486652350254606 0.836720571605209 -0.251133779178191
-0.016061465967824 0.179611753308466 -0.983606449442267
-0.0280259364702974 0.499354486828334 -0.865944365054346
-0.102800564254751 -0.212408201496623 -0.971758611963833
-0.0457460736366426 0.809486561599117 -0.585353571217662
0.0223655899301052 0.339642654182431 -0.940288598169196
-0.0153163654948791 0.219056939788923 -0.975591854249686
-0.0502705794606193 0.585656667917545 -0.808998848061239
-0.0272381245905829 0.0882374266444454 -0.995726991252097
-0.0446107985150989 -0.44201576928005 -0.89589728002914
-0.0467069960275663 0.188663248266707 -0.98093049462005
0.877757926835331 0.478880052273073 0.0146600618239189
0.836457713500953 0.547632316250969 0.0209126689438867
-0.0317415414484286 -0.611790336640393 -0.790382855671802
0.843272366316044 0.375959217738054 -0.384117667916397
-0.0376072497214684 0.72850292207686 -0.684009639766768
-0.0245410477885497 0.987782309094198 -0.153895571131771
-0.00867987021493053 -0.251541964474411 -0.967807470502995
-0.174499468341131 -0.385580912310556 -0.906022789785347
-0.0582199952218329 -0.52982351670521 -0.846107246927063
-0.158312649709103 -0.273739973760273 -0.948685159422138
-0.0791292175352088 0.994703202294818 -0.0656056878380215
-0.023985197949808 0.321204515187027 -0.946706062990396
-0.044260920984376 0.622648115832293 -0.781249188623009
0.0467482121633269 0.998358382712952 0.0330929649066326
0.0401151973379065 0.997835972652523 0.0520974339400182
0.0507426758131572 0.998318211729727 0.0280344249108157
-0.0454043465552527 0.998128385608411 -0.0409654873843591
-0.0637100108418313 0.996389323383101 -0.0561190766736227
0.0704796619033745 0.996199817950033 0.0511716715996906
0.00436645994084427 0.997888010916309 0.0648108918090001
-0.0871890838253735 0.996164414764512 -0.00738392975115123
-0.0695105607878808 0.997240908946399 0.0260547781167554
-0.0434442855953094 0.998742469791394 -0.0250214524778196
-0.0171474337210044 0.0487878904621446 -0.998661958452928
-0.0451792699309949 -0.590544090028261 -0.805739729255791
0.62917997536535 0.777252843338966 0.00325209482480213
-0.0651878655788578 -0.539224880926173 -0.839635081432063
-0.204572808984128 0.974510237028133 -0.0920856327106263
-0.0034827126546165 0.771068918502308 0.636742172022747
-0.0115080809599628 0.075164932513123 -0.997104707136074
-0.218396596474624 -0.342884530682529 -0.913637305098102
-0.0504571478180198 -0.602646326727298 -0.796411627938822
0.322649076962528 0.902721700815476 0.284589360328251
-0.0328615395029207 -0.644811069051364 -0.76363525615986
0.771606646689416 0.636035688734473 0.00904353032724279
-0.0203294840689853 -0.734297045191099 -0.67852381056313
-0.0293540537444364 -0.690928971314429 -0.722326447063344
0.22933054694689 0.884513676673866 0.406254915064322
-0.344386183095172 0.923185109538058 0.170667543546929
-0.0183384507494449 -0.848605882834102 -0.528707628887143
-0.0350483950505086 -0.659761920974853 -0.750656924057825
0.00930112713831474 -0.783501768511046 -0.621319939945613
-0.0479446486857813 0.454065173611891 -0.889677542020254
0.00755725787597991 -0.309623669205211 -0.950829149385576
-0.0387370331525655 -0.427302700972681 -0.90327838676899
-0.0242468752930534 -0.77431456448266 -0.632336179787738
0.625615649434697 0.780130653142147 -0.00110598843104838
-0.0183970004969507 -0.74810337853432 -0.663327133018281
-0.0294644793825657 -0.705532232409673 -0.708065048908458
-0.171762676752427 -0.24030526348817 -0.955380009846722
-0.0090033554797386 0.0542494792881373 -0.998486821939615
-0.0613795547559478 -0.694676572459275 -0.716698688385987
-0.0838208874135454 -0.614834542627123 -0.78418909966009
0.440290774516771 0.872811174967484 -0.210581781565505
-0.0442314802418817 0.880052328830302 -0.47281230385426
-0.29395757116412 -0.380698659410847 -0.87673113157802
-0.0279885974929034 -0.732436497228886 -0.680259815024716
0.718340079777125 0.695596541875369 0.0115317265325944
0.71380513894617 0.700211579714282 0.0136369809000348
-0.291508298546314 0.955139053443229 0.0522714115574323
-0.244900341194125 -0.276782746989256 -0.929201341934073
0.554126861479931 0.832425548851026 0.00333571678497073
0.489497864690373 0.871978068762623 0.00678881879059682
-0.221801956297897 0.964946529989958 -0.140292859557305
0.0120085918210313 -0.0139258837332725 -0.999830917447907
-0.00219583110754435 -0.0679875298225216 -0.997683754560722
0.452544829431716 0.89124114736554 0.0298729743610272
-0.517773724223625 0.852814739708744 -0.0679513814363236
-0.0188128270855325 0.0320831754229948 -0.99930813435688
0.328965782458387 0.930682697216314 -0.160035093256783
-0.0121937989949187 0.0137057540616869 -0.999831717626357
-0.0346657205139645 -0.123608996387388 -0.991725316725025
-0.0351497636692975 0.462193699363769 -0.886082094606604
-0.379605695991541 0.920609731301649 0.0915272538836498
-0.0981829812148403 -0.177126216161529 -0.979278512859373
-0.220564069213622 0.97318401989343 -0.0653020275029247
0.646994388225963 0.762312985608936 -0.0166485307490427
0.09550046864682 0.00205196096253092 -0.995427270042591
0.869565635708452 0.493625875924926 0.0137513567441883
-0.265551133735815 0.96177006034486 -0.0669398714957596
-0.0478653100493015 0.789437767812309 -0.61196153706373
0.641324118527104 0.767240526636962 0.00673418749896777
0.560221253339753 0.828325544912875 0.00537949358436725
0.636205610654688 0.771487284284194 0.00705628509162501
0.644391630530861 0.764541455172065 -0.0153554493636441
-0.0172271615984074 -0.85552098925412 -0.517481460391496
-0.348492760864054 0.875735293824478 -0.334126459256828
-0.0160633580720776 -0.887748562160969 -0.460048322362531
-0.570673281852258 0.818394635276585 -0.0675442546074728
-0.204890107968968 0.937825927572559 -0.280183106609114
0.552287201353963 0.832088299632097 -0.0510676887667045
0.879883940441013 0.329508306980293 -0.342386516943902
0.206203930193542 0.212772930781337 -0.95509560730822
0.162031173735137 0.0667935386492017 -0.98452248421899
0.115725016764223 0.992621171765766 0.0362067653523366
0.0372522280346568 -0.0569271334449201 -0.997683102485052
-0.273120223344368 0.945425730958367 -0.177695050134097
0.216979781370665 0.128688215958512 -0.967656508038753
-0.0419891807115827 0.584315246711801 -0.810439757886603
-0.0891398002610634 0.994247987279768 -0.0593720119210099
0.374498428489139 0.913890302135052 -0.156701763623355
0.209171981142945 0.97761185652446 0.022850389220612
0.105679524843875 0.994012746740663 0.0277578339546864
0.0731036235673315 0.99633666303018 0.0443747013872928
0.166099760750261 0.144149864275642 -0.975516112684983
0.051935094214728 0.997932425381179 0.0378631794986196
-0.0527164416999439 0.622985389375178 -0.780455111713386
0.120560699833648 0.23104794905871 -0.965443920117261
-0.420757703252526 0.904368620632542 -0.0712765962210043
-0.0312741136328814 0.373267722380654 -0.927196385478954
-0.0115854133302933 -0.126744494964926 -0.991867738760593
-0.101887419384278 0.993372494271888 -0.0531981333813511
-0.11263197208807 0.99124638401403 -0.0688813838614113
0.0988694580379985 0.993959678822891 0.0476338864839793
0.088987392999065 0.994902103405465 0.0474452160561141
-0.0520188003552275 0.996232908679799 -0.0693832549898794
0.124430427542863 0.991761356763388 0.0304381328655962
0.489438074600861 0.871954620422127 -0.0120627963386003
-0.0341205131798965 -0.565487773293286 -0.824050586333231
-0.587687305438096 0.806022050274021 -0.0703710558324561
-0.0530238957147551 -0.681051494239808 -0.730313171644162
0.797722375399622 0.602042014988928 0.0344154612762343
-0.0857479646639263 -0.23332379643995 -0.968611012001641
-0.0190164239087422 -0.812356510731827 -0.58285098875556
-0.0256828009521001 -0.786391238716975 -0.617194631704162
-0.317068103741534 -0.3320368984241 -0.888380163935829
-0.5563151130412 0.827805908985596 -0.0724629012011556
-0.345257210731225 -0.434258136670303 -0.831995991080324
0.498296294137938 0.866973857996995 0.007558624094603
-0.218444101260498 0.973776412107523 -0.0635741602185457
-0.0414697025706115 0.864803624649759 -0.500394798695334
-0.0332098745844386 -0.547920484891598 -0.835870950844831
-0.0383745598612682 0.584953385966025 -0.810158582872721
0.264554602893365 0.959249034181261 -0.0992580098040038
0.802309395808054 0.596059228579346 0.0318281231540689
-0.0285753600759898 0.330914165826583 -0.943228107963193
-0.00953452182443577 -0.149710458284004 -0.988683908827272
0.108999617162634 0.993335473668548 0.0374662542841117
0.786115907018421 0.616854850753841 0.0388828218377037
0.212923838994494 0.972468809099958 -0.0946987545618027
0.818973192332168 0.573742506256609 0.0101215984727147
-0.0133271967123787 -0.84427148237168 -0.53574998822372
-0.0945374850223216 0.993992221180914 -0.0551554907283637
-0.0895419662201118 0.994367221509234 -0.0567103612529687
0.766092231135153 0.642667206512096 0.00903078447882924
-0.407968198981447 0.852909298516559 -0.32574173377666
-0.540477304099436 0.838853889768085 -0.0648724546657496
0.187396314128844 0.916855959621813 0.35250215709537
-0.0200263078129955 -0.452010009957615 -0.891788034172637
0.139235850439851 0.913313354761719 0.382716728098192
-0.020896259155611 -0.431392262339164 -0.901922425903248
0.113765385817213 0.0706436917333922 -0.990992888878693
0.769422870537402 0.638483950675334 0.0180745960951185
0.130108612051806 0.991256322390855 0.0219693511535953
0.151268494695129 0.988372581388921 -0.0154104792680353
-0.036492942473427 -0.507339149607171 -0.860973433054414
-0.263114784418231 0.962174707187375 -0.0706430680918992
0.00844094068084288 -0.0716750215184864 -0.997392320910256
-0.0415145630521091 0.970158538289125 -0.238891087400306
-0.0383349964772215 0.50714673970697 -0.86100674355645
0.0666784162364929 0.00466810905050664 -0.997763598036171
0.697287818891363 0.716779639427885 0.00407996658768819
-0.0419100540944022 0.77739979957676 -0.627609033542234
-0.0446395524361268 -0.665286608782667 -0.745252332121652
-0.0409625965571976 0.998870156383661 -0.0240930772084845
0.700116259806484 0.713999765261563 0.00644654644075474
-0.132039685788764 -0.320213267129171 -0.938098600857749
0.847026840505119 0.531424593351249 -0.0115513222349696
0.12341931334091 0.957626609372674 0.260228649683032
-0.280735951483033 0.925025503307006 -0.255959261947164
0.0269001511033543 0.0196887543932594 -0.999444212960913
-0.376498994731283 0.880427681959827 -0.288263080891707
0.511485258001072 0.853007691840044 0.103733834930062
0.0576295413746362 0.11823370412615 -0.991312073551795
0.0846290725730978 0.142641391001845 -0.986149762281813
-0.044911685448786 0.868338277340172 -0.493934789841788
-0.18660482108409 0.977639959532713 0.0969471519594563
-0.0397481242484844 0.998689088001881 -0.0322520096226288
-0.0498341497702277 0.998103147675473 0.0361478092972584
-0.562898429727797 -0.0582271779898276 -0.824472530502576
-0.0510332995160418 0.703117388546561 -0.709240114674833
-0.0336624197332478 -0.594769089232968 -0.803191491483002
-0.0434162531657867 0.998880215396454 -0.018797453300332
0.0937223740115872 0.994319107254941 0.050454232303842
-0.0338732162483193 -0.746368412932479 -0.664670442698972
-0.491289825026945 0.867598335663938 -0.0768598450308011
0.33004428520698 0.245707949371106 -0.91142655953075
0.430075583851001 0.899967094243584 0.071373814904208
0.573969544165837 0.818866217593766 -0.00413280216566902
0.234545423183912 0.913128408543063 -0.333444079232325
-0.518603593226564 0.852134926964424 -0.0701168976768959
-0.0343429806018232 -0.489735405027483 -0.87119446322044
-0.155257536325966 0.981041043880912 -0.11598951519444
-0.0339971828424729 0.963259123780493 -0.266413310501581
0.0795528175831525 0.064253942718224 -0.994757648907383
-0.0756216194428992 0.817511100329845 -0.570926415144998
0.378253842078619 0.92552447396067 0.0181239910778232
-0.0928228876844592 -0.337668888091788 -0.936676909898378
0.245393933477202 0.969196553016665 0.0209728165300231
-0.0220242094479537 -0.904276569032759 -0.426378729413809
-0.12462306223091 0.991680360114226 0.0322359383903947
-0.113096040367045 0.992181536931482 0.0527738896195717
-0.117717121193501 0.992954976229117 0.0135312438359401
0.379718532658082 0.294347254064945 -0.877025387306673
0.191828558111593 0.979393167630635 0.0631729965353727
0.498840967701922 0.866557576445878 -0.0153510796511326
-0.00535980926704931 -0.0665045877656299 -0.997771723517331
-0.209910891722937 0.976670363202469 0.0453036331660027
-0.60725408100346 0.789516196079014 -0.0889193861515445
-0.0391633126091956 0.624489615974644 -0.780050610207643
0.575832649011045 0.817556602292446 -0.00423820492121134
-0.0397221462723567 0.918143175526941 -0.394252787344393
-0.550216038715927 0.83234417095357 -0.0668243355325626
-0.0131834540687785 -0.499860263384182 -0.86600572378496
-0.0478308724035125 -0.171908111255197 -0.983951121209682
-0.0186416812882251 -0.819670117317897 -0.572532432701252
0.147857177755614 0.984827434952255 0.0908470051873256
-0.0228371104090055 -0.825523944590529 -0.563904853052233
-0.0147152075753427 -0.812145398293332 -0.583269504343387
-0.0173787198467223 -0.917605502906743 -0.397112227376282
-0.23909898368009 0.965056959943302 -0.10722285235965
-0.189657372221161 0.969674603917535 -0.154146825071218
-0.0421532283477908 0.800386581769105 -0.598000355404431
0.323351272656255 0.940875032215767 -0.100985782289188
-0.0759060771950269 0.993846388882712 0.0806698379176296
-0.0517151659475016 0.411175027570313 -0.910088258529674
-0.0274773951919195 0.344077329676073 -0.938539175504384
0.406318479022931 0.913604753765513 0.0152199704844613
-0.067648871019938 0.942493610018088 -0.327306317269924
-0.0978832990338401 0.968332725888541 -0.229674969780163
-0.303539222971456 0.92557502843965 -0.226218493600383
-0.00140431006867333 -0.121459099585626 -0.992595443794238
-0.0159236752947702 -0.876989683761679 -0.480245282268026
-0.0648748885763767 0.964893903551704 -0.25450148078343
-0.0563209738230853 0.58929182930631 -0.805954767850183
-0.258841430878873 0.938741485990696 -0.227520408184755
-0.0447391717248087 0.879079426932444 -0.474571140776074
-0.0329939406882144 -0.188111173569735 -0.981593391509988
-0.0318936571979538 -0.782837673221341 -0.621408055963178
-0.0336185364062009 0.476333411623969 -0.878621804293847
-0.682262868893671 -0.0890254366845379 -0.725666486309038
-0.632459286670967 0.754412246849324 -0.175662780654886
-0.217992546608502 0.975727931131803 -0.0208387627365963
-0.173687263309458 0.979243569246242 -0.104473760600213
-0.0285109418959864 0.968587896901628 -0.24703160155714
0.0830510137937248 0.994970550194314 0.0560011906467906
0.279706714151746 0.180968672032613 -0.942875651292993
-0.0291874682145698 -0.895337158522132 -0.444431619339508
-0.0103647206841955 -0.866875788440906 -0.498416432293415
-0.686857944666272 -0.0782405813926921 -0.722568041967092
-0.171957825510394 0.38882617056114 -0.905121381546418
-0.0706585808083118 0.997437639141978 -0.0112036146413977
-0.084212937090926 0.826344476471808 -0.556832997792923
-0.0569928375691229 0.997944712813425 -0.0292944812814708
0.709109218087185 0.704979969483291 -0.01293674808904
-0.0233814521222962 -0.912242034211438 -0.408983836739828
0.344586184205297 0.938606613019601 0.0166729616656803
-0.0359542667866963 0.383549042625977 -0.922820363126284
-0.0291355555035704 -0.39011900521215 -0.920303363667536
0.381437662700055 0.921224016956436 -0.0764958826118595
-0.0348919965874427 0.466533588260247 -0.88381500304032
-0.0490093127440449 0.994900040903185 0.088158923968014
-0.0420409523050432 0.505880540086081 -0.861578456956475
-0.133488756923664 0.322788149697314 -0.937010438677158
-0.300834870424916 0.953663866573673 0.00485904601499475
-0.037531837194353 0.985006406519308 -0.168385689156577
-0.0739551905007709 0.876026569191692 -0.476558579681689
0.0905032637256306 0.972760555530175 0.213415231086336
0.00868692033018103 0.975472236763813 0.219951023453361
0.2698246520151 0.962807855547823 0.013988940643701
0.0253449495229534 -0.0412356161137079 -0.998827941888593
-0.0468814425778077 0.724454019338078 -0.687727056474244
-0.40602686645451 0.911398405245687 -0.0670457353807836
0.309297335219569 0.943761316463828 0.116832084516783
0.263536025800553 0.962805585849026 -0.0596168345617655
-0.0306900034480161 0.674206987232803 -0.737904507409209
0.429803085832541 0.90290507547297 0.00563312470809736
-0.0675939969218993 0.725695196201707 -0.684687909773415
0.684650334998929 0.728497012997982 -0.0233670887975302
0.0336720562003591 -0.0231390063246994 -0.999165040930449
0.000178888859183969 -0.0848650199112698 -0.99639244095599
0.00571472832323205 0.998756307667268 -0.0495295848462144
-0.0120995336352477 -0.13708266729107 -0.990485710959111
-0.150600159412237 0.982255196261047 0.111778000533116
-0.021602728947816 -0.925872297056844 -0.377218519753062
-0.373519765233183 0.924830867695243 -0.0719086304848816
0.882454116845122 0.470380536229517 0.00410886839982379
0.272239504705517 0.962134112240766 0.0135499867294394
-0.26231174965975 0.962970787286418 -0.0622881114131541
-0.636745519233286 -0.0495885939974243 -0.769477819746412
0.195776891294076 0.980317764619206 0.0254654512473191
0.00564805373666083 0.976904714773408 0.213600743777905
-0.0288370098328831 -0.913310564743963 -0.406241601994382
0.432443686167963 0.901646033976311 0.00518533588616715
-0.0301267338143054 -0.41431559672202 -0.909634523433757
0.0353659343677677 0.967990308472858 0.248483426789226
0.327531634835771 0.943556546214157 -0.0492348685203688
0.932315819375662 0.360469961187384 0.0291310834582874
0.203154187385252 0.978946944358673 -0.0197801991561016
-0.740797189246447 -0.113107133700317 -0.662137675042481
-0.038345472270673 0.859692500778428 -0.509370620336186
0.00480192792545838 0.999966319977287 0.00665585451166233
-0.0177132962066905 -0.937176249058886 -0.348406253298375
-0.0774811915745299 0.977899020675635 -0.194191066513947
-0.438211247002318 0.824702117132667 -0.357543453299833
-0.0185021433373677 -0.158344228214323 -0.987210603712872
-0.0599897383499019 0.785427328083227 -0.616039887988394
0.247673971262762 0.968754364277988 -0.0131371858205632
0.191775837430328 0.981397324003655 0.00901779442887017
0.125987829780396 0.925987976326572 0.355911975698831
-0.204971200246731 0.970540312283401 0.126642446684562
0.0679351269521273 0.954643700203357 0.289896919935417
0.362399656605919 0.92517708441106 0.112755715476253
-0.0680141257145992 -0.280235017434385 -0.957518884255986
0.0743140195679882 0.937421086954426 0.340175149340499
0.0782736534223779 -0.973506249168772 -0.214846033263969
0.195400184003821 -0.96068800890613 -0.19722402905135
-0.0443415787815583 -0.269294657637589 -0.962036491906109
-0.0171013182396364 -0.961574270460701 -0.274011801392637
-0.0527705638061281 0.629765495791303 -0.774990766336166
-0.0205946840703445 -0.971483290174233 -0.236211930054961
0.363726491173886 0.931390853872172 0.0146327352739867
0.055432186962013 0.975304879100302 0.213793511248011
0.359176391279815 0.933191672641168 -0.0120673965869976
0.0718092821101629 0.96511235542278 0.251796680703134
0.00620125487758542 0.996639181861007 0.0816816112559327
-0.0217885573163603 0.996042339717409 -0.0861679537899176
0.00573145772723895 0.996426921377946 0.0842647064054112
