0 0.96592557430267334 0.00075468211434781551 -0.25881898403167725
1 0.96592557430267334 0.00077752117067575455 -0.25881898403167725
2 0.96592551469802856 0.00080985744716599584 -0.25881898403167725
3 0.96592551469802856 0.00082728080451488495 -0.25881898403167725
4 0.96592557430267334 0.00080227665603160858 -0.25881898403167725
5 0.96592545509338379 0.00094447226729243994 -0.25881895422935486
6 0.96592551469802856 0.00084960495587438345 -0.25881898403167725
7 0.96592569351196289 0.00064234755700454116 -0.25881901383399963
8 0.96592545509338379 0.00089341349666938186 -0.25881895422935486
9 0.96592557430267334 0.00080160371726378798 -0.25881898403167725
10 0.96592545509338379 0.00088895449880510569 -0.25881895422935486
11 0.96592551469802856 0.00086103618377819657 -0.25881898403167725
12 0.96592545509338379 0.00091177312424406409 -0.25881895422935486
13 0.96592563390731812 0.00064913253299891949 -0.25881901383399963
14 0.96592545509338379 0.00093243829905986786 -0.25881895422935486
15 0.96592569351196289 0.00063363730441778898 -0.25881901383399963
16 0.96592551469802856 0.00084430334391072392 -0.25881898403167725
17 0.96592545509338379 0.00093078811187297106 -0.25881895422935486
18 0.96592545509338379 0.00093010638374835253 -0.25881895422935486
19 0.96592557430267334 0.00079452322097495198 -0.25881898403167725
20 0.96592557430267334 0.00078796350862830877 -0.25881898403167725
21 0.96592551469802856 0.00083626603009179235 -0.25881898403167725
22 0.96592551469802856 0.000857250124681741 -0.25881898403167725
23 0.96592551469802856 0.00083920947508886456 -0.25881898403167725
24 0.96592557430267334 0.00079297542106360197 -0.25881898403167725
25 0.96592551469802856 0.00088004826102405787 -0.25881898403167725
26 0.96592557430267334 0.00079657713649794459 -0.25881898403167725
27 0.96592569351196289 0.00063235580455511808 -0.25881901383399963
28 0.96592557430267334 0.00077224004780873656 -0.25881898403167725
29 0.96592551469802856 0.00084643042646348476 -0.25881898403167725
30 0.96592557430267334 0.00077690382022410631 -0.25881898403167725
31 0.96592557430267334 0.00074735871748998761 -0.25881898403167725
32 0.96592539548873901 0.00094629504019394517 -0.25881895422935486
33 0.96592545509338379 0.00088138243881985545 -0.25881895422935486
34 0.96592551469802856 0.00085396150825545192 -0.25881898403167725
35 0.96592539548873901 0.00095457810675725341 -0.25881895422935486
36 0.96592569351196289 0.00063358759507536888 -0.25881901383399963
37 0.96592557430267334 0.00080241420073434711 -0.25881898403167725
38 0.96592545509338379 0.00088864145800471306 -0.25881895422935486
39 0.96592545509338379 0.00090992107288911939 -0.25881895422935486
40 0.96592545509338379 0.00088977959239855409 -0.25881895422935486
41 0.96592557430267334 0.00074868998490273952 -0.25881898403167725
42 0.96592545509338379 0.00090957875363528728 -0.25881895422935486
43 0.96592557430267334 0.00076875538798049092 -0.25881898403167725
44 0.96592557430267334 0.00079131650272756815 -0.25881898403167725
45 0.96592557430267334 0.00074703397694975138 -0.25881898403167725
46 0.96592557430267334 0.00073377112857997417 -0.25881898403167725
47 0.96592551469802856 0.00081431353464722633 -0.25881898403167725
48 0.96592563390731812 0.00070099590811878443 -0.25881901383399963
49 0.96592563390731812 0.00066865078406408429 -0.25881901383399963
50 0.96592545509338379 0.00089138880139216781 -0.25881895422935486
51 0.96592563390731812 0.00069591961801052094 -0.25881901383399963
52 0.96592545509338379 0.00094040826661512256 -0.25881895422935486
53 0.96592557430267334 0.00078876811312511563 -0.25881898403167725
54 0.96592533588409424 0.0010080857900902629 -0.25881892442703247
55 0.96592563390731812 0.00066839333157986403 -0.25881901383399963
56 0.96592557430267334 0.00075230340007692575 -0.25881898403167725
57 0.96592557430267334 0.00076893385266885161 -0.25881898403167725
58 0.96592563390731812 0.00071675737854093313 -0.25881901383399963
59 0.96592557430267334 0.00076890166383236647 -0.25881898403167725
60 0.96592563390731812 0.00068651011679321527 -0.25881901383399963
61 0.96592539548873901 0.00095938227605074644 -0.25881895422935486
62 0.96592533588409424 0.0010257138637825847 -0.25881892442703247
63 0.96592563390731812 0.00070065358886495233 -0.25881901383399963
64 0.96592539548873901 0.00096416892483830452 -0.25881895422935486
65 0.96592545509338379 0.00090654758969321847 -0.25881895422935486
66 0.96592545509338379 0.00089444336481392384 -0.25881895422935486
67 0.96592563390731812 0.00065729563357308507 -0.25881901383399963
68 0.96592563390731812 0.00069204869214445353 -0.25881901383399963
69 0.96592545509338379 0.00089456042042002082 -0.25881895422935486
70 0.96592557430267334 0.00079562916653230786 -0.25881898403167725
71 0.96592563390731812 0.00067248073173686862 -0.25881901383399963
72 0.96592545509338379 0.00092217739438638091 -0.25881895422935486
73 0.96592563390731812 0.00066688359947875142 -0.25881901383399963
74 0.96592557430267334 0.00079079275019466877 -0.25881898403167725
75 0.96592557430267334 0.00075278617441654205 -0.25881898403167725
76 0.96592563390731812 0.00072538864333182573 -0.25881901383399963
77 0.96592551469802856 0.00086040422320365906 -0.25881898403167725
78 0.96592551469802856 0.00087305257329717278 -0.25881898403167725
79 0.96592557430267334 0.00079435936640948057 -0.25881898403167725
80 0.96592551469802856 0.00085828587180003524 -0.25881898403167725
81 0.96592545509338379 0.00091157120186835527 -0.25881895422935486
82 0.96592557430267334 0.00078188651241362095 -0.25881898403167725
83 0.96592563390731812 0.00069371936842799187 -0.25881901383399963
84 0.96592545509338379 0.00088678061729297042 -0.25881895422935486
85 0.96592551469802856 0.0008657292346470058 -0.25881898403167725
86 0.96592563390731812 0.00068758975248783827 -0.25881901383399963
87 0.96592563390731812 0.00070652284193783998 -0.25881901383399963
88 0.96592539548873901 0.00097785599064081907 -0.25881895422935486
89 0.96592563390731812 0.00071241840487346053 -0.25881901383399963
90 0.96592545509338379 0.00091359007637947798 -0.25881895422935486
91 0.96592545509338379 0.00088225142098963261 -0.25881895422935486
92 0.96592563390731812 0.00069123535649850965 -0.25881901383399963
93 0.96592563390731812 0.00068026932422071695 -0.25881901383399963
94 0.96592563390731812 0.00072320300387218595 -0.25881901383399963
95 0.96592557430267334 0.00074794096872210503 -0.25881898403167725
96 0.0013637049123644829 0 0.99999910593032837
97 0.0013696647947654128 0 0.99999910593032837
98 0.001315882196649909 0 0.99999916553497314
99 0.0013537188060581684 0 0.99999910593032837
100 0.001358265639282763 0 0.99999910593032837
101 0.0013471825513988733 0 0.99999910593032837
102 0.0013556908816099167 0 0.99999910593032837
103 0.001360524445772171 0 0.99999910593032837
104 0.0013559249928221107 0 0.99999910593032837
105 0.0013506145915016532 0 0.99999910593032837
106 0.0013647874584421515 0 0.99999910593032837
107 0.0013408862287178636 0 0.99999910593032837
108 0.0013666569720953703 0 0.99999910593032837
109 0.0013483470538631082 0 0.99999910593032837
110 0.001347495592199266 0 0.99999910593032837
111 0.0013503044610843062 -0 0.99999910593032837
112 0.0013579993974417448 0 0.99999910593032837
113 0.001345877768471837 0 0.99999910593032837
114 0.0013548072893172503 0 0.99999910593032837
115 0.0013288522604852915 0 0.99999910593032837
116 0.0013229890028014779 0 0.99999916553497314
117 0.0012476076371967793 0 0.99999922513961792
118 0.0012991989497095346 0 0.99999916553497314
119 0.0012752101756632328 0 0.99999922513961792
120 0 -0.00035685766488313675 -0.99999994039535522
121 -0 -0.00048127589980140328 -0.99999988079071045
122 0 -0.00047174643259495497 -0.99999988079071045
123 0 -0.00035118445521220565 -0.99999994039535522
124 0 -0.00040099097532220185 -0.99999994039535522
125 -0 -0.00041912237065844238 -0.99999994039535522
126 -0 -0.00035432973527349532 -0.99999994039535522
127 -0 -0.0004768695798702538 -0.99999988079071045
128 0 -0.00046365358866751194 -0.99999988079071045
129 -0 -0.00037691133911721408 -0.99999994039535522
130 0 -0.00035886772093363106 -0.99999994039535522
131 -0 -0.00033566876663826406 -0.99999994039535522
132 0 -0.00041061404044739902 -0.99999994039535522
133 0 -0.00034100547782145441 -0.99999994039535522
134 0 -0.00047654189984314144 -0.99999988079071045
135 0 -0.00038773985579609871 -0.99999994039535522
136 0 -0.00047786728828214109 -0.99999988079071045
137 -0 -0.00047309818910434842 -0.99999988079071045
138 -0 -0.00033373478800058365 -0.99999994039535522
139 0 -0.00043424899922683835 -0.99999994039535522
140 0 -0.00048541009891778231 -0.99999988079071045
141 0 -0.00045195026905275881 -0.99999994039535522
142 0 -0.00042435381328687072 -0.99999994039535522
143 0 -0.00045223406050354242 -0.99999994039535522
144 0 -0.00041940325172618032 -0.99999994039535522
145 0 -0.00039725174428895116 -0.99999994039535522
146 0 -0.00051479431567713618 -0.99999988079071045
147 -0 -0.00051841064123436809 -0.99999988079071045
148 -0 -0.00044335125130601227 -0.99999994039535522
149 0 -0.00050047232070937753 -0.99999988079071045
150 0 -0.00050101947272196412 -0.99999988079071045
151 0 -0.00043766343151219189 -0.99999994039535522
152 0 -0.00048308406258001924 -0.99999988079071045
153 -0 -0.00050282763550058007 -0.99999988079071045
154 -0 -0.0003900454321410507 -0.99999994039535522
155 -0 -0.0003672707243822515 -0.99999994039535522
156 -0 -0.00042265970841981471 -0.99999994039535522
157 -0 -0.00049357319949194789 -0.99999988079071045
158 0 -0.00031859942828305066 -0.99999994039535522
159 0 -0.00042793210013769567 -0.99999994039535522
160 -0 -0.000308402901282534 -0.99999994039535522
161 -0 -0.00031359039712697268 -0.99999994039535522
162 -0 -0.00057489384198561311 -0.99999982118606567
163 -0 -0.00038890726864337921 -0.99999994039535522
164 0 -0.00042023419518955052 -0.99999994039535522
165 0 -0.00036488322075456381 -0.99999994039535522
166 -0 -0.00029218499548733234 -1
167 0 -0.00040040581370703876 -0.99999994039535522
168 -0 -0.00054388295393437147 -0.99999988079071045
169 -0 -0.00050456559984013438 -0.99999988079071045
170 0 -0.00054428965086117387 -0.99999988079071045
171 0 -0.00036777689820155501 -0.99999994039535522
172 0 -0.00046977150486782193 -0.99999988079071045
173 -0 -0.00051015097415074706 -0.99999988079071045
174 -0 -0.00040255923522636294 -0.99999994039535522
175 0 -0.00031608028803020716 -0.99999994039535522
176 -0 -0.00032161010312847793 -0.99999994039535522
177 0 -0.00040317949606105685 -0.99999994039535522
178 0 -0.00044915315811522305 -0.99999994039535522
179 0 -0.00043187028495594859 -0.99999994039535522
180 -0 -0.00053327681962400675 -0.99999988079071045
181 0 -0.00040959587204270065 -0.99999994039535522
182 0 -0.00045930579653941095 -0.99999988079071045
183 0 -0.0005916852387599647 -0.99999982118606567
184 0 -0.00042730304994620383 -0.99999994039535522
185 -0 -0.00043097790330648422 -0.99999994039535522
186 0 -0.00031756368116475642 -0.99999994039535522
187 0 -0.00035232261870987713 -0.99999994039535522
188 0 -0.00043138166074641049 -0.99999994039535522
189 0 -0.0005701364716514945 -0.99999988079071045
190 -0 -0.00048879534006118774 -0.99999988079071045
191 0 -0.00042237297748215497 -0.99999994039535522
192 0 -0.00044682712177745998 -0.99999994039535522
193 0 -0.00028536780155263841 -1
194 -0 -0.00027476166724227369 -1
195 -0 -0.00036341446684673429 -0.99999994039535522
196 -0 -0.00034449892700649798 -0.99999994039535522
197 0 -0.00043350583291612566 -0.99999994039535522
198 0 -0.00046240424853749573 -0.99999988079071045
199 -0 -0.00059965229593217373 -0.99999982118606567
200 0 -0.00045462741400115192 -0.99999994039535522
201 0 -0.00052106729708611965 -0.99999988079071045
202 0 -0.00045229843817651272 -0.99999994039535522
203 0 -0.00045416803914122283 -0.99999994039535522
204 0 -0.00056663720170035958 -0.99999988079071045
205 -0 -0.00044752348912879825 -0.99999994039535522
206 0 -0.00051518931286409497 -0.99999988079071045
207 -0 -0.00032112735789269209 -0.99999994039535522
208 0 -0.00040642425301484764 -0.99999994039535522
209 -0 -0.00053808104712516069 -0.99999988079071045
210 0 -0.00043213652679696679 -0.99999994039535522
211 0 -0.00059706292813643813 -0.99999982118606567
212 0 -0.00054293207358568907 -0.99999988079071045
213 -0 -0.00058139796601608396 -0.99999982118606567
214 -0 -0.00043800575076602399 -0.99999994039535522
215 0 -0.00053875107550993562 -0.99999988079071045
216 0 -0.00053150666644796729 -0.99999988079071045
217 0 -0.00033855362562462687 -0.99999994039535522
218 0 -0.00032318715238943696 -0.99999994039535522
219 0 -0.00039872637717053294 -0.99999994039535522
220 -0 -0.00029635432292707264 -1
221 0 -0.00035948213189840317 -0.99999994039535522
222 -0 -0.00037902381154708564 -0.99999994039535522
223 0 -0.00057433207985013723 -0.99999982118606567
224 0 -0.00033128293580375612 -0.99999994039535522
225 -0 -0.00043991632992401719 -0.99999994039535522
226 -0 -0.00054081378038972616 -0.99999988079071045
227 0 -0.00034229576704092324 -0.99999994039535522
228 0 -0.00031753734219819307 -0.99999994039535522
229 0 -0.00044235648238100111 -0.99999994039535522
230 -0 -0.0005478914245031774 -0.99999988079071045
231 0 -0.00058533617993816733 -0.99999982118606567
232 -0 -0.00054759590420871973 -0.99999988079071045
233 0 -0.0005505568697117269 -0.99999988079071045
234 -0 -0.00044525595149025321 -0.99999994039535522
235 0.00076066103065386415 0 0.99999970197677612
236 0.00077571446308866143 -0 0.99999970197677612
237 0.00077048601815477014 0 0.99999970197677612
238 0.00078334211139008403 0 0.99999970197677612
239 0.00080926495138555765 0 0.99999970197677612
240 0.00079591735266149044 0 0.99999970197677612
241 0.00077546871034428477 0 0.99999970197677612
242 0.00081893784226849675 0 0.99999970197677612
243 0.00076047668699175119 0 0.99999970197677612
244 0.00074721395503729582 0 0.9999997615814209
245 0.00073924689786508679 0 0.9999997615814209
246 0.00081488850992172956 0 0.99999970197677612
247 0.00076110282680019736 0 0.99999970197677612
248 0.00075962528353556991 0 0.99999970197677612
249 0.00074436713475733995 0 0.9999997615814209
250 0.00075937365181744099 0 0.99999970197677612
251 0.00078416720498353243 0 0.99999970197677612
252 0.00076786446152254939 0 0.99999970197677612
253 0.00073608994716778398 0 0.9999997615814209
254 0.00070061994483694434 0 0.9999997615814209
255 0.00073287734994664788 0 0.9999997615814209
256 0.00072440993972122669 0 0.9999997615814209
257 0.00071151868905872107 0 0.9999997615814209
258 0.00070228771073743701 0 0.9999997615814209
259 0.00072418170748278499 0 0.9999997615814209
260 0.00069651793455705047 0 0.9999997615814209
261 0.00074820872396230698 0 0.9999997615814209
262 0.00070489459903910756 0 0.9999997615814209
263 0.00073883141158148646 0 0.9999997615814209
264 0.00078196113463491201 0 0.99999970197677612
265 0.00074805656913667917 0 0.9999997615814209
266 0.000727479113265872 0 0.9999997615814209
267 0.00073215755401179194 0 0.9999997615814209
268 0.00074311485514044762 0 0.9999997615814209
269 0.00073829601751640439 0 0.9999997615814209
270 0.0007366195204667747 0 0.9999997615814209
271 0.00075111701153218746 0 0.9999997615814209
272 0.00071489508263766766 0 0.9999997615814209
273 0.00073101941961795092 0 0.9999997615814209
274 0.00068048143293708563 0 0.9999997615814209
275 0.00076105020707473159 0 0.99999970197677612
276 0.00073982623871415854 0 0.9999997615814209
277 0.0007669106125831604 -0 0.99999970197677612
278 0.00069456640630960464 0 0.9999997615814209
279 0.0007203722489066422 0 0.9999997615814209
280 0.00068943743826821446 0 0.9999997615814209
281 0.00074916839366778731 0 0.9999997615814209
282 0.00073723390232771635 0 0.9999997615814209
283 0.00072437187191098928 0 0.9999997615814209
284 0.00072426657425239682 0 0.9999997615814209
285 0.00068511889548972249 0 0.9999997615814209
286 0.00072512088809162378 0 0.9999997615814209
287 0.00072981981793418527 0 0.9999997615814209
288 0.00072064436972141266 0 0.9999997615814209
289 0.00079973263200372458 -0 0.99999970197677612
290 0.00074910698458552361 0 0.9999997615814209
291 0.00076738459756597877 0 0.99999970197677612
292 0.0007113870233297348 0 0.9999997615814209
293 0.00071795261465013027 0 0.9999997615814209
294 0.00070757465437054634 0 0.9999997615814209
295 0.00080842524766921997 -0 0.99999970197677612
296 0.00075289001688361168 0 0.99999970197677612
297 0.00076940638246014714 0 0.99999970197677612
298 0.00083965272642672062 -0 0.99999964237213135
299 0.00084714870899915695 -0 0.99999964237213135
300 0.00084566825535148382 -0 0.99999964237213135
301 0.00083024322520941496 -0 0.99999964237213135
302 0.00082297844346612692 -0 0.99999970197677612
303 0.00080357427941635251 0 0.99999970197677612
304 0.00075212644878774881 0 0.9999997615814209
305 0.00083584914682433009 0 0.99999964237213135
306 0.00071703683352097869 0 0.9999997615814209
307 0.00083599833305925131 0 0.99999964237213135
308 0.00081721745664253831 -0 0.99999970197677612
309 0.00082557654241099954 0 0.99999970197677612
310 0.00078722473699599504 -0 0.99999970197677612
311 0.00080627185525372624 0 0.99999970197677612
312 0.00080100831110030413 0 0.99999970197677612
313 0.00073343911208212376 0 0.9999997615814209
314 0.00081279652658849955 -0 0.99999970197677612
315 0.00073188252281397581 0 0.9999997615814209
316 0.00074394285911694169 0 0.9999997615814209
317 0.00079365860437974334 0 0.99999970197677612
318 0.00081801036139950156 0 0.99999970197677612
319 0.00071869575185701251 0 0.9999997615814209
320 0.00079386925790458918 0 0.99999970197677612
321 0.00079819659003987908 -0 0.99999970197677612
322 0.00073989643715322018 0 0.9999997615814209
323 0.00075015152106061578 -0 0.9999997615814209
324 0.00079237128375098109 0 0.99999970197677612
325 0.00070506427437067032 0 0.9999997615814209
326 0.00071288796607404947 0 0.9999997615814209
327 0.00071095983730629086 0 0.9999997615814209
328 0.00078972335904836655 0 0.99999970197677612
329 0.00072477565845474601 0 0.9999997615814209
330 0.00079285696847364306 0 0.99999970197677612
331 0.00074249459430575371 0 0.9999997615814209
332 0.00071914051659405231 0 0.9999997615814209
333 0.00079294474562630057 0 0.99999970197677612
334 0.00080127164255827665 0 0.99999970197677612
335 0.00080037344014272094 0 0.99999970197677612
336 0.00072051858296617866 0 0.9999997615814209
337 0.00077581102959811687 0 0.99999970197677612
338 0.00075722613837569952 0 0.99999970197677612
339 0.00078717205906286836 0 0.99999970197677612
340 0.00079838093370199203 -0 0.99999970197677612
341 0.00078096927609294653 0 0.99999970197677612
342 0.00077247846638783813 0 0.99999970197677612
343 0.00078303489135578275 0 0.99999970197677612
344 0.00072660139994695783 0 0.9999997615814209
345 0.00074119842611253262 0 0.9999997615814209
346 0.00072979641845449805 0 0.9999997615814209
347 0.00075889384606853127 0 0.99999970197677612
348 0.00074218446388840675 0 0.9999997615814209
349 0.00077777134720236063 0 0.99999970197677612
350 0.00076141883619129658 0 0.99999970197677612
351 0.00071795261465013027 0 0.9999997615814209
352 0.00075261207530274987 0 0.99999970197677612
353 0.00073063024319708347 0 0.9999997615814209
354 0.00076024263398721814 0 0.99999970197677612
355 0.00074739829869940877 -0 0.9999997615814209
356 0.00072467909194529057 -0 0.9999997615814209
357 0.00072358484612777829 0 0.9999997615814209
358 0.00074261456029489636 0 0.9999997615814209
359 0.00038632960058748722 0.99999994039535522 0
360 0.00044401246123015881 0.99999994039535522 -0
361 0.00044625659938901663 0.99999994039535522 -0
362 0.0004886226961389184 0.99999988079071045 0
363 0.00045660234172828496 0.99999994039535522 -0
364 0.00045302405487746 0.99999994039535522 0
365 0.0005068477476015687 0.99999988079071045 0
366 0.00043285920401103795 0.99999994039535522 0
367 0.00044594643986783922 0.99999994039535522 0
368 0.00044767270446754992 0.99999994039535522 -0
369 0.00039371443563140929 0.99999994039535522 0
370 0.00052222592057660222 0.99999988079071045 0
371 0.00035521041718311608 0.99999994039535522 -0
372 0.00038979965029284358 0.99999994039535522 0
373 0.00045002214028500021 0.99999994039535522 -0
374 0.00046234572073444724 0.99999988079071045 0
375 0.0004889153060503304 0.99999988079071045 0
376 0.00044943403918296099 0.99999994039535522 0
377 0.00046016304986551404 0.99999988079071045 -0
378 0.00043793555232696235 0.99999994039535522 0
379 0.00044947207788936794 0.99999994039535522 0
380 0.00043754931539297104 0.99999994039535522 0
381 0.00043177371844649315 0.99999994039535522 -0
382 0.00045638289884664118 0.99999994039535522 -0
383 0.00043555974843911827 0.99999994039535522 0
384 0.00036796412314288318 0.99999994039535522 -0
385 0.00051128328777849674 0.99999988079071045 -0
386 0.00045159331057220697 0.99999994039535522 -0
387 0.00039326676051132381 0.99999994039535522 0
388 0.00048153044190257788 0.99999988079071045 0
389 0.00036379482480697334 0.99999994039535522 0
390 0.00041976899956353009 0.99999994039535522 -0
391 0.00053109996952116489 0.99999988079071045 -0
392 0.00053936254698783159 0.99999988079071045 0
393 0.00042770389700308442 0.99999994039535522 0
394 0.00040618726052343845 0.99999994039535522 0
395 0.00041170246549881995 0.99999994039535522 0
396 0.00040371200884692371 0.99999994039535522 0
397 0.00041116995271295309 0.99999994039535522 0
398 0.00040295420330949128 0.99999994039535522 0
399 0.00043023182661272585 0.99999994039535522 0
400 0.00044186494778841734 0.99999994039535522 0
401 0.00040776428068056703 0.99999994039535522 0
402 0.00037214808980934322 0.99999994039535522 0
403 0.00046100278268568218 0.99999988079071045 0
404 0.00048761616926640272 0.99999988079071045 0
405 0.00040905456990003586 0.99999994039535522 0
406 0.0004090048314537853 0.99999994039535522 0
407 0.00041252461960539222 0.99999994039535522 -0
408 0.00036439168616198003 0.99999994039535522 -0
409 0.00043171813013032079 0.99999994039535522 0
410 0.00045568656059913337 0.99999994039535522 0
411 0.00054293498396873474 0.99999988079071045 0
412 0.0004487844998948276 0.99999994039535522 0
413 0.00040847525815479457 0.99999994039535522 0
414 0.00054006767459213734 0.99999988079071045 0
415 0.00039505737368017435 0.99999994039535522 0
416 0.00044168939348310232 0.99999994039535522 0
417 0.00044468248961493373 0.99999994039535522 0
418 0.00040442298632115126 0.99999994039535522 0
419 0.00040329067269340158 0.99999994039535522 0
420 0.00053041242063045502 0.99999988079071045 -0
421 0.00043110662954859436 0.99999994039535522 0
422 0.00041860158671624959 0.99999994039535522 0
423 0.00044355899444781244 0.99999994039535522 0
424 0.00040305661968886852 0.99999994039535522 0
425 0.00045554610551334918 0.99999994039535522 0
426 0.00045362385571934283 0.99999994039535522 0
427 0.00055014429381117225 0.99999988079071045 0
428 0.00044334540143609047 0.99999994039535522 0
429 0.00039981771260499954 0.99999994039535522 0
430 0.0003503535408526659 0.99999994039535522 -0
431 0.00045837537618353963 0.99999988079071045 0
432 0.00037739411345683038 0.99999994039535522 -0
433 0.00047021039063110948 0.99999988079071045 0
434 0.00050101359374821186 0.99999988079071045 0
435 0.00037783884909003973 0.99999994039535522 0
436 0.00038367588422261178 0.99999994039535522 -0
437 0.00049814046360552311 0.99999988079071045 -0
438 0.00046470103552564979 0.99999988079071045 0
439 0.00049149879487231374 0.99999988079071045 -0
440 0.00050089950673282146 0.99999988079071045 0
441 0.00044800332398153841 0.99999994039535522 -0
442 0.00039172483957372606 0.99999994039535522 0
443 0.00048789705033414066 0.99999988079071045 -0
444 0.00046725527499802411 0.99999988079071045 -0
445 0.00044450108543969691 0.99999994039535522 0
446 0.00049252284225076437 0.99999988079071045 -0
447 0.00040014248224906623 0.99999994039535522 0
448 0.00048454405623488128 0.99999988079071045 -0
449 0.00043902979814447463 0.99999994039535522 0
450 0.00054227374494075775 0.99999988079071045 -0
451 0.00044864992378279567 0.99999994039535522 0
452 0.0004469324485398829 0.99999994039535522 0
453 0.00048852612962946296 0.99999988079071045 -0
454 0.00044185909791849554 0.99999994039535522 -0
455 0.00039576544077135623 0.99999994039535522 -0
456 0.00045460401452146471 0.99999994039535522 -0
457 0.00035235480754636228 0.99999994039535522 -0
458 0.00044670715578831732 0.99999994039535522 -0
459 0.00044556902139447629 0.99999994039535522 -0
460 0.00044042541412636638 0.99999994039535522 -0
461 0.00048134024837054312 0.99999988079071045 0
462 0.00038155756192281842 0.99999994039535522 -0
463 0.00042739961645565927 0.99999994039535522 -0
464 0.00042852899059653282 0.99999994039535522 -0
465 0.0004782973846886307 0.99999988079071045 -0
466 0.00043345315498299897 0.99999994039535522 -0
467 0.00046759468386881053 0.99999988079071045 0
468 0.00049074395792558789 0.99999988079071045 0
469 0.00054081669077277184 0.99999988079071045 -0
470 0.00050996668869629502 0.99999988079071045 0
471 0.00044111884199082851 0.99999994039535522 -0
472 0.00043426069896668196 0.99999994039535522 -0
473 0.00048326546675525606 0.99999988079071045 -0
474 0.0004865541122853756 0.99999988079071045 0
475 0.00043991632992401719 0.99999994039535522 -0
476 0.00049706082791090012 0.99999988079071045 0
477 0.00049056543502956629 0.99999988079071045 -0
478 0.00048221801989711821 0.99999988079071045 0
479 0.0004465959791559726 0.99999994039535522 -0
480 0.0004007569223176688 0.99999994039535522 0
481 0.00049525266513228416 0.99999988079071045 0
482 0.00050809414824470878 0.99999988079071045 0
483 0.00047654481022618711 0.99999988079071045 -0
484 0.00035661188303492963 0.99999994039535522 0
485 0.00037681771209463477 0.99999994039535522 -0
486 0.00039634475251659751 0.99999994039535522 -0
487 0.00045628927182406187 0.99999994039535522 0
488 0.00045765560935251415 0.99999988079071045 0
489 0.00048280612099915743 0.99999988079071045 0
490 0.00052472169045358896 0.99999988079071045 0
491 0.0004173434863332659 0.99999994039535522 -0
492 0.00039587076753377914 0.99999994039535522 0
493 0.00039193843258544803 0.99999994039535522 -0
494 0.00056238594697788358 0.99999988079071045 -0
495 0.00056879647308960557 0.99999988079071045 0
496 0.00048115887329913676 0.99999988079071045 0
497 0.00034853364923037589 0.99999994039535522 -0
498 0.00036616474972106516 0.99999994039535522 -0
499 0.00048874557251110673 0.99999988079071045 -0
500 0.00037643444375135005 0.99999994039535522 0
501 0.0004872446006629616 0.99999988079071045 -0
502 0.00043134362204000354 0.99999994039535522 0
503 0.00049477280117571354 0.99999988079071045 0
504 0.00048218874144367874 0.99999988079071045 0
505 0.00049087853403761983 0.99999988079071045 0
506 0.00048143681487999856 0.99999988079071045 -0
507 0.00050140568055212498 0.99999988079071045 0
508 0.00045779897482134402 0.99999988079071045 0
509 0.00038009171839803457 0.99999994039535522 -0
510 0.00048612107639200985 0.99999988079071045 -0
511 0.00034312380012124777 0.99999994039535522 -0
512 0.00039011857006698847 0.99999994039535522 0
513 0.00048476640949957073 0.99999988079071045 0
514 0.00047925999388098717 0.99999988079071045 0
515 0.00046507260412909091 0.99999988079071045 -0
516 0.00041570208850316703 0.99999994039535522 -0
517 0.00036403181729838252 0.99999994039535522 0
518 0.00040344282751902938 0.99999994039535522 -0
519 0.00055371382040902972 0.99999988079071045 -0
520 0.00034627490094862878 0.99999994039535522 -0
521 0.0004546361742541194 0.99999994039535522 -0
522 0.00055754667846485972 0.99999988079071045 0
523 0.00038837769534438848 0.99999994039535522 -0
524 0.00039784863474778831 0.99999994039535522 0
525 0.00048039815737865865 0.99999988079071045 0
526 0.00053356064017862082 0.99999988079071045 0
527 0.0004251232894603163 0.99999994039535522 -0
528 0.00038456532638520002 0.99999994039535522 0
529 0.00037641101516783237 0.99999994039535522 0
530 0.00055050419177860022 0.99999988079071045 0
531 0.00052913674153387547 0.99999988079071045 -0
532 0.00037126446841284633 0.99999994039535522 0
533 0.00045487610623240471 0.99999994039535522 -0
534 0.00048099792911671102 0.99999988079071045 -0
535 0.00038422885700128973 0.99999994039535522 0
536 0.00039589125663042068 0.99999994039535522 0
537 0.00050346256466582417 0.99999988079071045 -0
538 0.00048083410365507007 0.99999988079071045 0
539 0.00046230771113187075 0.99999988079071045 -0
540 0.00037469647941179574 0.99999994039535522 -0
541 0.00039999326691031456 0.99999994039535522 -0
542 0.00035161164123564959 0.99999994039535522 0
543 0.00045331369619816542 0.99999994039535522 0
544 0.0003772331983782351 0.99999994039535522 0
545 0.00039177460712380707 0.99999994039535522 -0
546 0.00051781960064545274 0.99999988079071045 -0
547 0.00036897647078149021 0.99999994039535522 0
548 0.0005117455730214715 0.99999988079071045 -0
549 0.00052520149620249867 0.99999988079071045 0
550 0.00079441932030022144 -0.99999970197677612 0
551 0.00072329223621636629 -0.9999997615814209 0
552 0.0006890131626278162 -0.9999997615814209 0
553 0.00071985734393820167 -0.9999997615814209 -0
554 0.00070676126051694155 -0.9999997615814209 0
555 0.00065538950730115175 -0.99999982118606567 -0
556 0.00069854845060035586 -0.9999997615814209 0
557 0.0007667204481549561 -0.99999970197677612 -0
558 0.00070636044256389141 -0.9999997615814209 -0
559 0.00063485885038971901 -0.99999982118606567 0
560 0.0008289822144433856 -0.99999964237213135 -0
561 0.00071268319152295589 -0.9999997615814209 0
562 0.0006942679756321013 -0.9999997615814209 0
563 0.00073794781928882003 -0.9999997615814209 0
564 0.00092376756947487593 -0.99999958276748657 0
565 0.0006891272496432066 -0.9999997615814209 0
566 0.00068688316969200969 -0.9999997615814209 -0
567 0.00067828409373760223 -0.9999997615814209 0
568 0.00053614703938364983 -0.99999988079071045 0
569 0.00092065153876319528 -0.99999958276748657 0
570 0.00064343446865677834 -0.99999982118606567 -0
571 0.00070878886617720127 -0.9999997615814209 0
572 0.00071540125645697117 -0.9999997615814209 -0
573 0.00068422063486650586 -0.9999997615814209 0
574 0.00054991903016343713 -0.99999988079071045 0
575 0.00067550753010436893 -0.9999997615814209 -0
576 0.00070397002855315804 -0.9999997615814209 0
577 0.00072093401104211807 -0.9999997615814209 0
578 0.00079610757529735565 -0.99999970197677612 0
579 0.00075758015736937523 -0.99999970197677612 0
580 0.00087751890532672405 -0.99999964237213135 0
581 0.00090074416948482394 -0.99999958276748657 0
582 0.00079992867540568113 -0.99999970197677612 0
583 0.00074784009484574199 -0.9999997615814209 0
584 0.00071719771949574351 -0.9999997615814209 0
585 0.00070868938928470016 -0.9999997615814209 -0
586 0.00074568664422258735 -0.9999997615814209 0
587 0.00078486651182174683 -0.99999970197677612 0
588 0.00091223098570480943 -0.99999958276748657 0
589 0.00071256904629990458 -0.9999997615814209 0
590 0.00092040869640186429 -0.99999958276748657 -0
591 0.0008531203493475914 -0.99999964237213135 -0
592 0.00076069030910730362 -0.99999970197677612 -0
593 0.00068147329147905111 -0.9999997615814209 0
594 0.00068512471625581384 -0.9999997615814209 0
595 0.00068352429661899805 -0.9999997615814209 0
596 0.00061997515149414539 -0.99999982118606567 0
597 0.00061250256840139627 -0.99999982118606567 0
598 0.00059070507995784283 -0.99999982118606567 0
599 0.00063325255177915096 -0.99999982118606567 0
600 0.0007643212447874248 -0.99999970197677612 0
601 0.00088403187692165375 -0.99999964237213135 0
602 0.00091683334903791547 -0.99999958276748657 0
603 0.00084843899821862578 -0.99999964237213135 0
604 0.000740349933039397 -0.9999997615814209 0
605 0.0007665185839869082 -0.99999970197677612 0
606 0.00089484284399077296 -0.99999964237213135 0
607 0.00075298070441931486 -0.99999970197677612 0
608 0.00073007727041840553 -0.9999997615814209 0
609 0.00084811425767838955 -0.99999964237213135 0
610 0.00087517529027536511 -0.99999964237213135 -0
611 0.00081548537127673626 -0.99999970197677612 -0
612 0.0007321253651753068 -0.9999997615814209 0
613 0.00075303629273548722 -0.99999970197677612 0
614 0.00069361255737021565 -0.9999997615814209 -0
615 0.00072932825423777103 -0.9999997615814209 -0
616 0.00095690268790349364 -0.99999958276748657 0
617 0.00092276401119306684 -0.99999958276748657 0
618 0.00082459935219958425 -0.99999970197677612 0
619 0.00075145351001992822 -0.9999997615814209 0
620 0.00069903413532301784 -0.9999997615814209 0
621 0.00068199698580428958 -0.9999997615814209 0
622 0.00067685340764001012 -0.9999997615814209 0
623 0.0006700654630549252 -0.9999997615814209 0
624 0.00060378649504855275 -0.99999982118606567 0
625 0.00059796113055199385 -0.99999982118606567 0
626 0.00052859837887808681 -0.99999988079071045 0
627 0.00051812682067975402 -0.99999988079071045 0
628 0.00066576158860698342 -0.99999982118606567 0
629 0.00079236540477722883 -0.99999970197677612 0
630 0.00088945927564054728 -0.99999964237213135 0
631 0.00090853567235171795 -0.99999958276748657 0
632 0.00089574692538008094 -0.99999964237213135 -0
633 0.0008828059071674943 -0.99999964237213135 0
634 0.00082590134115889668 -0.99999970197677612 0
635 0.00081019545905292034 -0.99999970197677612 -0
636 0.0008667635265737772 -0.99999964237213135 0
637 0.00079625967191532254 -0.99999970197677612 -0
638 0.0008346934337168932 -0.99999964237213135 -0
639 0.00075404572999104857 -0.99999970197677612 0
640 0.00087937968783080578 -0.99999964237213135 0
641 0.00079097272828221321 -0.99999970197677612 -0
642 0.00075181922875344753 -0.9999997615814209 0
643 0.00075371802086010575 -0.99999970197677612 0
644 0.00083451496902853251 -0.99999964237213135 0
645 0.00076012563658878207 -0.99999970197677612 0
646 0.00076582224573940039 -0.99999970197677612 0
647 0.00079748855205252767 -0.99999970197677612 0
648 0.00068087346153333783 -0.9999997615814209 -0
649 0.00062089384300634265 -0.99999982118606567 0
650 0.00059278536355122924 -0.99999982118606567 0
651 0.00070964032784104347 -0.9999997615814209 0
652 0.00082782359095290303 -0.99999970197677612 0
653 0.00083224743138998747 -0.99999964237213135 -0
654 0.00091867952141910791 -0.99999958276748657 0
655 0.00091610773233696818 -0.99999958276748657 -0
656 0.00090748531511053443 -0.99999958276748657 -0
657 0.00085025886073708534 -0.99999964237213135 -0
658 0.0008521548006683588 -0.99999964237213135 0
659 0.0008233997505158186 -0.99999970197677612 0
660 0.00084041047375649214 -0.99999964237213135 -0
661 0.00081489433068782091 -0.99999970197677612 0
662 0.00077461142791435122 -0.99999970197677612 0
663 0.00076493568485602736 -0.99999970197677612 0
664 0.00076548865763470531 -0.99999970197677612 0
665 0.00081044709077104926 -0.99999970197677612 -0
666 0.00075485324487090111 -0.99999970197677612 -0
667 0.00072595477104187012 -0.9999997615814209 -0
668 0.0007490806165151298 -0.9999997615814209 0
669 0.00070497358683496714 -0.9999997615814209 -0
670 0.00069923017872497439 -0.9999997615814209 0
671 0.0008026614086702466 -0.99999970197677612 0
672 0.00080790446372702718 -0.99999970197677612 0
673 0.00090870243730023503 -0.99999958276748657 -0
674 0.00091513636289164424 -0.99999958276748657 0
675 0.00068131234729662538 -0.9999997615814209 -0
676 0.0009035792900249362 -0.99999958276748657 0
677 0.00090040476061403751 -0.99999958276748657 0
678 0.00086189492139965296 -0.99999964237213135 0
679 0.00080439646262675524 -0.99999970197677612 0
680 0.00084968830924481153 -0.99999964237213135 0
681 0.00087306578643620014 -0.99999964237213135 0
682 0.00076135445851832628 -0.99999970197677612 -0
683 0.00094556511612609029 -0.99999958276748657 0
684 0.00067682121880352497 -0.9999997615814209 -0
685 0.00054941576672717929 -0.99999988079071045 0
686 0.00090513000031933188 -0.99999958276748657 -0
687 0.00089014391414821148 -0.99999964237213135 -0
688 0.00067800324177369475 -0.9999997615814209 0
689 0.00093294592807069421 -0.99999958276748657 0
690 0.00087420683121308684 -0.99999964237213135 0
691 0.00079004227882251143 -0.99999970197677612 0
692 0.00068909802939742804 -0.9999997615814209 0
693 0.00068752974038943648 -0.9999997615814209 0
694 0.00067720154765993357 -0.9999997615814209 0
695 0.00061003898736089468 -0.99999982118606567 0
696 0.00060586381005123258 -0.99999982118606567 0
697 0.000581087835598737 -0.99999982118606567 0
698 0.00059118488570675254 -0.99999982118606567 0
699 0.00073655805317685008 -0.9999997615814209 0
700 0.00085315544856712222 -0.99999964237213135 0
701 0.00092034437693655491 -0.99999958276748657 -0
702 0.00091636815341189504 -0.99999958276748657 0
703 0.00072010897565633059 -0.9999997615814209 0
704 0.00093172001652419567 -0.99999958276748657 -0
705 0.00082591891987249255 -0.99999970197677612 0
706 0.00073556037386879325 -0.9999997615814209 0
707 0.00079711113357916474 -0.99999970197677612 0
708 0.00085859751561656594 -0.99999964237213135 -0
709 0.00089300831314176321 -0.99999964237213135 0
710 0.00092808902263641357 -0.99999958276748657 0
711 0.00072635267861187458 -0.9999997615814209 -0
712 0.0009515162673778832 -0.99999958276748657 -0
713 0.00069706211797893047 -0.9999997615814209 -0
714 0.00094016978982836008 -0.99999958276748657 0
715 0.00072863773675635457 -0.9999997615814209 0
716 0.00061580876354128122 -0.99999982118606567 0
717 0.00048901181435212493 -0.99999988079071045 0
718 0.00086801871657371521 -0.99999964237213135 0
719 0.00091736583271995187 -0.99999958276748657 0
720 0.0009010806679725647 -0.99999958276748657 0
721 0.0008629803778603673 -0.99999964237213135 0
722 0.00087538885418325663 -0.99999964237213135 0
723 0.00072515307692810893 -0.9999997615814209 0
724 0.00074765284080058336 -0.9999997615814209 0
725 0.00073143193731084466 -0.9999997615814209 0
726 0.00095200195210054517 -0.99999958276748657 -0
727 0.00072493072366341949 -0.9999997615814209 0
728 0.00053010229021310806 -0.99999988079071045 0
729 0.00061922316672280431 -0.99999982118606567 0
730 0.00071962911169975996 -0.9999997615814209 0
731 0.00092676951317116618 -0.99999958276748657 -0
732 0.0007307414198294282 -0.9999997615814209 0
733 0.00072178547270596027 -0.9999997615814209 0
734 0.00071259541437029839 -0.9999997615814209 0
735 0.00091534701641649008 -0.99999958276748657 0
736 0.00091029703617095947 -0.99999958276748657 0
737 0.00063384650275111198 -0.99999982118606567 0
738 0.0006151884444989264 -0.99999982118606567 0
739 0.0004430118715390563 -0.99999994039535522 0
740 0.00045536764082498848 -0.99999994039535522 0
741 0.00089158635819330812 -0.99999964237213135 -0
742 0.0008551508653908968 -0.99999964237213135 0
743 0.00090987276053056121 -0.99999958276748657 0
744 0.00068605807609856129 -0.9999997615814209 -0
745 0.00057875009952113032 -0.99999982118606567 0
746 0.00070289330324158072 -0.9999997615814209 -0
747 0.00074293051147833467 -0.9999997615814209 0
748 0.00070215307641774416 -0.9999997615814209 0
749 0.00088812509784474969 -0.99999964237213135 0
750 0.00095096038421615958 -0.99999958276748657 0
751 0.00093426252715289593 -0.99999958276748657 0
752 0.00070341996615752578 -0.9999997615814209 0
753 0.00064874492818489671 -0.99999982118606567 0
754 0.00062708783661946654 -0.99999982118606567 0
755 0.00067055405816063285 -0.9999997615814209 -0
756 0.00066856457851827145 -0.99999982118606567 0
757 0.00064292829483747482 -0.99999982118606567 0
758 0.0006119905156083405 -0.99999982118606567 0
759 0.00066129094921052456 -0.99999982118606567 0
760 0.00066121778218075633 -0.99999982118606567 0
761 0.00068103440571576357 -0.9999997615814209 0
762 0.00063007220160216093 -0.99999982118606567 0
763 0.00068979145726189017 -0.9999997615814209 0
764 0.00064225535606965423 -0.99999982118606567 0
765 0.00061530550010502338 -0.99999982118606567 0
766 0.00065002939663827419 -0.99999982118606567 0
767 0.00066030491143465042 -0.99999982118606567 0
768 0.00067208136897534132 -0.9999997615814209 -0
769 0.00063906912691891193 -0.99999982118606567 0
770 0.00066260754829272628 -0.99999982118606567 -0
771 0.00074107263935729861 -0.9999997615814209 0
772 0.00063427956774830818 -0.99999982118606567 0
773 0.00053775333799421787 -0.99999988079071045 0
774 0.00062858295859768987 -0.99999982118606567 0
775 0.00091700302436947823 -0.99999958276748657 -0
776 0.00073260231874883175 -0.9999997615814209 0
777 0.00048886553850024939 -0.99999988079071045 0
778 0.00087419222109019756 -0.99999964237213135 0
779 0.0007454642909578979 -0.9999997615814209 0
780 0.00065370422089472413 -0.99999982118606567 -0
781 0.00091649685055017471 -0.99999958276748657 0
782 0.00049718661466613412 -0.99999988079071045 0
783 0.00088118499843403697 -0.99999964237213135 0
784 0.00094830954913049936 -0.99999958276748657 -0
785 0.00066129385959357023 -0.99999982118606567 0
786 0.00073812925256788731 -0.9999997615814209 0
787 0.00050771085079759359 -0.99999988079071045 -0
788 0.00091373198665678501 -0.99999958276748657 0
789 0.00087053200695663691 -0.99999964237213135 0
790 0.00068696797825396061 -0.9999997615814209 -0
791 0.00059374503325670958 -0.99999982118606567 0
792 0.00063062517438083887 -0.99999982118606567 -0
793 0.00064583658240735531 -0.99999982118606567 0
794 0.00060685275821015239 -0.99999982118606567 0
795 0.00068590592127293348 -0.9999997615814209 0
796 0 -0.00053812493570148945 0.99999988079071045
797 0 -0.00036002634442411363 0.99999994039535522
798 -0 -0.00042962032603099942 0.99999994039535522
799 0 -0.00050972675671800971 0.99999988079071045
800 -0 -0.00053412531269714236 0.99999988079071045
801 0 -0.00037759597762487829 0.99999994039535522
802 0 -0.00042243150528520346 0.99999994039535522
803 0 -0.00050034653395414352 0.99999988079071045
804 0 -0.00039934666710905731 0.99999994039535522
805 -0 -0.0004421048506628722 0.99999994039535522
806 -0 -0.00052111700642853975 0.99999988079071045
807 -0 -0.00043183518573641777 0.99999994039535522
808 0 -0.00032890131114982069 0.99999994039535522
809 0 -0.0004941057413816452 0.99999988079071045
810 0 -0.00035731995012611151 0.99999994039535522
811 -0 -0.00037106845411472023 0.99999994039535522
812 -0 -0.00045766439870931208 0.99999988079071045
813 0 -0.00034034132841043174 0.99999994039535522
814 0 -0.00036817771615460515 0.99999994039535522
815 0 -0.00046885572373867035 0.99999988079071045
816 0 -0.00039862105040811002 0.99999994039535522
817 0 -0.00052694824989885092 0.99999988079071045
818 -0 -0.00051878805970773101 0.99999988079071045
819 -0 -0.00048572316882200539 0.99999988079071045
820 0 -0.00046540616312995553 0.99999988079071045
821 0 -0.00043431043741293252 0.99999994039535522
822 0 -0.00033538494608364999 0.99999994039535522
823 0 -0.00039806222775951028 0.99999994039535522
824 -0 -0.00053909042617306113 0.99999988079071045
825 0 -0.00050719297723844647 0.99999988079071045
826 0 -0.00036915496457368135 0.99999994039535522
827 0 -0.00037299658288247883 0.99999994039535522
828 -0 -0.0004871626733802259 0.99999988079071045
829 0 -0.00046607910189777613 0.99999988079071045
830 0 -0.00047899666242301464 0.99999988079071045
831 -0 -0.00048809015424922109 0.99999988079071045
832 0 -0.00034342808066867292 0.99999994039535522
833 0 -0.00035650070640258491 0.99999994039535522
834 0 -0.00034889939706772566 0.99999994039535522
835 0 -0.00036676161107607186 0.99999994039535522
836 -0 -0.00045239206519909203 0.99999994039535522
837 -0 -0.00053852866403758526 0.99999988079071045
838 -0 -0.00052454613614827394 0.99999988079071045
839 -0 -0.0004819078603759408 0.99999988079071045
840 -0 -0.00046268512960523367 0.99999988079071045
841 -0 -0.00045571580994874239 0.99999994039535522
842 -0 -0.00045369990402832627 0.99999994039535522
843 0 -0.00034899593447335064 0.99999994039535522
844 0 -0.00034069240791723132 0.99999994039535522
845 0 -0.00033374063787050545 0.99999994039535522
846 0 -0.00032661622390151024 0.99999994039535522
847 0 -0.00034503143979236484 0.99999994039535522
848 0 -0.00037092508864589036 0.99999994039535522
849 0 -0.00042592204408720136 0.99999994039535522
850 0 -0.00050022365758195519 0.99999988079071045
851 0 -0.00034170184517279267 0.99999994039535522
852 0 -0.00035063148243352771 0.99999994039535522
853 -0 -0.00053112633759155869 0.99999988079071045
854 -0 -0.000521658337675035 0.99999988079071045
855 -0 -0.00050503370584920049 0.99999988079071045
856 0 -0.00037608039565384388 0.99999994039535522
857 0 -0.00043517063022591174 0.99999994039535522
858 -0 -0.00053488014964386821 0.99999988079071045
859 -0 -0.00053206260781735182 0.99999988079071045
860 0 -0.0004385821521282196 0.99999994039535522
861 -0 -0.0004267734766472131 0.99999994039535522
862 0 -0.00043445086339488626 0.99999994039535522
863 0 -0.00043180884676985443 0.99999994039535522
864 0 -0.00043902979814447463 0.99999994039535522
865 -0 -0.00045307085383683443 0.99999994039535522
866 0 -0.00037009708466939628 0.99999994039535522
867 0 -0.00035311258397996426 0.99999994039535522
868 0 -0.00054887740407139063 0.99999988079071045
869 0 -0.00038790956023149192 0.99999994039535522
870 0 -0.0004148682055529207 0.99999994039535522
871 -0 -0.00052904314361512661 0.99999988079071045
872 0 -0.0004632147029042244 0.99999988079071045
873 -0 -0.00046653259778395295 0.99999988079071045
874 0 -0.00035977180232293904 0.99999994039535522
875 0 -0.00035482126986607909 0.99999994039535522
876 0 -0.00052435591351240873 0.99999988079071045
877 -0 -0.0005236624856479466 0.99999988079071045
878 -0 -0.0005476631922647357 0.99999988079071045
879 -0 -0.00053921039216220379 0.99999988079071045
880 0 -0.00035567561280913651 0.99999994039535522
881 -0 -0.00044586454168893397 0.99999994039535522
882 -0 -0.00041665005846880376 0.99999994039535522
883 0 -0.00049112428678199649 0.99999988079071045
884 -0 -0.00044135292409919202 0.99999994039535522
885 0 -0.00042215941357426345 0.99999994039535522
886 -0 -0.00042822177056223154 0.99999994039535522
887 0 -0.00040757411625236273 0.99999994039535522
888 0 -0.00043298210948705673 0.99999994039535522
889 0 -0.00038484914693981409 0.99999994039535522
890 0 -0.00038637348916381598 0.99999994039535522
891 0 -0.00042986316839233041 0.99999994039535522
892 0 -0.00037828649510629475 0.99999994039535522
893 -0 -0.00044321961468085647 0.99999994039535522
894 -0 -0.00044070629519410431 0.99999994039535522
895 -0 -0.00046574263251386583 0.99999988079071045
896 0 -0.00041513153701089323 0.99999994039535522
897 -0 -0.00051898410310968757 0.99999988079071045
898 0 -0.00038046916597522795 0.99999994039535522
899 0 -0.00051295687444508076 0.99999988079071045
900 -0 -0.00054011447355151176 0.99999988079071045
901 0 -0.00039187993388622999 0.99999994039535522
902 -0 -0.00040585958049632609 0.99999994039535522
903 0 -0.00050181237747892737 0.99999988079071045
904 0 -0.00044478781637735665 0.99999994039535522
905 -0 -0.00052411603974178433 0.99999988079071045
906 -0 -0.00036164434277452528 0.99999994039535522
907 0 -0.00053515518084168434 0.99999988079071045
908 0 -0.00053771235980093479 0.99999988079071045
909 -0 -0.00046098814345896244 0.99999988079071045
910 0 -0.00035382065107114613 0.99999994039535522
911 0 -0.00050567742437124252 0.99999988079071045
912 0 -0.0005344120436348021 0.99999988079071045
913 -0 -0.00035867752740159631 0.99999994039535522
914 0 -0.00044540810631588101 0.99999994039535522
915 0 -0.00051862717373296618 0.99999988079071045
916 -0 -0.00049424613825976849 0.99999988079071045
917 0 -0.00040751558844931424 0.99999994039535522
918 0 -0.00039691527490504086 0.99999994039535522
919 0 -0.00046986222150735557 0.99999988079071045
920 0 -0.0005147533374838531 0.99999988079071045
921 -0 -0.00040939982864074409 0.99999994039535522
922 -0 -0.00040217593777924776 0.99999994039535522
923 0 -0.00046456351992674172 0.99999988079071045
924 0.00030274433083832264 0 -0.99999994039535522
925 0.00018427721806801856 0 -1
926 0.00020033713371958584 0 -1
927 0.00031160961952991784 -0 -0.99999994039535522
928 0.00031536052119918168 0 -0.99999994039535522
929 0.00017702113837003708 -0 -1
930 0.00015406210150104016 0 -1
931 0.00030514644458889961 0 -0.99999994039535522
932 0.00017519833636470139 0 -1
933 0.00020648723875638098 0 -1
934 0.00023006947594694793 0 -1
935 0.0002021657710429281 0 -1
936 0.00018489164358470589 0 -1
937 0.000316563033265993 -0 -0.99999994039535522
938 0.00029845506651327014 0 -1
939 0.00030658300966024399 -0 -0.99999994039535522
940 0.00016414745186921209 0 -1
941 0.00015458289999514818 0 -1
942 0.00030191923724487424 0 -0.99999994039535522
943 0.00017685143393464386 0 -1
944 0.00018805154832080007 -0 -1
945 0.00024485375615768135 0 -1
946 0.00033701755455695093 0 -0.99999994039535522
947 0.00019366329070180655 0 -1
948 0.00017371201829519123 0 -1
949 0.00019005281501449645 0 -1
950 0.00029281992465257645 0 -1
951 0.00018377689411863685 0 -1
952 0.00027599636814557016 0 -1
953 0.00023064001288730651 0 -1
954 0.00015508907381445169 0 -1
955 0.00017784036754164845 0 -1
956 0.00026502739638090134 0 -1
957 0.00019137236813548952 0 -1
958 0.00026284472551196814 0 -1
959 0.00024571103858761489 0 -1
960 0.00017786085663828999 -0 -1
961 0.00017914822092279792 0 -1
962 0.00025591047597117722 0 -1
963 0.00017368860426358879 -0 -1
964 0.00031277115340344608 0 -0.99999994039535522
965 0.00029535367502830923 0 -1
966 0.00025939222541637719 0 -1
967 0.00020770731498487294 0 -1
968 0.00017850453150458634 0 -1
969 0.00018772385374177247 0 -1
970 0.000198900539544411 0 -1
971 0.00026594902737997472 0 -1
972 0.00020042489632032812 -0 -1
973 0.00019582548702601343 -0 -1
974 0.00021050148643553257 -0 -1
975 0.00018931549857370555 -0 -1
976 0.00023374140437226743 -0 -1
977 0.00029660010477527976 -0 -1
978 0.00031675613718107343 -0 -0.99999994039535522
979 0.00033149943919852376 -0 -0.99999994039535522
980 0.00023266176867764443 0 -1
981 0.00018199213081970811 0 -1
982 0.00030373324989341199 0 -0.99999994039535522
983 0.00018418066611047834 -0 -1
984 0.00032178274705074728 0 -0.99999994039535522
985 0.00018537147843744606 0 -1
986 0.0003261890378780663 0 -0.99999994039535522
987 0.0002302011416759342 0 -1
988 0.00018430354248266667 -0 -1
989 0.00019384176994208246 0 -1
990 0.00017884394037537277 0 -1
991 0.00021215165907051414 0 -1
992 0.00019162106036674231 -0 -1
993 0.00019524325034581125 0 -1
994 0.00019551828154362738 0 -1
995 0.00018392318452242762 0 -1
996 0.00032170958002097905 0 -0.99999994039535522
997 0.00019197509391233325 0 -1
998 0.00033131512464024127 0 -0.99999994039535522
999 0.00019928382243961096 -0 -1
1000 0.000352047587512061 0 -0.99999994039535522
1001 0.00035607354948297143 -0 -0.99999994039535522
1002 0.00032890131114982069 0 -0.99999994039535522
1003 0.00032393322908319533 0 -0.99999994039535522
1004 0.00027758214855566621 0 -1
1005 0.000269252312136814 0 -1
1006 0.00022915661975275725 -0 -1
1007 0.00021891911455895752 0 -1
1008 0.00021393348288256675 0 -1
1009 0.00018613804422784597 0 -1
1010 0.00031122923246584833 -0 -0.99999994039535522
1011 0.00016214618517551571 0 -1
1012 0.00024144805502146482 -0 -1
1013 0.00025726808235049248 0 -1
1014 0.00027132965624332428 -0 -1
1015 0.00015752921171952039 0 -1
1016 0.0001624621800146997 0 -1
1017 0.00027605486684478819 0 -1
1018 0.00027249997947365046 0 -1
1019 0.00016196185606531799 -0 -1
1020 0.00017392559675499797 -0 -1
1021 0.00017209988436661661 0 -1
1022 0.00023724655329715461 0 -1
1023 0.0001694871170911938 0 -1
1024 0.00030854041688144207 0 -0.99999994039535522
1025 0.00019226474978495389 0 -1
1026 0.00031328026670962572 0 -0.99999994039535522
1027 0.00016706451424397528 0 -1
1028 0.00032366698724217713 0 -0.99999994039535522
1029 0.0001779574085958302 0 -1
1030 0.00031811374356038868 -0 -0.99999994039535522
1031 0.00015048380009829998 0 -1
1032 0.00032692050444893539 0 -0.99999994039535522
1033 0.00024627865059301257 -0 -1
1034 0.00031588718411512673 -0 -0.99999994039535522
1035 0.00018971049576066434 0 -1
1036 0.00030901731224730611 0 -0.99999994039535522
1037 0.00025274179643020034 0 -1
1038 0.00019995970069430768 0 -1
1039 0.00032948062289506197 0 -0.99999994039535522
1040 0.00031359039712697268 -0 -0.99999994039535522
1041 0.00018677880871109664 0 -1
1042 0.00024698377819731832 0 -1
1043 0.00031720381230115891 0 -0.99999994039535522
1044 0.00030455834348686039 0 -0.99999994039535522
1045 0.00014378070773091167 -0 -1
1046 0.00030464903102256358 0 -0.99999994039535522
1047 0.00015039894788060337 0 -1
1048 0.00033421462285332382 -0 -0.99999994039535522
1049 0.00017325265798717737 0 -1
1050 0.00028360937722027302 0 -1
1051 0.00015595804143231362 0 -1
