0 -0.0007289667846634984 0.99999970197677612 0.00019532672013156116
1 -0.00075102649861946702 0.99999970197677612 0.00020124227739870548
2 -0.00078226299956440926 0.99999970197677612 0.00020960398251190782
3 -0.00079909199848771095 0.99999970197677612 0.00021411599300336093
4 -0.00077493826393038034 0.99999970197677612 0.0002076501987176016
5 -0.00091229018289595842 0.99999958276748657 0.00024444743758067489
6 -0.00082065386231988668 0.99999964237213135 0.00021989972447045147
7 -0.00062046165112406015 0.99999982118606567 0.00016624615818727762
8 -0.00086297071538865566 0.99999964237213135 0.00023123464779928327
9 -0.00077428959775716066 0.99999970197677612 0.00020747109374497086
10 -0.00085866573499515653 0.99999964237213135 0.00023007276467978954
11 -0.0008316986495628953 0.99999964237213135 0.00022284695296548307
12 -0.00088070466881617904 0.99999958276748657 0.000235986546613276
13 -0.00062701397109776735 0.99999982118606567 0.00016800790035631508
14 -0.00090066628763452172 0.99999958276748657 0.00024133281840477139
15 -0.000612046686001122 0.99999982118606567 0.00016399742162320763
16 -0.000815533974673599 0.99999964237213135 0.00021852352074347436
17 -0.00089907232904806733 0.99999958276748657 0.00024090571969281882
18 -0.00089841382578015327 0.99999958276748657 0.00024072932137642056
19 -0.00076745013939216733 0.99999970197677612 0.0002056393277598545
20 -0.00076111499220132828 0.99999970197677612 0.00020393761224113405
21 -0.00080777116818353534 0.99999964237213135 0.00021644093794748187
22 -0.00082804117118939757 0.99999964237213135 0.00022186859860084951
23 -0.00081061432138085365 0.99999964237213135 0.00021720278891734779
24 -0.00076595490099862218 0.99999970197677612 0.00020523928105831146
25 -0.00085006339941173792 0.99999964237213135 0.00022776564583182335
26 -0.00076943420572206378 0.99999970197677612 0.0002061701234197244
27 -0.0006108088418841362 0.99999982118606567 0.00016366573981940746
28 -0.00074592529563233256 0.99999970197677612 0.00019987534324172884
29 -0.00081758818123489618 0.99999964237213135 0.00021907564951106906
30 -0.00075043149990960956 0.99999970197677612 0.00020107743330299854
31 -0.00072189292404800653 0.9999997615814209 0.00019343156600371003
32 -0.00091405143029987812 0.99999958276748657 0.00024491720250807703
33 -0.00085134804248809814 0.99999964237213135 0.00022812632960267365
34 -0.00082486524479463696 0.99999964237213135 0.00022101501235738397
35 -0.00092205323744565248 0.99999958276748657 0.00024705743999220431
36 -0.00061199726769700646 0.99999982118606567 0.00016398973821196705
37 -0.00077507185051217675 0.99999970197677612 0.00020768305694218725
38 -0.00085836026119068265 0.99999964237213135 0.00023000316286925226
39 -0.00087891705334186554 0.99999958276748657 0.00023550206969957799
40 -0.00085946341278031468 0.99999964237213135 0.00023028365103527904
41 -0.00072317966260015965 0.9999997615814209 0.00019377318676561117
42 -0.00087858550250530243 0.99999958276748657 0.00023541688278783113
43 -0.00074255972867831588 0.99999970197677612 0.00019897217862308025
44 -0.00076435151277109981 0.99999970197677612 0.00020481365208979696
45 -0.00072157947579398751 0.9999997615814209 0.00019334658281877637
46 -0.00070876965764909983 0.9999997615814209 0.00018990981334354728
47 -0.00078656815458089113 0.99999970197677612 0.00021075394761282951
48 -0.00067711021983996034 0.9999997615814209 0.00018143061606679112
49 -0.0006458685384131968 0.9999997615814209 0.0001730541989672929
50 -0.00086101517081260681 0.99999964237213135 0.0002307098766323179
51 -0.00067220674827694893 0.9999997615814209 0.00018011727661360055
52 -0.00090836465824395418 0.99999958276748657 0.00024339559604413807
53 -0.00076189101673662663 0.99999970197677612 0.00020415014296304435
54 -0.00097373622702434659 0.9999995231628418 0.00026091185281984508
55 -0.00064561847830191255 0.99999982118606567 0.00017299296450801194
56 -0.00072666845517233014 0.9999997615814209 0.00019471401174087077
57 -0.0007427352829836309 0.99999970197677612 0.00019900668121408671
58 -0.00069233565591275692 0.9999997615814209 0.00018550615641288459
59 -0.00074270390905439854 0.99999970197677612 0.00019899934704881161
60 -0.00066311866976320744 0.9999997615814209 0.00017767887038644403
61 -0.00092669110745191574 0.99999958276748657 0.00024831056362017989
62 -0.00099076353944838047 0.99999946355819702 0.00026547419838607311
63 -0.00067677791230380535 0.9999997615814209 0.00018134825222659856
64 -0.00093131675384938717 0.9999995231628418 0.00024954130640253425
65 -0.0008756571332924068 0.99999958276748657 0.0002346342516830191
66 -0.00086396525148302317 0.99999964237213135 0.00023150211200118065
67 -0.00063490011962130666 0.99999982118606567 0.00017011607997119427
68 -0.0006684684194624424 0.9999997615814209 0.00017911274335347116
69 -0.00086407840717583895 0.99999964237213135 0.00023153182701207697
70 -0.00076852034544572234 0.99999970197677612 0.00020591804059222341
71 -0.00064956519054248929 0.9999997615814209 0.00017405585094820708
72 -0.00089075509458780289 0.99999958276748657 0.00023867657000664622
73 -0.00064415927045047283 0.99999982118606567 0.00017260569438803941
74 -0.00076384912244975567 0.99999970197677612 0.00020466514979489148
75 -0.00072713429108262062 0.99999970197677612 0.00019484035146888345
76 -0.00070067192427814007 0.9999997615814209 0.00018774326599668711
77 -0.00083108595572412014 0.99999964237213135 0.00022269178589340299
78 -0.00084330368554219604 0.99999964237213135 0.00022596419148612767
79 -0.00076729466672986746 0.99999970197677612 0.00020558646065182984
80 -0.00082904123701155186 0.99999964237213135 0.00022213805641513318
81 -0.0008805100223980844 0.99999958276748657 0.00023593257355969399
82 -0.00075524364365264773 0.99999970197677612 0.00020236993441358209
83 -0.00067008053883910179 0.9999997615814209 0.00017955117800738662
84 -0.00085656397277489305 0.99999964237213135 0.00022951728897169232
85 -0.00083622831152752042 0.99999964237213135 0.00022407462529372424
86 -0.00066416006302461028 0.9999997615814209 0.00017796365136746317
87 -0.00068244768772274256 0.9999997615814209 0.00018286537670064718
88 -0.00094453734345734119 0.9999995231628418 0.00025308434851467609
89 -0.00068814429687336087 0.9999997615814209 0.00018438400002196431
90 -0.00088245916413143277 0.99999958276748657 0.00023645871260669082
91 -0.00085218827007338405 0.99999964237213135 0.00022834839182905853
92 -0.00066768220858648419 0.9999997615814209 0.0001789043890312314
93 -0.00065708940383046865 0.9999997615814209 0.00017606795881874859
94 -0.00069856015034019947 0.9999997615814209 0.00018718006322160363
95 -0.00072245619958266616 0.9999997615814209 0.0001935792388394475
96 -0.99999910593032837 0 0.0013637049123644829
97 -0.99999910593032837 0 0.0013696647947654128
98 -0.99999916553497314 0 0.001315882196649909
99 -0.99999910593032837 0 0.0013537188060581684
100 -0.99999910593032837 0 0.001358265639282763
101 -0.99999910593032837 0 0.0013471825513988733
102 -0.99999910593032837 -0 0.0013556908816099167
103 -0.99999910593032837 -0 0.001360524445772171
104 -0.99999910593032837 0 0.0013559249928221107
105 -0.99999910593032837 0 0.0013506145915016532
106 -0.99999910593032837 0 0.0013647874584421515
107 -0.99999910593032837 -0 0.0013408862287178636
108 -0.99999910593032837 0 0.0013666569720953703
109 -0.99999910593032837 0 0.0013483470538631082
110 -0.99999910593032837 -0 0.001347495592199266
111 -0.99999910593032837 0 0.0013503044610843062
112 -0.99999910593032837 0 0.0013579993974417448
113 -0.99999910593032837 0 0.001345877768471837
114 -0.99999910593032837 0 0.0013548072893172503
115 -0.99999910593032837 0 0.0013288522604852915
116 -0.99999916553497314 0 0.0013229890028014779
117 -0.99999922513961792 0 0.0012476076371967793
118 -0.99999916553497314 -0 0.0012991989497095346
119 -0.99999922513961792 0 0.0012752101756632328
120 0 0.99999994039535522 -0.00035685766488313675
121 0 0.99999988079071045 -0.00048127589980140328
122 0 0.99999988079071045 -0.00047174643259495497
123 0 0.99999994039535522 -0.00035118445521220565
124 0 0.99999994039535522 -0.00040099097532220185
125 0 0.99999994039535522 -0.00041912237065844238
126 0 0.99999994039535522 -0.00035432973527349532
127 0 0.99999988079071045 -0.0004768695798702538
128 0 0.99999988079071045 -0.00046365358866751194
129 0 0.99999994039535522 -0.00037691133911721408
130 0 0.99999994039535522 -0.00035886772093363106
131 0 0.99999994039535522 -0.00033566876663826406
132 0 0.99999994039535522 -0.00041061404044739902
133 0 0.99999994039535522 -0.00034100547782145441
134 0 0.99999988079071045 -0.00047654189984314144
135 0 0.99999994039535522 -0.00038773985579609871
136 0 0.99999988079071045 -0.00047786728828214109
137 0 0.99999988079071045 -0.00047309818910434842
138 0 0.99999994039535522 -0.00033373478800058365
139 0 0.99999994039535522 -0.00043424899922683835
140 0 0.99999988079071045 -0.00048541009891778231
141 0 0.99999994039535522 -0.00045195026905275881
142 0 0.99999994039535522 -0.00042435381328687072
143 0 0.99999994039535522 -0.00045223406050354242
144 0 0.99999994039535522 -0.00041940325172618032
145 0 0.99999994039535522 -0.00039725174428895116
146 0 0.99999988079071045 -0.00051479431567713618
147 0 0.99999988079071045 -0.00051841064123436809
148 0 0.99999994039535522 -0.00044335125130601227
149 0 0.99999988079071045 -0.00050047232070937753
150 0 0.99999988079071045 -0.00050101947272196412
151 0 0.99999994039535522 -0.00043766343151219189
152 0 0.99999988079071045 -0.00048308406258001924
153 0 0.99999988079071045 -0.00050282763550058007
154 0 0.99999994039535522 -0.0003900454321410507
155 0 0.99999994039535522 -0.0003672707243822515
156 0 0.99999994039535522 -0.00042265970841981471
157 0 0.99999988079071045 -0.00049357319949194789
158 0 0.99999994039535522 -0.00031859942828305066
159 0 0.99999994039535522 -0.00042793210013769567
160 0 0.99999994039535522 -0.000308402901282534
161 0 0.99999994039535522 -0.00031359039712697268
162 0 0.99999982118606567 -0.00057489384198561311
163 0 0.99999994039535522 -0.00038890726864337921
164 0 0.99999994039535522 -0.00042023419518955052
165 0 0.99999994039535522 -0.00036488322075456381
166 0 1 -0.00029218499548733234
167 0 0.99999994039535522 -0.00040040581370703876
168 0 0.99999988079071045 -0.00054388295393437147
169 0 0.99999988079071045 -0.00050456559984013438
170 0 0.99999988079071045 -0.00054428965086117387
171 0 0.99999994039535522 -0.00036777689820155501
172 0 0.99999988079071045 -0.00046977150486782193
173 0 0.99999988079071045 -0.00051015097415074706
174 0 0.99999994039535522 -0.00040255923522636294
175 0 0.99999994039535522 -0.00031608028803020716
176 0 0.99999994039535522 -0.00032161010312847793
177 0 0.99999994039535522 -0.00040317949606105685
178 0 0.99999994039535522 -0.00044915315811522305
179 0 0.99999994039535522 -0.00043187028495594859
180 0 0.99999988079071045 -0.00053327681962400675
181 0 0.99999994039535522 -0.00040959587204270065
182 0 0.99999988079071045 -0.00045930579653941095
183 0 0.99999982118606567 -0.0005916852387599647
184 0 0.99999994039535522 -0.00042730304994620383
185 0 0.99999994039535522 -0.00043097790330648422
186 0 0.99999994039535522 -0.00031756368116475642
187 0 0.99999994039535522 -0.00035232261870987713
188 0 0.99999994039535522 -0.00043138166074641049
189 0 0.99999988079071045 -0.0005701364716514945
190 0 0.99999988079071045 -0.00048879534006118774
191 0 0.99999994039535522 -0.00042237297748215497
192 0 0.99999994039535522 -0.00044682712177745998
193 0 1 -0.00028536780155263841
194 0 1 -0.00027476166724227369
195 0 0.99999994039535522 -0.00036341446684673429
196 0 0.99999994039535522 -0.00034449892700649798
197 0 0.99999994039535522 -0.00043350583291612566
198 0 0.99999988079071045 -0.00046240424853749573
199 0 0.99999982118606567 -0.00059965229593217373
200 0 0.99999994039535522 -0.00045462741400115192
201 0 0.99999988079071045 -0.00052106729708611965
202 0 0.99999994039535522 -0.00045229843817651272
203 0 0.99999994039535522 -0.00045416803914122283
204 0 0.99999988079071045 -0.00056663720170035958
205 0 0.99999994039535522 -0.00044752348912879825
206 0 0.99999988079071045 -0.00051518931286409497
207 0 0.99999994039535522 -0.00032112735789269209
208 0 0.99999994039535522 -0.00040642425301484764
209 0 0.99999988079071045 -0.00053808104712516069
210 0 0.99999994039535522 -0.00043213652679696679
211 0 0.99999982118606567 -0.00059706292813643813
212 0 0.99999988079071045 -0.00054293207358568907
213 0 0.99999982118606567 -0.00058139796601608396
214 0 0.99999994039535522 -0.00043800575076602399
215 0 0.99999988079071045 -0.00053875107550993562
216 0 0.99999988079071045 -0.00053150666644796729
217 0 0.99999994039535522 -0.00033855362562462687
218 0 0.99999994039535522 -0.00032318715238943696
219 0 0.99999994039535522 -0.00039872637717053294
220 0 1 -0.00029635432292707264
221 0 0.99999994039535522 -0.00035948213189840317
222 0 0.99999994039535522 -0.00037902381154708564
223 0 0.99999982118606567 -0.00057433207985013723
224 0 0.99999994039535522 -0.00033128293580375612
225 0 0.99999994039535522 -0.00043991632992401719
226 0 0.99999988079071045 -0.00054081378038972616
227 0 0.99999994039535522 -0.00034229576704092324
228 0 0.99999994039535522 -0.00031753734219819307
229 0 0.99999994039535522 -0.00044235648238100111
230 0 0.99999988079071045 -0.0005478914245031774
231 0 0.99999982118606567 -0.00058533617993816733
232 0 0.99999988079071045 -0.00054759590420871973
233 0 0.99999988079071045 -0.0005505568697117269
234 0 0.99999994039535522 -0.00044525595149025321
235 -0.99999970197677612 -0 0.00076066103065386415
236 -0.99999970197677612 0 0.00077571446308866143
237 -0.99999970197677612 -0 0.00077048601815477014
238 -0.99999970197677612 0 0.00078334211139008403
239 -0.99999970197677612 -0 0.00080926495138555765
240 -0.99999970197677612 0 0.00079591735266149044
241 -0.99999970197677612 0 0.00077546871034428477
242 -0.99999970197677612 0 0.00081893784226849675
243 -0.99999970197677612 0 0.00076047668699175119
244 -0.9999997615814209 0 0.00074721395503729582
245 -0.9999997615814209 0 0.00073924689786508679
246 -0.99999970197677612 -0 0.00081488850992172956
247 -0.99999970197677612 0 0.00076110282680019736
248 -0.99999970197677612 0 0.00075962528353556991
249 -0.9999997615814209 0 0.00074436713475733995
250 -0.99999970197677612 0 0.00075937365181744099
251 -0.99999970197677612 -0 0.00078416720498353243
252 -0.99999970197677612 0 0.00076786446152254939
253 -0.9999997615814209 -0 0.00073608994716778398
254 -0.9999997615814209 0 0.00070061994483694434
255 -0.9999997615814209 -0 0.00073287734994664788
256 -0.9999997615814209 0 0.00072440993972122669
257 -0.9999997615814209 0 0.00071151868905872107
258 -0.9999997615814209 0 0.00070228771073743701
259 -0.9999997615814209 0 0.00072418170748278499
260 -0.9999997615814209 0 0.00069651793455705047
261 -0.9999997615814209 0 0.00074820872396230698
262 -0.9999997615814209 0 0.00070489459903910756
263 -0.9999997615814209 0 0.00073883141158148646
264 -0.99999970197677612 0 0.00078196113463491201
265 -0.9999997615814209 0 0.00074805656913667917
266 -0.9999997615814209 0 0.000727479113265872
267 -0.9999997615814209 0 0.00073215755401179194
268 -0.9999997615814209 -0 0.00074311485514044762
269 -0.9999997615814209 0 0.00073829601751640439
270 -0.9999997615814209 0 0.0007366195204667747
271 -0.9999997615814209 0 0.00075111701153218746
272 -0.9999997615814209 0 0.00071489508263766766
273 -0.9999997615814209 0 0.00073101941961795092
274 -0.9999997615814209 0 0.00068048143293708563
275 -0.99999970197677612 0 0.00076105020707473159
276 -0.9999997615814209 0 0.00073982623871415854
277 -0.99999970197677612 0 0.0007669106125831604
278 -0.9999997615814209 0 0.00069456640630960464
279 -0.9999997615814209 -0 0.0007203722489066422
280 -0.9999997615814209 0 0.00068943743826821446
281 -0.9999997615814209 0 0.00074916839366778731
282 -0.9999997615814209 0 0.00073723390232771635
283 -0.9999997615814209 0 0.00072437187191098928
284 -0.9999997615814209 0 0.00072426657425239682
285 -0.9999997615814209 0 0.00068511889548972249
286 -0.9999997615814209 0 0.00072512088809162378
287 -0.9999997615814209 0 0.00072981981793418527
288 -0.9999997615814209 0 0.00072064436972141266
289 -0.99999970197677612 0 0.00079973263200372458
290 -0.9999997615814209 -0 0.00074910698458552361
291 -0.99999970197677612 0 0.00076738459756597877
292 -0.9999997615814209 0 0.0007113870233297348
293 -0.9999997615814209 0 0.00071795261465013027
294 -0.9999997615814209 0 0.00070757465437054634
295 -0.99999970197677612 0 0.00080842524766921997
296 -0.99999970197677612 0 0.00075289001688361168
297 -0.99999970197677612 0 0.00076940638246014714
298 -0.99999964237213135 0 0.00083965272642672062
299 -0.99999964237213135 0 0.00084714870899915695
300 -0.99999964237213135 0 0.00084566825535148382
301 -0.99999964237213135 0 0.00083024322520941496
302 -0.99999970197677612 0 0.00082297844346612692
303 -0.99999970197677612 -0 0.00080357427941635251
304 -0.9999997615814209 0 0.00075212644878774881
305 -0.99999964237213135 -0 0.00083584914682433009
306 -0.9999997615814209 0 0.00071703683352097869
307 -0.99999964237213135 0 0.00083599833305925131
308 -0.99999970197677612 0 0.00081721745664253831
309 -0.99999970197677612 -0 0.00082557654241099954
310 -0.99999970197677612 0 0.00078722473699599504
311 -0.99999970197677612 0 0.00080627185525372624
312 -0.99999970197677612 -0 0.00080100831110030413
313 -0.9999997615814209 0 0.00073343911208212376
314 -0.99999970197677612 0 0.00081279652658849955
315 -0.9999997615814209 -0 0.00073188252281397581
316 -0.9999997615814209 0 0.00074394285911694169
317 -0.99999970197677612 0 0.00079365860437974334
318 -0.99999970197677612 0 0.00081801036139950156
319 -0.9999997615814209 0 0.00071869575185701251
320 -0.99999970197677612 0 0.00079386925790458918
321 -0.99999970197677612 0 0.00079819659003987908
322 -0.9999997615814209 0 0.00073989643715322018
323 -0.9999997615814209 0 0.00075015152106061578
324 -0.99999970197677612 0 0.00079237128375098109
325 -0.9999997615814209 0 0.00070506427437067032
326 -0.9999997615814209 0 0.00071288796607404947
327 -0.9999997615814209 0 0.00071095983730629086
328 -0.99999970197677612 0 0.00078972335904836655
329 -0.9999997615814209 0 0.00072477565845474601
330 -0.99999970197677612 0 0.00079285696847364306
331 -0.9999997615814209 0 0.00074249459430575371
332 -0.9999997615814209 -0 0.00071914051659405231
333 -0.99999970197677612 -0 0.00079294474562630057
334 -0.99999970197677612 -0 0.00080127164255827665
335 -0.99999970197677612 0 0.00080037344014272094
336 -0.9999997615814209 0 0.00072051858296617866
337 -0.99999970197677612 0 0.00077581102959811687
338 -0.99999970197677612 0 0.00075722613837569952
339 -0.99999970197677612 0 0.00078717205906286836
340 -0.99999970197677612 0 0.00079838093370199203
341 -0.99999970197677612 0 0.00078096927609294653
342 -0.99999970197677612 0 0.00077247846638783813
343 -0.99999970197677612 0 0.00078303489135578275
344 -0.9999997615814209 -0 0.00072660139994695783
345 -0.9999997615814209 0 0.00074119842611253262
346 -0.9999997615814209 0 0.00072979641845449805
347 -0.99999970197677612 0 0.00075889384606853127
348 -0.9999997615814209 0 0.00074218446388840675
349 -0.99999970197677612 0 0.00077777134720236063
350 -0.99999970197677612 0 0.00076141883619129658
351 -0.9999997615814209 0 0.00071795261465013027
352 -0.99999970197677612 -0 0.00075261207530274987
353 -0.9999997615814209 0 0.00073063024319708347
354 -0.99999970197677612 0 0.00076024263398721814
355 -0.9999997615814209 0 0.00074739829869940877
356 -0.9999997615814209 0 0.00072467909194529057
357 -0.9999997615814209 0 0.00072358484612777829
358 -0.9999997615814209 -0 0.00074261456029489636
359 -0.99999994039535522 0.00038632960058748722 -0
360 -0.99999994039535522 0.00044401246123015881 0
361 -0.99999994039535522 0.00044625659938901663 0
362 -0.99999988079071045 0.0004886226961389184 -0
363 -0.99999994039535522 0.00045660234172828496 0
364 -0.99999994039535522 0.00045302405487746 -0
365 -0.99999988079071045 0.0005068477476015687 -0
366 -0.99999994039535522 0.00043285920401103795 0
367 -0.99999994039535522 0.00044594643986783922 -0
368 -0.99999994039535522 0.00044767270446754992 0
369 -0.99999994039535522 0.00039371443563140929 -0
370 -0.99999988079071045 0.00052222592057660222 -0
371 -0.99999994039535522 0.00035521041718311608 0
372 -0.99999994039535522 0.00038979965029284358 0
373 -0.99999994039535522 0.00045002214028500021 0
374 -0.99999988079071045 0.00046234572073444724 0
375 -0.99999988079071045 0.0004889153060503304 -0
376 -0.99999994039535522 0.00044943403918296099 0
377 -0.99999988079071045 0.00046016304986551404 0
378 -0.99999994039535522 0.00043793555232696235 0
379 -0.99999994039535522 0.00044947207788936794 0
380 -0.99999994039535522 0.00043754931539297104 0
381 -0.99999994039535522 0.00043177371844649315 0
382 -0.99999994039535522 0.00045638289884664118 0
383 -0.99999994039535522 0.00043555974843911827 -0
384 -0.99999994039535522 0.00036796412314288318 0
385 -0.99999988079071045 0.00051128328777849674 0
386 -0.99999994039535522 0.00045159331057220697 0
387 -0.99999994039535522 0.00039326676051132381 0
388 -0.99999988079071045 0.00048153044190257788 0
389 -0.99999994039535522 0.00036379482480697334 0
390 -0.99999994039535522 0.00041976899956353009 0
391 -0.99999988079071045 0.00053109996952116489 0
392 -0.99999988079071045 0.00053936254698783159 -0
393 -0.99999994039535522 0.00042770389700308442 0
394 -0.99999994039535522 0.00040618726052343845 0
395 -0.99999994039535522 0.00041170246549881995 0
396 -0.99999994039535522 0.00040371200884692371 -0
397 -0.99999994039535522 0.00041116995271295309 -0
398 -0.99999994039535522 0.00040295420330949128 0
399 -0.99999994039535522 0.00043023182661272585 0
400 -0.99999994039535522 0.00044186494778841734 0
401 -0.99999994039535522 0.00040776428068056703 0
402 -0.99999994039535522 0.00037214808980934322 -0
403 -0.99999988079071045 0.00046100278268568218 0
404 -0.99999988079071045 0.00048761616926640272 0
405 -0.99999994039535522 0.00040905456990003586 0
406 -0.99999994039535522 0.0004090048314537853 0
407 -0.99999994039535522 0.00041252461960539222 0
408 -0.99999994039535522 0.00036439168616198003 0
409 -0.99999994039535522 0.00043171813013032079 0
410 -0.99999994039535522 0.00045568656059913337 0
411 -0.99999988079071045 0.00054293498396873474 -0
412 -0.99999994039535522 0.0004487844998948276 -0
413 -0.99999994039535522 0.00040847525815479457 0
414 -0.99999988079071045 0.00054006767459213734 0
415 -0.99999994039535522 0.00039505737368017435 -0
416 -0.99999994039535522 0.00044168939348310232 0
417 -0.99999994039535522 0.00044468248961493373 0
418 -0.99999994039535522 0.00040442298632115126 0
419 -0.99999994039535522 0.00040329067269340158 -0
420 -0.99999988079071045 0.00053041242063045502 0
421 -0.99999994039535522 0.00043110662954859436 0
422 -0.99999994039535522 0.00041860158671624959 0
423 -0.99999994039535522 0.00044355899444781244 0
424 -0.99999994039535522 0.00040305661968886852 0
425 -0.99999994039535522 0.00045554610551334918 0
426 -0.99999994039535522 0.00045362385571934283 0
427 -0.99999988079071045 0.00055014429381117225 -0
428 -0.99999994039535522 0.00044334540143609047 -0
429 -0.99999994039535522 0.00039981771260499954 0
430 -0.99999994039535522 0.0003503535408526659 0
431 -0.99999988079071045 0.00045837537618353963 0
432 -0.99999994039535522 0.00037739411345683038 0
433 -0.99999988079071045 0.00047021039063110948 0
434 -0.99999988079071045 0.00050101359374821186 0
435 -0.99999994039535522 0.00037783884909003973 0
436 -0.99999994039535522 0.00038367588422261178 0
437 -0.99999988079071045 0.00049814046360552311 0
438 -0.99999988079071045 0.00046470103552564979 -0
439 -0.99999988079071045 0.00049149879487231374 0
440 -0.99999988079071045 0.00050089950673282146 0
441 -0.99999994039535522 0.00044800332398153841 0
442 -0.99999994039535522 0.00039172483957372606 -0
443 -0.99999988079071045 0.00048789705033414066 0
444 -0.99999988079071045 0.00046725527499802411 0
445 -0.99999994039535522 0.00044450108543969691 0
446 -0.99999988079071045 0.00049252284225076437 0
447 -0.99999994039535522 0.00040014248224906623 -0
448 -0.99999988079071045 0.00048454405623488128 0
449 -0.99999994039535522 0.00043902979814447463 -0
450 -0.99999988079071045 0.00054227374494075775 0
451 -0.99999994039535522 0.00044864992378279567 0
452 -0.99999994039535522 0.0004469324485398829 -0
453 -0.99999988079071045 0.00048852612962946296 0
454 -0.99999994039535522 0.00044185909791849554 0
455 -0.99999994039535522 0.00039576544077135623 0
456 -0.99999994039535522 0.00045460401452146471 0
457 -0.99999994039535522 0.00035235480754636228 0
458 -0.99999994039535522 0.00044670715578831732 0
459 -0.99999994039535522 0.00044556902139447629 0
460 -0.99999994039535522 0.00044042541412636638 0
461 -0.99999988079071045 0.00048134024837054312 0
462 -0.99999994039535522 0.00038155756192281842 0
463 -0.99999994039535522 0.00042739961645565927 0
464 -0.99999994039535522 0.00042852899059653282 0
465 -0.99999988079071045 0.0004782973846886307 0
466 -0.99999994039535522 0.00043345315498299897 0
467 -0.99999988079071045 0.00046759468386881053 0
468 -0.99999988079071045 0.00049074395792558789 0
469 -0.99999988079071045 0.00054081669077277184 0
470 -0.99999988079071045 0.00050996668869629502 -0
471 -0.99999994039535522 0.00044111884199082851 0
472 -0.99999994039535522 0.00043426069896668196 0
473 -0.99999988079071045 0.00048326546675525606 0
474 -0.99999988079071045 0.0004865541122853756 0
475 -0.99999994039535522 0.00043991632992401719 0
476 -0.99999988079071045 0.00049706082791090012 0
477 -0.99999988079071045 0.00049056543502956629 0
478 -0.99999988079071045 0.00048221801989711821 0
479 -0.99999994039535522 0.0004465959791559726 0
480 -0.99999994039535522 0.0004007569223176688 0
481 -0.99999988079071045 0.00049525266513228416 -0
482 -0.99999988079071045 0.00050809414824470878 0
483 -0.99999988079071045 0.00047654481022618711 0
484 -0.99999994039535522 0.00035661188303492963 -0
485 -0.99999994039535522 0.00037681771209463477 0
486 -0.99999994039535522 0.00039634475251659751 0
487 -0.99999994039535522 0.00045628927182406187 -0
488 -0.99999988079071045 0.00045765560935251415 0
489 -0.99999988079071045 0.00048280612099915743 -0
490 -0.99999988079071045 0.00052472169045358896 -0
491 -0.99999994039535522 0.0004173434863332659 0
492 -0.99999994039535522 0.00039587076753377914 0
493 -0.99999994039535522 0.00039193843258544803 0
494 -0.99999988079071045 0.00056238594697788358 0
495 -0.99999988079071045 0.00056879647308960557 -0
496 -0.99999988079071045 0.00048115887329913676 0
497 -0.99999994039535522 0.00034853364923037589 0
498 -0.99999994039535522 0.00036616474972106516 0
499 -0.99999988079071045 0.00048874557251110673 0
500 -0.99999994039535522 0.00037643444375135005 -0
501 -0.99999988079071045 0.0004872446006629616 0
502 -0.99999994039535522 0.00043134362204000354 0
503 -0.99999988079071045 0.00049477280117571354 -0
504 -0.99999988079071045 0.00048218874144367874 0
505 -0.99999988079071045 0.00049087853403761983 0
506 -0.99999988079071045 0.00048143681487999856 0
507 -0.99999988079071045 0.00050140568055212498 0
508 -0.99999988079071045 0.00045779897482134402 -0
509 -0.99999994039535522 0.00038009171839803457 0
510 -0.99999988079071045 0.00048612107639200985 0
511 -0.99999994039535522 0.00034312380012124777 0
512 -0.99999994039535522 0.00039011857006698847 0
513 -0.99999988079071045 0.00048476640949957073 0
514 -0.99999988079071045 0.00047925999388098717 0
515 -0.99999988079071045 0.00046507260412909091 0
516 -0.99999994039535522 0.00041570208850316703 0
517 -0.99999994039535522 0.00036403181729838252 -0
518 -0.99999994039535522 0.00040344282751902938 0
519 -0.99999988079071045 0.00055371382040902972 0
520 -0.99999994039535522 0.00034627490094862878 0
521 -0.99999994039535522 0.0004546361742541194 0
522 -0.99999988079071045 0.00055754667846485972 0
523 -0.99999994039535522 0.00038837769534438848 0
524 -0.99999994039535522 0.00039784863474778831 -0
525 -0.99999988079071045 0.00048039815737865865 0
526 -0.99999988079071045 0.00053356064017862082 -0
527 -0.99999994039535522 0.0004251232894603163 0
528 -0.99999994039535522 0.00038456532638520002 0
529 -0.99999994039535522 0.00037641101516783237 0
530 -0.99999988079071045 0.00055050419177860022 0
531 -0.99999988079071045 0.00052913674153387547 0
532 -0.99999994039535522 0.00037126446841284633 0
533 -0.99999994039535522 0.00045487610623240471 0
534 -0.99999988079071045 0.00048099792911671102 0
535 -0.99999994039535522 0.00038422885700128973 0
536 -0.99999994039535522 0.00039589125663042068 -0
537 -0.99999988079071045 0.00050346256466582417 0
538 -0.99999988079071045 0.00048083410365507007 0
539 -0.99999988079071045 0.00046230771113187075 0
540 -0.99999994039535522 0.00037469647941179574 0
541 -0.99999994039535522 0.00039999326691031456 0
542 -0.99999994039535522 0.00035161164123564959 -0
543 -0.99999994039535522 0.00045331369619816542 -0
544 -0.99999994039535522 0.0003772331983782351 0
545 -0.99999994039535522 0.00039177460712380707 0
546 -0.99999988079071045 0.00051781960064545274 0
547 -0.99999994039535522 0.00036897647078149021 0
548 -0.99999988079071045 0.0005117455730214715 0
549 -0.99999988079071045 0.00052520149620249867 -0
550 -0.99999970197677612 -0.00079441932030022144 -0
551 -0.9999997615814209 -0.00072329223621636629 -0
552 -0.9999997615814209 -0.0006890131626278162 0
553 -0.9999997615814209 -0.00071985734393820167 0
554 -0.9999997615814209 -0.00070676126051694155 0
555 -0.99999982118606567 -0.00065538950730115175 0
556 -0.9999997615814209 -0.00069854845060035586 -0
557 -0.99999970197677612 -0.0007667204481549561 0
558 -0.9999997615814209 -0.00070636044256389141 0
559 -0.99999982118606567 -0.00063485885038971901 0
560 -0.99999964237213135 -0.0008289822144433856 0
561 -0.9999997615814209 -0.00071268319152295589 -0
562 -0.9999997615814209 -0.0006942679756321013 -0
563 -0.9999997615814209 -0.00073794781928882003 0
564 -0.99999958276748657 -0.00092376756947487593 -0
565 -0.9999997615814209 -0.0006891272496432066 -0
566 -0.9999997615814209 -0.00068688316969200969 0
567 -0.9999997615814209 -0.00067828409373760223 -0
568 -0.99999988079071045 -0.00053614703938364983 -0
569 -0.99999958276748657 -0.00092065153876319528 0
570 -0.99999982118606567 -0.00064343446865677834 0
571 -0.9999997615814209 -0.00070878886617720127 0
572 -0.9999997615814209 -0.00071540125645697117 0
573 -0.9999997615814209 -0.00068422063486650586 -0
574 -0.99999988079071045 -0.00054991903016343713 0
575 -0.9999997615814209 -0.00067550753010436893 0
576 -0.9999997615814209 -0.00070397002855315804 0
577 -0.9999997615814209 -0.00072093401104211807 -0
578 -0.99999970197677612 -0.00079610757529735565 0
579 -0.99999970197677612 -0.00075758015736937523 -0
580 -0.99999964237213135 -0.00087751890532672405 -0
581 -0.99999958276748657 -0.00090074416948482394 0
582 -0.99999970197677612 -0.00079992867540568113 0
583 -0.9999997615814209 -0.00074784009484574199 -0
584 -0.9999997615814209 -0.00071719771949574351 0
585 -0.9999997615814209 -0.00070868938928470016 0
586 -0.9999997615814209 -0.00074568664422258735 -0
587 -0.99999970197677612 -0.00078486651182174683 0
588 -0.99999958276748657 -0.00091223098570480943 -0
589 -0.9999997615814209 -0.00071256904629990458 0
590 -0.99999958276748657 -0.00092040869640186429 0
591 -0.99999964237213135 -0.0008531203493475914 0
592 -0.99999970197677612 -0.00076069030910730362 0
593 -0.9999997615814209 -0.00068147329147905111 -0
594 -0.9999997615814209 -0.00068512471625581384 -0
595 -0.9999997615814209 -0.00068352429661899805 -0
596 -0.99999982118606567 -0.00061997515149414539 0
597 -0.99999982118606567 -0.00061250256840139627 -0
598 -0.99999982118606567 -0.00059070507995784283 -0
599 -0.99999982118606567 -0.00063325255177915096 0
600 -0.99999970197677612 -0.0007643212447874248 0
601 -0.99999964237213135 -0.00088403187692165375 0
602 -0.99999958276748657 -0.00091683334903791547 -0
603 -0.99999964237213135 -0.00084843899821862578 -0
604 -0.9999997615814209 -0.000740349933039397 0
605 -0.99999970197677612 -0.0007665185839869082 0
606 -0.99999964237213135 -0.00089484284399077296 0
607 -0.99999970197677612 -0.00075298070441931486 0
608 -0.9999997615814209 -0.00073007727041840553 0
609 -0.99999964237213135 -0.00084811425767838955 0
610 -0.99999964237213135 -0.00087517529027536511 0
611 -0.99999970197677612 -0.00081548537127673626 0
612 -0.9999997615814209 -0.0007321253651753068 -0
613 -0.99999970197677612 -0.00075303629273548722 0
614 -0.9999997615814209 -0.00069361255737021565 0
615 -0.9999997615814209 -0.00072932825423777103 0
616 -0.99999958276748657 -0.00095690268790349364 0
617 -0.99999958276748657 -0.00092276401119306684 0
618 -0.99999970197677612 -0.00082459935219958425 0
619 -0.9999997615814209 -0.00075145351001992822 0
620 -0.9999997615814209 -0.00069903413532301784 -0
621 -0.9999997615814209 -0.00068199698580428958 -0
622 -0.9999997615814209 -0.00067685340764001012 -0
623 -0.9999997615814209 -0.0006700654630549252 -0
624 -0.99999982118606567 -0.00060378649504855275 -0
625 -0.99999982118606567 -0.00059796113055199385 -0
626 -0.99999988079071045 -0.00052859837887808681 -0
627 -0.99999988079071045 -0.00051812682067975402 0
628 -0.99999982118606567 -0.00066576158860698342 0
629 -0.99999970197677612 -0.00079236540477722883 0
630 -0.99999964237213135 -0.00088945927564054728 0
631 -0.99999958276748657 -0.00090853567235171795 0
632 -0.99999964237213135 -0.00089574692538008094 0
633 -0.99999964237213135 -0.0008828059071674943 -0
634 -0.99999970197677612 -0.00082590134115889668 0
635 -0.99999970197677612 -0.00081019545905292034 0
636 -0.99999964237213135 -0.0008667635265737772 -0
637 -0.99999970197677612 -0.00079625967191532254 0
638 -0.99999964237213135 -0.0008346934337168932 0
639 -0.99999970197677612 -0.00075404572999104857 -0
640 -0.99999964237213135 -0.00087937968783080578 -0
641 -0.99999970197677612 -0.00079097272828221321 0
642 -0.9999997615814209 -0.00075181922875344753 0
643 -0.99999970197677612 -0.00075371802086010575 -0
644 -0.99999964237213135 -0.00083451496902853251 -0
645 -0.99999970197677612 -0.00076012563658878207 0
646 -0.99999970197677612 -0.00076582224573940039 0
647 -0.99999970197677612 -0.00079748855205252767 0
648 -0.9999997615814209 -0.00068087346153333783 0
649 -0.99999982118606567 -0.00062089384300634265 -0
650 -0.99999982118606567 -0.00059278536355122924 -0
651 -0.9999997615814209 -0.00070964032784104347 -0
652 -0.99999970197677612 -0.00082782359095290303 -0
653 -0.99999964237213135 -0.00083224743138998747 0
654 -0.99999958276748657 -0.00091867952141910791 -0
655 -0.99999958276748657 -0.00091610773233696818 0
656 -0.99999958276748657 -0.00090748531511053443 0
657 -0.99999964237213135 -0.00085025886073708534 0
658 -0.99999964237213135 -0.0008521548006683588 0
659 -0.99999970197677612 -0.0008233997505158186 0
660 -0.99999964237213135 -0.00084041047375649214 0
661 -0.99999970197677612 -0.00081489433068782091 0
662 -0.99999970197677612 -0.00077461142791435122 0
663 -0.99999970197677612 -0.00076493568485602736 0
664 -0.99999970197677612 -0.00076548865763470531 -0
665 -0.99999970197677612 -0.00081044709077104926 0
666 -0.99999970197677612 -0.00075485324487090111 0
667 -0.9999997615814209 -0.00072595477104187012 0
668 -0.9999997615814209 -0.0007490806165151298 0
669 -0.9999997615814209 -0.00070497358683496714 0
670 -0.9999997615814209 -0.00069923017872497439 0
671 -0.99999970197677612 -0.0008026614086702466 0
672 -0.99999970197677612 -0.00080790446372702718 -0
673 -0.99999958276748657 -0.00090870243730023503 0
674 -0.99999958276748657 -0.00091513636289164424 0
675 -0.9999997615814209 -0.00068131234729662538 0
676 -0.99999958276748657 -0.0009035792900249362 -0
677 -0.99999958276748657 -0.00090040476061403751 0
678 -0.99999964237213135 -0.00086189492139965296 0
679 -0.99999970197677612 -0.00080439646262675524 0
680 -0.99999964237213135 -0.00084968830924481153 -0
681 -0.99999964237213135 -0.00087306578643620014 -0
682 -0.99999970197677612 -0.00076135445851832628 0
683 -0.99999958276748657 -0.00094556511612609029 0
684 -0.9999997615814209 -0.00067682121880352497 0
685 -0.99999988079071045 -0.00054941576672717929 -0
686 -0.99999958276748657 -0.00090513000031933188 0
687 -0.99999964237213135 -0.00089014391414821148 0
688 -0.9999997615814209 -0.00067800324177369475 0
689 -0.99999958276748657 -0.00093294592807069421 0
690 -0.99999964237213135 -0.00087420683121308684 0
691 -0.99999970197677612 -0.00079004227882251143 0
692 -0.9999997615814209 -0.00068909802939742804 -0
693 -0.9999997615814209 -0.00068752974038943648 -0
694 -0.9999997615814209 -0.00067720154765993357 -0
695 -0.99999982118606567 -0.00061003898736089468 -0
696 -0.99999982118606567 -0.00060586381005123258 -0
697 -0.99999982118606567 -0.000581087835598737 -0
698 -0.99999982118606567 -0.00059118488570675254 0
699 -0.9999997615814209 -0.00073655805317685008 0
700 -0.99999964237213135 -0.00085315544856712222 0
701 -0.99999958276748657 -0.00092034437693655491 0
702 -0.99999958276748657 -0.00091636815341189504 0
703 -0.9999997615814209 -0.00072010897565633059 0
704 -0.99999958276748657 -0.00093172001652419567 0
705 -0.99999970197677612 -0.00082591891987249255 0
706 -0.9999997615814209 -0.00073556037386879325 -0
707 -0.99999970197677612 -0.00079711113357916474 0
708 -0.99999964237213135 -0.00085859751561656594 0
709 -0.99999964237213135 -0.00089300831314176321 0
710 -0.99999958276748657 -0.00092808902263641357 -0
711 -0.9999997615814209 -0.00072635267861187458 0
712 -0.99999958276748657 -0.0009515162673778832 0
713 -0.9999997615814209 -0.00069706211797893047 0
714 -0.99999958276748657 -0.00094016978982836008 0
715 -0.9999997615814209 -0.00072863773675635457 -0
716 -0.99999982118606567 -0.00061580876354128122 -0
717 -0.99999988079071045 -0.00048901181435212493 -0
718 -0.99999964237213135 -0.00086801871657371521 -0
719 -0.99999958276748657 -0.00091736583271995187 -0
720 -0.99999958276748657 -0.0009010806679725647 0
721 -0.99999964237213135 -0.0008629803778603673 -0
722 -0.99999964237213135 -0.00087538885418325663 0
723 -0.9999997615814209 -0.00072515307692810893 -0
724 -0.9999997615814209 -0.00074765284080058336 0
725 -0.9999997615814209 -0.00073143193731084466 -0
726 -0.99999958276748657 -0.00095200195210054517 0
727 -0.9999997615814209 -0.00072493072366341949 -0
728 -0.99999988079071045 -0.00053010229021310806 -0
729 -0.99999982118606567 -0.00061922316672280431 -0
730 -0.9999997615814209 -0.00071962911169975996 -0
731 -0.99999958276748657 -0.00092676951317116618 0
732 -0.9999997615814209 -0.0007307414198294282 0
733 -0.9999997615814209 -0.00072178547270596027 0
734 -0.9999997615814209 -0.00071259541437029839 -0
735 -0.99999958276748657 -0.00091534701641649008 0
736 -0.99999958276748657 -0.00091029703617095947 0
737 -0.99999982118606567 -0.00063384650275111198 -0
738 -0.99999982118606567 -0.0006151884444989264 -0
739 -0.99999994039535522 -0.0004430118715390563 -0
740 -0.99999994039535522 -0.00045536764082498848 0
741 -0.99999964237213135 -0.00089158635819330812 0
742 -0.99999964237213135 -0.0008551508653908968 0
743 -0.99999958276748657 -0.00090987276053056121 -0
744 -0.9999997615814209 -0.00068605807609856129 0
745 -0.99999982118606567 -0.00057875009952113032 0
746 -0.9999997615814209 -0.00070289330324158072 0
747 -0.9999997615814209 -0.00074293051147833467 0
748 -0.9999997615814209 -0.00070215307641774416 0
749 -0.99999964237213135 -0.00088812509784474969 0
750 -0.99999958276748657 -0.00095096038421615958 0
751 -0.99999958276748657 -0.00093426252715289593 -0
752 -0.9999997615814209 -0.00070341996615752578 0
753 -0.99999982118606567 -0.00064874492818489671 0
754 -0.99999982118606567 -0.00062708783661946654 -0
755 -0.9999997615814209 -0.00067055405816063285 0
756 -0.99999982118606567 -0.00066856457851827145 0
757 -0.99999982118606567 -0.00064292829483747482 -0
758 -0.99999982118606567 -0.0006119905156083405 -0
759 -0.99999982118606567 -0.00066129094921052456 0
760 -0.99999982118606567 -0.00066121778218075633 0
761 -0.9999997615814209 -0.00068103440571576357 0
762 -0.99999982118606567 -0.00063007220160216093 -0
763 -0.9999997615814209 -0.00068979145726189017 0
764 -0.99999982118606567 -0.00064225535606965423 -0
765 -0.99999982118606567 -0.00061530550010502338 -0
766 -0.99999982118606567 -0.00065002939663827419 -0
767 -0.99999982118606567 -0.00066030491143465042 -0
768 -0.9999997615814209 -0.00067208136897534132 0
769 -0.99999982118606567 -0.00063906912691891193 -0
770 -0.99999982118606567 -0.00066260754829272628 0
771 -0.9999997615814209 -0.00074107263935729861 0
772 -0.99999982118606567 -0.00063427956774830818 -0
773 -0.99999988079071045 -0.00053775333799421787 -0
774 -0.99999982118606567 -0.00062858295859768987 0
775 -0.99999958276748657 -0.00091700302436947823 0
776 -0.9999997615814209 -0.00073260231874883175 -0
777 -0.99999988079071045 -0.00048886553850024939 -0
778 -0.99999964237213135 -0.00087419222109019756 -0
779 -0.9999997615814209 -0.0007454642909578979 0
780 -0.99999982118606567 -0.00065370422089472413 0
781 -0.99999958276748657 -0.00091649685055017471 -0
782 -0.99999988079071045 -0.00049718661466613412 0
783 -0.99999964237213135 -0.00088118499843403697 0
784 -0.99999958276748657 -0.00094830954913049936 0
785 -0.99999982118606567 -0.00066129385959357023 0
786 -0.9999997615814209 -0.00073812925256788731 -0
787 -0.99999988079071045 -0.00050771085079759359 0
788 -0.99999958276748657 -0.00091373198665678501 -0
789 -0.99999964237213135 -0.00087053200695663691 -0
790 -0.9999997615814209 -0.00068696797825396061 0
791 -0.99999982118606567 -0.00059374503325670958 0
792 -0.99999982118606567 -0.00063062517438083887 0
793 -0.99999982118606567 -0.00064583658240735531 0
794 -0.99999982118606567 -0.00060685275821015239 -0
795 -0.9999997615814209 -0.00068590592127293348 0
796 0 0.99999988079071045 0.00053812493570148945
797 0 0.99999994039535522 0.00036002634442411363
798 0 0.99999994039535522 0.00042962032603099942
799 0 0.99999988079071045 0.00050972675671800971
800 0 0.99999988079071045 0.00053412531269714236
801 0 0.99999994039535522 0.00037759597762487829
802 0 0.99999994039535522 0.00042243150528520346
803 0 0.99999988079071045 0.00050034653395414352
804 0 0.99999994039535522 0.00039934666710905731
805 0 0.99999994039535522 0.0004421048506628722
806 0 0.99999988079071045 0.00052111700642853975
807 0 0.99999994039535522 0.00043183518573641777
808 0 0.99999994039535522 0.00032890131114982069
809 0 0.99999988079071045 0.0004941057413816452
810 0 0.99999994039535522 0.00035731995012611151
811 0 0.99999994039535522 0.00037106845411472023
812 0 0.99999988079071045 0.00045766439870931208
813 0 0.99999994039535522 0.00034034132841043174
814 0 0.99999994039535522 0.00036817771615460515
815 0 0.99999988079071045 0.00046885572373867035
816 0 0.99999994039535522 0.00039862105040811002
817 0 0.99999988079071045 0.00052694824989885092
818 0 0.99999988079071045 0.00051878805970773101
819 0 0.99999988079071045 0.00048572316882200539
820 0 0.99999988079071045 0.00046540616312995553
821 0 0.99999994039535522 0.00043431043741293252
822 0 0.99999994039535522 0.00033538494608364999
823 0 0.99999994039535522 0.00039806222775951028
824 0 0.99999988079071045 0.00053909042617306113
825 0 0.99999988079071045 0.00050719297723844647
826 0 0.99999994039535522 0.00036915496457368135
827 0 0.99999994039535522 0.00037299658288247883
828 0 0.99999988079071045 0.0004871626733802259
829 0 0.99999988079071045 0.00046607910189777613
830 0 0.99999988079071045 0.00047899666242301464
831 0 0.99999988079071045 0.00048809015424922109
832 0 0.99999994039535522 0.00034342808066867292
833 0 0.99999994039535522 0.00035650070640258491
834 0 0.99999994039535522 0.00034889939706772566
835 0 0.99999994039535522 0.00036676161107607186
836 0 0.99999994039535522 0.00045239206519909203
837 0 0.99999988079071045 0.00053852866403758526
838 0 0.99999988079071045 0.00052454613614827394
839 0 0.99999988079071045 0.0004819078603759408
840 0 0.99999988079071045 0.00046268512960523367
841 0 0.99999994039535522 0.00045571580994874239
842 0 0.99999994039535522 0.00045369990402832627
843 0 0.99999994039535522 0.00034899593447335064
844 0 0.99999994039535522 0.00034069240791723132
845 0 0.99999994039535522 0.00033374063787050545
846 0 0.99999994039535522 0.00032661622390151024
847 0 0.99999994039535522 0.00034503143979236484
848 0 0.99999994039535522 0.00037092508864589036
849 0 0.99999994039535522 0.00042592204408720136
850 0 0.99999988079071045 0.00050022365758195519
851 0 0.99999994039535522 0.00034170184517279267
852 0 0.99999994039535522 0.00035063148243352771
853 0 0.99999988079071045 0.00053112633759155869
854 0 0.99999988079071045 0.000521658337675035
855 0 0.99999988079071045 0.00050503370584920049
856 0 0.99999994039535522 0.00037608039565384388
857 0 0.99999994039535522 0.00043517063022591174
858 0 0.99999988079071045 0.00053488014964386821
859 0 0.99999988079071045 0.00053206260781735182
860 0 0.99999994039535522 0.0004385821521282196
861 0 0.99999994039535522 0.0004267734766472131
862 0 0.99999994039535522 0.00043445086339488626
863 0 0.99999994039535522 0.00043180884676985443
864 0 0.99999994039535522 0.00043902979814447463
865 0 0.99999994039535522 0.00045307085383683443
866 0 0.99999994039535522 0.00037009708466939628
867 0 0.99999994039535522 0.00035311258397996426
868 0 0.99999988079071045 0.00054887740407139063
869 0 0.99999994039535522 0.00038790956023149192
870 0 0.99999994039535522 0.0004148682055529207
871 0 0.99999988079071045 0.00052904314361512661
872 0 0.99999988079071045 0.0004632147029042244
873 0 0.99999988079071045 0.00046653259778395295
874 0 0.99999994039535522 0.00035977180232293904
875 0 0.99999994039535522 0.00035482126986607909
876 0 0.99999988079071045 0.00052435591351240873
877 0 0.99999988079071045 0.0005236624856479466
878 0 0.99999988079071045 0.0005476631922647357
879 0 0.99999988079071045 0.00053921039216220379
880 0 0.99999994039535522 0.00035567561280913651
881 0 0.99999994039535522 0.00044586454168893397
882 0 0.99999994039535522 0.00041665005846880376
883 0 0.99999988079071045 0.00049112428678199649
884 0 0.99999994039535522 0.00044135292409919202
885 0 0.99999994039535522 0.00042215941357426345
886 0 0.99999994039535522 0.00042822177056223154
887 0 0.99999994039535522 0.00040757411625236273
888 0 0.99999994039535522 0.00043298210948705673
889 0 0.99999994039535522 0.00038484914693981409
890 0 0.99999994039535522 0.00038637348916381598
891 0 0.99999994039535522 0.00042986316839233041
892 0 0.99999994039535522 0.00037828649510629475
893 0 0.99999994039535522 0.00044321961468085647
894 0 0.99999994039535522 0.00044070629519410431
895 0 0.99999988079071045 0.00046574263251386583
896 0 0.99999994039535522 0.00041513153701089323
897 0 0.99999988079071045 0.00051898410310968757
898 0 0.99999994039535522 0.00038046916597522795
899 0 0.99999988079071045 0.00051295687444508076
900 0 0.99999988079071045 0.00054011447355151176
901 0 0.99999994039535522 0.00039187993388622999
902 0 0.99999994039535522 0.00040585958049632609
903 0 0.99999988079071045 0.00050181237747892737
904 0 0.99999994039535522 0.00044478781637735665
905 0 0.99999988079071045 0.00052411603974178433
906 0 0.99999994039535522 0.00036164434277452528
907 0 0.99999988079071045 0.00053515518084168434
908 0 0.99999988079071045 0.00053771235980093479
909 0 0.99999988079071045 0.00046098814345896244
910 0 0.99999994039535522 0.00035382065107114613
911 0 0.99999988079071045 0.00050567742437124252
912 0 0.99999988079071045 0.0005344120436348021
913 0 0.99999994039535522 0.00035867752740159631
914 0 0.99999994039535522 0.00044540810631588101
915 0 0.99999988079071045 0.00051862717373296618
916 0 0.99999988079071045 0.00049424613825976849
917 0 0.99999994039535522 0.00040751558844931424
918 0 0.99999994039535522 0.00039691527490504086
919 0 0.99999988079071045 0.00046986222150735557
920 0 0.99999988079071045 0.0005147533374838531
921 0 0.99999994039535522 0.00040939982864074409
922 0 0.99999994039535522 0.00040217593777924776
923 0 0.99999988079071045 0.00046456351992674172
924 -0.99999994039535522 0 -0.00030274433083832264
925 -1 0 -0.00018427721806801856
926 -1 0 -0.00020033713371958584
927 -0.99999994039535522 0 -0.00031160961952991784
928 -0.99999994039535522 0 -0.00031536052119918168
929 -1 0 -0.00017702113837003708
930 -1 0 -0.00015406210150104016
931 -0.99999994039535522 0 -0.00030514644458889961
932 -1 0 -0.00017519833636470139
933 -1 -0 -0.00020648723875638098
934 -1 0 -0.00023006947594694793
935 -1 0 -0.0002021657710429281
936 -1 -0 -0.00018489164358470589
937 -0.99999994039535522 0 -0.000316563033265993
938 -1 0 -0.00029845506651327014
939 -0.99999994039535522 0 -0.00030658300966024399
940 -1 0 -0.00016414745186921209
941 -1 0 -0.00015458289999514818
942 -0.99999994039535522 0 -0.00030191923724487424
943 -1 0 -0.00017685143393464386
944 -1 0 -0.00018805154832080007
945 -1 -0 -0.00024485375615768135
946 -0.99999994039535522 0 -0.00033701755455695093
947 -1 0 -0.00019366329070180655
948 -1 0 -0.00017371201829519123
949 -1 0 -0.00019005281501449645
950 -1 0 -0.00029281992465257645
951 -1 0 -0.00018377689411863685
952 -1 0 -0.00027599636814557016
953 -1 0 -0.00023064001288730651
954 -1 0 -0.00015508907381445169
955 -1 -0 -0.00017784036754164845
956 -1 0 -0.00026502739638090134
957 -1 0 -0.00019137236813548952
958 -1 0 -0.00026284472551196814
959 -1 0 -0.00024571103858761489
960 -1 0 -0.00017786085663828999
961 -1 -0 -0.00017914822092279792
962 -1 0 -0.00025591047597117722
963 -1 0 -0.00017368860426358879
964 -0.99999994039535522 0 -0.00031277115340344608
965 -1 0 -0.00029535367502830923
966 -1 0 -0.00025939222541637719
967 -1 0 -0.00020770731498487294
968 -1 0 -0.00017850453150458634
969 -1 0 -0.00018772385374177247
970 -1 0 -0.000198900539544411
971 -1 0 -0.00026594902737997472
972 -1 0 -0.00020042489632032812
973 -1 0 -0.00019582548702601343
974 -1 0 -0.00021050148643553257
975 -1 0 -0.00018931549857370555
976 -1 0 -0.00023374140437226743
977 -1 0 -0.00029660010477527976
978 -0.99999994039535522 0 -0.00031675613718107343
979 -0.99999994039535522 0 -0.00033149943919852376
980 -1 0 -0.00023266176867764443
981 -1 0 -0.00018199213081970811
982 -0.99999994039535522 0 -0.00030373324989341199
983 -1 0 -0.00018418066611047834
984 -0.99999994039535522 0 -0.00032178274705074728
985 -1 0 -0.00018537147843744606
986 -0.99999994039535522 0 -0.0003261890378780663
987 -1 0 -0.0002302011416759342
988 -1 0 -0.00018430354248266667
989 -1 0 -0.00019384176994208246
990 -1 0 -0.00017884394037537277
991 -1 0 -0.00021215165907051414
992 -1 0 -0.00019162106036674231
993 -1 0 -0.00019524325034581125
994 -1 0 -0.00019551828154362738
995 -1 0 -0.00018392318452242762
996 -0.99999994039535522 0 -0.00032170958002097905
997 -1 0 -0.00019197509391233325
998 -0.99999994039535522 0 -0.00033131512464024127
999 -1 0 -0.00019928382243961096
1000 -0.99999994039535522 0 -0.000352047587512061
1001 -0.99999994039535522 0 -0.00035607354948297143
1002 -0.99999994039535522 0 -0.00032890131114982069
1003 -0.99999994039535522 0 -0.00032393322908319533
1004 -1 0 -0.00027758214855566621
1005 -1 0 -0.000269252312136814
1006 -1 0 -0.00022915661975275725
1007 -1 0 -0.00021891911455895752
1008 -1 0 -0.00021393348288256675
1009 -1 -0 -0.00018613804422784597
1010 -0.99999994039535522 0 -0.00031122923246584833
1011 -1 0 -0.00016214618517551571
1012 -1 0 -0.00024144805502146482
1013 -1 0 -0.00025726808235049248
1014 -1 0 -0.00027132965624332428
1015 -1 0 -0.00015752921171952039
1016 -1 0 -0.0001624621800146997
1017 -1 0 -0.00027605486684478819
1018 -1 0 -0.00027249997947365046
1019 -1 0 -0.00016196185606531799
1020 -1 0 -0.00017392559675499797
1021 -1 0 -0.00017209988436661661
1022 -1 0 -0.00023724655329715461
1023 -1 -0 -0.0001694871170911938
1024 -0.99999994039535522 0 -0.00030854041688144207
1025 -1 -0 -0.00019226474978495389
1026 -0.99999994039535522 0 -0.00031328026670962572
1027 -1 0 -0.00016706451424397528
1028 -0.99999994039535522 0 -0.00032366698724217713
1029 -1 -0 -0.0001779574085958302
1030 -0.99999994039535522 0 -0.00031811374356038868
1031 -1 0 -0.00015048380009829998
1032 -0.99999994039535522 0 -0.00032692050444893539
1033 -1 0 -0.00024627865059301257
1034 -0.99999994039535522 0 -0.00031588718411512673
1035 -1 0 -0.00018971049576066434
1036 -0.99999994039535522 0 -0.00030901731224730611
1037 -1 0 -0.00025274179643020034
1038 -1 0 -0.00019995970069430768
1039 -0.99999994039535522 -0 -0.00032948062289506197
1040 -0.99999994039535522 0 -0.00031359039712697268
1041 -1 0 -0.00018677880871109664
1042 -1 0 -0.00024698377819731832
1043 -0.99999994039535522 0 -0.00031720381230115891
1044 -0.99999994039535522 0 -0.00030455834348686039
1045 -1 0 -0.00014378070773091167
1046 -0.99999994039535522 0 -0.00030464903102256358
1047 -1 0 -0.00015039894788060337
1048 -0.99999994039535522 0 -0.00033421462285332382
1049 -1 0 -0.00017325265798717737
1050 -1 -0 -0.00028360937722027302
1051 -1 0 -0.00015595804143231362
