1324 2
1.59161079124708 -2.92674132898141
1.02575263112338 -2.27997877333829
0.948401827255496 -2.96615677711278
1.60814028537718 -0.545436628777155
1.06147959153397 -1.0981217802853
1.74988257033832 -1.20902985587559
1.56266219067207 -2.32322161920357
-0.860939326210628 -5.07129819168058
-0.19554867162325 -4.49023431062974
-1.15085043117146 -4.3432406297203
2.19631629217997 3.97558948209629
2.40457701971365 3.24963830060896
2.86888158814033 3.95820176611945
1.32034236232782 -1.77424307827881
-0.0735991770659609 -5.32734390260787
0.111424878804298 -6.0354894483929
0.712507358691201 -5.58950337723807
0.823805147831704 0.317490359676195
0.987230994091525 -0.438643772096082
1.46201301656141 0.127354776828264
2.09551973684274 -3.57411136947101
1.81538493544367 -4.17449410494265
2.45941927468698 -4.34627566881908
2.63694720010156 -3.67084451922597
0 0
0.439354826728177 -0.148228202846293
0.154353676715668 0.54896214400836
3.03885864377666 3.38517119041736
2.57547405810043 0.249142851664679
3.20818986835713 0.592998620372924
2.51489180295856 0.975588648683903
2.37649097643718 2.44874986214344
1.75337691589462 2.84345272542505
1.63624013118804 2.10378615340876
0.885045821572217 -1.65563252536442
2.45956779610831 -6.7269347223903
2.53110134573647 -6.04229116806726
1.96697336144775 -6.14018236707536
2.38292859150083 1.72095557459233
1.43154632587797 -3.61046126003832
0.789822454764149 -3.64655184195463
3.15911215096784 1.3419782181862
-0.6067966960857 -3.723569368903
0.395465851108126 1.73488173612609
-0.238855074229065 1.31387768556524
0.597559414330182 1.0287230355497
-3.32583089022162 -6.55331685873191
-3.88486514015038 -7.0898258736917
-3.12443519934199 -7.11044760967787
-3.07381577207157 4.01767707599082
-3.85765617992826 4.01701295725889
-3.30919878078194 3.46194348192688
-1.14002644528794 1.21006504046551
-0.869951498933311 1.88030052937913
1.76773492328382 -6.73730109650602
-0.824793157457117 -7.19218226923369
-1.2657150829495 -6.46919705775272
-1.58898534698153 -7.16036472171109
-1.51149828415842 4.01430034906375
-1.21691445203364 3.30359640715121
-0.739605727646027 4.01071125389367
2.23577161179696 -0.750156988445722
2.36335941003281 -1.4374817279245
2.91957767668647 -0.932855455726014
-0.401746793720787 -6.54857693502919
-0.597214666712312 -5.80837326422112
-1.43006860985123 -5.66234506701116
3.05478957733827 2.0673541370157
-0.555043709905248 2.62001226789224
-0.365721371248202 3.36708482376363
0.423287771071094 -3.06677788647591
2.03252327358396 -2.53976638377839
2.53915511031607 -2.96739470578215
2.45084428040935 -2.14895764266351
1.22829002570084 -6.08597470574014
2.98220119798425 -2.60862888261493
2.57046510890038 -0.287510656698502
2.94908855368185 -1.80593736434269
-1.40614623940516 2.49850581371051
-0.217314692856101 1.95655625805729
0.4202735164817 -4.9236745398204
2.99722650239914 -6.34210138681315
0.155379272181867 -3.70548136373738
-2.22027810940515 2.35224625855753
-2.0180040694607 3.03517589777306
-2.05068109179745 -6.16849346521991
-2.23063598836108 -5.47733188425888
1.0340001148939 -6.70339671638022
-2.22044604925031e-15 -3
0.51205075551121 -2.47767502264093
3.5589843527247 -3.10281953749808
3.04655824320764 -3.44554040957612
3.49263529818906 -1.454502501045
0.059296281493759 -2.56472377590086
-0.595940683989311 0.616378540713216
-2.64905382076188 3.50011013339548
-2.76312453600791 2.90834136289725
0.0592450354029175 -0.575314006525764
1.7918895057935 -4.82556340720135
2.51619848563874 -5.01352231767474
3.15535117613947 -4.27782004191349
3.1568884788532 -5.00941307571673
-2.77499105557784 -6.01775544719498
-2.68120191372432 -6.60946638103655
2.09910487528935 -0.0689653549915888
1.90960425373629 -1.86812351780799
3.11743834971755 -0.154743047261112
3.57912644315766 -0.649769867560328
3.48507633436996 -2.27299523822108
3.00155690452703 -5.63129406308433
2.21039082620911 -5.519523820447
4 -5
0.0977360472173067 -1.10097535505909
0.540713761685632 -1.35645894916012
0.523873459656264 -0.782944608943731
-1.69042108501479 -4.9229116716881
-1.6801540454771 1.78778466357006
3.74618970653422 0.142715034982032
3.71793806918398 -3.9640380895289
0.527146602384884 -1.90817282967176
0.0974832783090072 -2.08682637126816
3.00550335923896 2.75027430911237
-1.91960875867025 3.59724004936362
3.79642881864895 -5.45449672697938
3.79475660589258 1.68888473929018
-1.97200119939785 -6.7318295296973
3.61744795153963 -6.07218121125718
3.62863745185173 2.41198970104272
3.49428840023504 -6.75080863346519
3.52222882923299 3.16509772044979
1.28407517185893 0.83740032342141
4 1
1.40522797824333 -7.31740904195735
0.674522875231535 -7.27171580810862
0.765823523879816 3.99869165773876
1.1671819633024 3.26332368492273
1.49264248230408 3.9889934195359
1.2349967688576 -4.28570302691182
1.02122202311599 -4.92500055031026
1.49367157511196 -5.49252829079158
1.7911267646293 1.33542317036489
0.392175776827818 3.38572577048611
0.0209049932751808 4.00571316355178
2.11890823464015 -7.36575208110659
-0.0692301519238885 -7.22939839384412
1.95374342972673 0.616376544166459
0.573071551359558 -4.3275771049037
1.09899390141966 1.53312660156036
0.893613294888978 2.20271805388625
0.196193335819409 2.39694548497519
0.109908864085358 -1.60064632728559
2.0652350012935 -3.02768490683761
2.80687755003698 -7.41367165443747
1.2534395619768 2.61992947892057
0.324565887436152 -6.66509969565776
3.49147245900993 3.93675106745372
1.78698274494823 3.4435246427203
-2.35751997374966 -7.13349382287701
-2.29098116135824 4.01670861975509
0.690274430169632 -6.20943352984991
2.99700314537319 -6.91428768553842
3.44794084108629 -7.45988375849244
0.70867450001584 2.77956673830736
0.0329535488766398 2.93671844429509
-8.72865384311573 -2.21088559542748
-9.16947803953372 -2.74877404576279
-9.7999846920319 -2.53819599020879
-9.97121904807399 1.74080305880318
-9.83820078749566 2.53477093378398
-10.4535982288432 2.0983428511818
-9.39344100441442 2.06320711750984
-10.4228543461302 -2.25180176356083
-9.82830132196016 -1.81575631375757
-10.472246805368 -1.49420170118721
-7.04595821562774 1.88016348021609
-7.74843918234778 3.27034376073724
-6.77312339577082 1.19977336925829
-9.19188166073572 -1.66817391677735
-8.69889452949404 -2.16358758725559
-8.6038898934105 -1.50894737716311
-9.38300643141573 -2.21381375349125
-9.69546205957981 -6.97308605099172
-9.83151523855921 -6.24812900341673
-10.3467317857023 -6.97467205730873
-7.84749817457816 2.06940659974235
-8.02008463646578 2.76046630059501
-8.64409921235396 4.25535040758802
-8.01301811613511 -3.17602325582053
-9.11289720998376 -3.46103131279025
-8.63062335939923 -2.95583246122232
-7 -3
-7.54245295106856 -2.6683244113851
-7.39063761013819 -3.48449961164789
-10.4586108221859 -6.40456285849193
-9.720574692216 -3.10934947294755
-10.321613903504 -3.50245608727385
-9.71125450215109 -3.89157649154931
-9.72684850489733 -5.43087515170897
-9.16882133707519 -5.82346408726007
-8.98741755224255 -5.06189620846179
-10.3848419526192 5.26783160662509
-10.4680505823698 4.52267182528083
-9.90127557828128 4.69206567831189
-8.94556556273555 -0.384653515184579
-8.77272397096093 2.30007083024588
-9.65816980334085 -4.67655102665972
-10.3405217499268 -4.30752060621741
-7.35863525962172 2.60496930301829
-7.78807572089873 -4.69363127411027
-7.171293264829 -4.28581633656109
-7.89112927187808 -3.9542443289883
-4.4159660607339 -6.5239835564134
-4.64074165112497 -7.0700807456978
-4.64551331192355 4.01414744425729
-4.44626849882348 3.45997860974231
-10.0173884233649 -1.02038560560801
-6.39974878057268 -4.2173521277057
-6.65926136390592 -4.87998225822096
-9.69371130449712 5.33934083347601
-6.14061274228401 -7.03113506920597
-6.3965707053149 -6.31601869163393
-6.87807210752988 -7.01290989434658
-7.03293316124938 3.9928776389784
-6.59009642053708 3.28798612389527
-6.23882387974835 4.00108394327455
-7.4823222364577 3.31558249277896
-7.29686546928757 2.58698474038393
-9.55073164340709 -1.27865037785947
-8.1354432890372 -1.84419705004532
-10.3515374765193 -3.01546646931535
-10.024083912514 -1.84490075911449
-6.44018742428752 2.49276860771087
-9.49814068473988 -0.66294486680788
-9.6948314834287 -2.52653759361943
-10.3357317633586 -5.05997062301531
-6.98309440800525 -5.61617937354559
-7.20011590077604 -6.36303083987665
-9.15792105891119 2.70959543309475
-11.1106106019625 2.49744528264304
-10.3868613159718 2.81784194994276
-11.113716578311 3.26427010973655
-6.19515542332291 -5.51496105367524
-10.9387702309712 4.00656549023681
-10.462460719103 3.43028673579136
-10.1587384890766 4.01043220913536
-8.4182220581068 -0.184927271409068
-10.9214545035889 4.80166511670739
-12 3
-7.24868147178522 -4.9373886627102
-8.36401486745545 3.62116783741135
-8.13291267176118 2.50434913481148
-5.78269586727196 3.02588179537459
-5.61413750050497 2.34577151518796
-5.44336750939386 -5.3902097598643
-5.63796241997141 -6.06641959700507
-11.0378618821727 -1.09474028017003
-10.4861630131274 1.28250170346973
-11.0716364731218 1.70074507678967
-8.95226529004587 3.36618583569106
-10.2273538634307 -2.67851376615537
-8.11258692746731 -1.26456098686181
-11.7890841967163 0.146724232565324
-8 2
-11.6501343004044 -0.664431658028454
-10.6844280976848 -2.16045390893227
-11.0326990631544 -1.91054261770461
-8.06295910253642 -0.665222635663597
-8.54099626051927 -0.839044139173455
-9.75128900308394 3.31139385689047
-6.79809745085386 -3.60574981371117
-5.04594174175878 -6.54509249870044
-4.93619823178939 -5.95870092236455
-8.10002512367137 -3.09667406593408
-5.03225629737403 2.90402701062432
-5.11630672961114 3.49348081232746
-9.24373996808302 -2.75203371100959
-10.599094276514 -1.32187698194583
-11.5868976986978 -1.48735259037483
-5.93427305667505 -4.81178533250722
-6.19318169971093 1.77934403365605
-10.8301467211783 -3.01628308496971
-8.13341660914055 -2.43665933508425
-7.5932750067318 -1.87660369142667
-11.5334524027233 4.45159399607292
-10.363476774592 -5.75883488504991
-5.74085543959358 -6.62449564346429
-11.0050106791246 -4.70619991634277
-5.85073734944296 3.58700693513044
-10.9364658324925 -5.43988469329769
-10.9094257408678 -6.20220459065292
-11.4007169115226 5.20959667331048
-11.7384401614735 3.71964336202881
-8.52582008475026 -3.73061028627719
-11 -4
-8.31752041279839 -6.98409167906938
-8.64591440392454 -6.24571433633351
-9.01588252605829 -6.97607743357174
-9.32661894578678 3.97635327163244
-8.58177127554095 3.97954847796643
-9.21358984600467 2.87009656138921
-8.97602540660671 3.5468467739015
-9.43641031408948 4.06961032008964
-9.05961017485934 -4.25966929020702
-7.9181563455523 -6.37191393059584
-7.60447999582355 -6.99672965977847
-10.044243121006 5.9763683218959
-7.81601209098891 3.98531060979164
-9.15061927132194 -3.4940927883948
-8.53712399938339 3.01473018671514
-8.41756655784636 -4.46426668793588
-8.29519006282615 -5.16323349739756
-7.66222942057666 -5.37468650132868
-10.7258729979414 5.97903987487519
-8.67343021742994 -5.59241518153323
-8.22796145674619 3.38227252098016
-10.9498464203268 -6.97937611769047
-9.2543372542246 -6.43205272066163
-5.4407029492202 4.00851325912198
-5.39366066167374 -7.05042697082479
-8.6087624320847 2.88726781606792
-9.06908298800119 -1.07667200241045
-10.9136484841349 5.42556969847077
-11.3511168255018 5.98343241412856
-8.17192222062044 -5.75626385647026
-7.5488902970252 -5.92395519540978
-7.41787114095758 -2.17868641906885
-7.41323777547786 -1.37385889378143
-5.14050203786804 -3.86038794914172
-5.75566414406712 -3.18077951100998
-5.81004018340506 -4.02094410127748
-6.27242091253887 -3.59161182236826
-6.05540178785792 2.98046298628517
-6.58742044572899 2.56378963336804
0.125393350960355 5.93574558596892
-5.29684028844041 0.798829355589215
-3.86870658150693 -6.3271245988141
-3.8838220800928 3.24896325887391
-7.42533445713754 1.757908302483
-6.96618243552077 -2.7668364429684
-3.86840559074938 -4.08941575914448
-4.53564771488119 -4.49546877456053
-3.85976441544984 -4.8150047991932
-3.92597669453347 1.73307884144775
-4.64754128771201 1.42637305661706
-3.94203305393411 1.00604973512007
0.635811098560356 4.60200632745052
-4.49661230602881 -3.71263310433699
-6.68755333202736 1.82740905327547
-6.45589499021304 -2.85602833121319
-7.65495382086263 -0.22542207538256
-7.66709788113854 -3.41460952435863
-5.45599584770907 1.5603957697351
-5.27868426205297 -4.61179302344327
-7.73160778459932 -2.77975041784681
-7.71479986686977 -0.852730547014737
-4.91247761080573 2.18318071805625
-4.79571590599086 -5.24153607084909
-4.99448264005385 -3.21955613677643
-4.42543734271903 2.81616712916144
0.143636528240835 5.1145670837912
-7 -4
-7 1
-7.14097343844493 -3.58769917057279
-7.13913232529589 0.208573495781406
-4.36472209874953 -5.87908027576302
-4.34132149390292 2.11173152609044
-6.25448555073355 1.29030513924646
-0.641348527589687 -9.1459989905715
-5.50970346302666 1.50579262784399
-0.40806581876563 -8.40716944774054
-4.260312394247 -5.18099230353526
-3.95498487495028 0.31713206767045
-3.88344646079235 -3.40395187719336
-4.74423280045202 1.64512719711484
-0.262923093499486 -7.66065933050877
-3.85991958131806 -5.56542783146119
-3.90656808320011 2.48468462549846
-6.63789160371691 -3.23589176230176
-7.04206389581494 2.21737165597848
-0.307555092370826 3.96448218000568
-4.50545002043749 2.11927504084426
-4.41562453497523 -3.20398142308875
-0.213753161473125 -6.90186716598829
-7.30332820272388 -2.94745001827447
-7.29613431771207 -0.570924584431673
-8.10158784664765 -13.138645794395
-10.0987592647955 -11.5499819885225
-8.11379337415279 -12.6367390570784
-9.32643359970644 -11.5570354680477
-8.09683491634035 -12.1237510463904
-4.97800908762727 7.26667565408748
-5.48472962663572 7.94460825301907
-5.75667289222146 7.05471152093755
-6.23176747917101 7.45788939341373
-6.04561257298462 -10.0610074813155
-6.57507334284362 -10.461223992032
-5.95273476626236 -10.9303651594611
-5.31271293456838 -10.2689388369707
-3.82713047476638 4.78719748726699
-4.40339264953428 4.57196627267046
-4.44878683341751 -7.62705786232026
-3.90581629193637 -7.85175117000621
-7.14514155241444 7.37848352593469
-6.98491367776564 8.23497743243253
-8 8
-8 -11
-7.41967817373467 -11.2416372164178
-7.33078518101431 -10.3905260680073
-3.95537548050993 -9.36150524199876
-4.66545503058813 -9.65341178642981
-3.98215994785445 -10.0905555573647
-3.6980342722176 7.06959328479029
-4.41974633863938 6.63218193710447
-3.74750513813799 6.32320078561299
-4.28933198450472 7.44880871001873
-4.638268395323 -10.4517621982383
-6.68992170650379 -11.1982018640644
-6.13286648436257 8.20552856369842
-7.87247605858938 8.32366364330773
-8.20147399575387 -11.3356631747513
-5.23073342937077 6.47964129791188
-5.44862295136812 -9.49678751029357
-8.78803556196104 -11.2775311733439
-8.44837486524646 8.26697008464833
-4.75700829109128 5.85644950456365
-5.47267415933529 5.67796894192771
-5.5832943246222 -8.70455428785894
-4.90942884360426 -8.88763449445734
-4.71386039819375 7.95477751505548
-4.94131659382232 5.12468350392069
-4.33021650280504 5.22055161059956
-4.43110088404016 -8.2685777613017
-5.0147771076503 -8.16411878766855
-5.15346399659277 -10.9390071610068
-7 -12
-6 9
-7.80035283275897 -11.8336202583233
-7.210959325463 8.80684597761974
-6.15592054167202 -9.25317166667876
-6.0019338223761 6.23606787747068
-4.18630363962962 5.9377887674056
-4.35621766532412 -8.97375405632392
-6.28361356747365 -11.7721702471246
-5.6073995347664 8.81272516570196
-5.56049568363559 -11.5793038761577
-4.99289885473181 8.62181592955656
-6.5432101481075 6.80177562031322
-6.73632958319157 -9.81388137207811
-4.00989152863465 -10.786370923555
-3.64418562448138 7.78487442229984
-8.05756547313387 8.37747288296973
-8.05134843697259 -11.5870721287232
-4.3080143524357 8.49046913227159
-4.80832952361725 -11.4595442125178
-3.92973836514176 -8.61167069236983
-3.79055726781807 5.55871401324256
-6.66664600640596 7.78509282773476
-7.03003056964503 -10.7928126250416
-4.13947321198314 7.99035659647466
-3.58907665130948 8.4438606150185
-4.03872407174636 -11.4244996763961
-4.55776703270865 -10.9786713197162
-8.55963549865769 -11.6741923740452
-10.9002113981264 -11.653596187845
-0.36671544548322 -13.0089828944196
-1.1245072043565 -13.4265825316512
-0.506843111257769 -13.6169216738262
-0.256718270696773 -12.4014327830977
-0.981421913235246 -12.5677662743122
-2.65783153731251 -10.3060988611829
-2.05430216324142 -10.9703501157252
-1.90265163316053 -10.1227012449645
-1.39017233213133 -10.5262272868603
-1.71471882830068 7.05910045167775
-1.2313241290647 7.46004605676563
-1.82129439214513 7.93570571350732
-2.41528719069614 7.26535191463805
-3.27164270562591 4.5741068726349
-3.34895879211953 -7.65485064735726
-0.639623847350279 -10.4715225802619
-0.546967714475561 -11.3127030375306
8.88178419700125e-16 -11
4.44089209850063e-16 8
-0.490773273502429 8.19443446593347
-0.51346520579962 7.401601493834
-3.04306709578295 6.63297352203521
-3.26527020354307 -9.67765154352197
-3.35269524149781 -10.4685510083733
-3.05638619475172 7.44697123977894
-1.16894716230994 8.19482013038035
-1.30496784564508 -11.2415205305381
-0.502277692974959 -11.3042405332802
0.313419273861316 8.15866396122205
-2.46692074411207 -9.5503005302146
-2.27797796901058 6.48474547129338
-0.957496206808505 -14.018194943538
-0.57282340242679 -11.9842671345227
-2.12996428992602 5.68718605949506
-2.80496098259046 5.8597503943072
-2.96616227168015 -8.92985000760123
-2.27689180434168 -8.77703903088044
-2.87154638988959 -10.9638537980384
-3.28707141405065 5.22264094397878
-2.69494880779246 5.12997643030675
-2.56020813226586 7.94763874572008
-1 9
-1 -12
-0.101353858538906 8.66827133046255
-0.123156222508696 -11.9986771943889
-2.81263773241428 -8.21666398672528
-3.40513557778189 -8.29733759373383
-1.57791889194791 6.24993903215777
-1.74021716186015 -9.33935759790852
-3.35631782045079 5.93640533817351
-1.52237608376792 8.78707438356545
-1.77392519175474 -11.7982393063478
-2.16829546219959 8.60401255367882
-2.51313578256499 -11.6061364747468
-3.52746840273878 -8.99374306797375
-1.19725282431959 -9.90526040198581
-1.03900099881782 6.82079608377675
-0.155595719104192 -11.7583571612002
-0.69819084771056 -14.2568580573108
-3.26853801352379 -11.4738060105184
-2.86645897101805 8.48193208423619
-0.941922109151288 -10.8562752058778
-0.824547342074595 7.7830507143235
-3.47722055028196 -10.9904138056516
-3.11835323377853 7.98653755558541
0.723647116437661 8.37945258278684
-0.958672663330546 -11.7114815118005
-0.586972791763009 -1.93101156086991
-0.587004065793007 -1.21136625542418
-2.60313863166312 0.802934883712054
0.1306315822087 1.99903534531153
-1.85017824248 0.987022713955584
-1.34752519009802 0.571041166051625
-1.84624366035908 -4.09496814794038
-1.35024682454608 -3.66712676431473
0.215334879348751 -4.98449679689211
-2.57819941114053 -3.90002047839464
-0.592502028247155 -2.79783830736173
-0.239001618939165 0.569847837614387
-3.2206191860402 1.42840448453414
-3.18134125035703 -4.52298394211658
-3.24970292618057 -3.72857771262397
-3.29835227654134 0.638216825686934
-0.107036410829469 -4.27685438569395
-1.27515019817143 -0.168224238470066
-0.335915431767479 -2.90812172172785
-0.344363439336343 -0.170396164694066
-2.40378013758888 -4.67604833973584
-2.41448851754264 1.5655217989997
-0.288459394609559 -0.735942584550031
-0.286287292591384 -2.40116515883539
-2.92074226273664 2.18499069609234
-2.90724570382726 -5.29077030252808
0.147810319292448 2.80645648063236
-3.35835076954443 -5.91083356535277
-2.77174726481903 -3.23785741903796
-1 1
-1 -4
-0.85488289050693 0.247991603182888
-0.840700064139625 -3.3118646969637
-3.36910225104724 2.81312390158183
-3.45465146005616 -5.20376305919805
-0.640117240517945 -4.69810836644042
-1.70876340884006 1.2966004627263
-0.40191758170357 -5.40543338692194
-2.43273372350858 1.51245767859376
-3.49241275593025 2.11001094528885
-0.258984973848076 -6.14430753262956
-3.18778387618584 1.64896362029878
-0.91812838736815 0.227309999966425
-0.929439827053432 -3.30116397747295
0.211758810801445 -6.36014971210717
-3.41204482413916 0.121557198821592
-0.699579650811513 -0.478896106671193
-0.694837945321144 -2.63107245948408
-1.65294457440858 9.56422916661836
-1.46984225715885 10.2484565733158
-2.17295735058403 10.3580192424109
-5.59936710163011 -12.2480583401004
-5.37481506478386 -13.148814010816
-4.75817507768258 -12.6635039249233
-2.35050465896292 9.62748729407878
-2.14243929498837 -12.7368181797098
1.25490328443043 -12.5176660695568
0.96089322115637 -13.1378747475545
-1.55053446279955 -13.5061524415564
-4.72441416058512 9.93628064770199
-5.01516108755201 9.22158286825801
-4.39031580527103 9.15019371208903
-4.05288824385704 9.81758539394562
-5.97086214263782 -12.8091978362155
-3.82915755183823 9.07386355569688
-3.40201218353638 9.5864552362731
-4.38557095201699 -12.0126363937358
-5.02259815822822 -11.9907127820894
-7.85686900279185 -12.4775667677179
-8.48520694479821 -12.2563335232511
-6.01738594286875 -13.5469046554037
-5.74752381937172 -16.1184335909012
-5.3002842064345 10.3692134751468
-9.12180318865287 -12.6506901663679
-3.13189506350093 -12.1064742047767
-3.50578813370296 -12.6990672531444
-2.78104843481447 -12.812024415407
-2.43663059565587 -12.1658830765771
-4.08309821603288 -12.5033236807384
-5.35822466938784 9.59567198079821
-9.14532461730655 -12.1341735850455
-9.77782567523341 -11.9839938872097
-6.43633002094633 -14.868699725155
0.625896711808071 8.99284974725829
-2.14211421752785 -13.5418251741641
-1.66343375117282 10.9357081741626
-3.7332351121074 -11.9939009072931
-1.583442594482 -13.0461803955801
-3.50139340992202 10.3168756562446
-4.53772458599784 -15.9179788220848
-4.11505290240702 10.5894262282942
-5.1653824568164 -15.6201068253853
-5.78958659622367 -15.2899194495229
-5.3278872105254 11.1983161630643
-5.29313163991946 -14.0033175591199
-4.71251659550473 -13.5568428390997
-4.64153259200353 -14.3353223500446
-5.22086109444831 -14.8141088136402
-3.9510159918903 -15.4353908240916
3.23099750215415 -14.9087608442576
-4.58460535822832 -15.1283294336688
-2.76809598126169 -14.4279287931454
-2.79113784754553 -13.6560011401293
-3.38323834194988 -14.1387872837561
1.93918724036204 -14.3567186833484
-3.9930780561261 -14.638759966447
-3.42379608684855 -13.3825629104109
-4.04166246732355 -13.8552163181021
2.74974361149232 -14.3264696775405
2.24929054610079 -13.7465299869875
-8.55023374278322 9.11828911819228
-1.98585969203064 -12.5105753941217
-3.2256758104688 8.98969028586091
-2.87093322166936 10.0243589174982
-4.09314800490805 -13.1329188815062
-5.85182659964092 -14.4883686005391
-2.17244482964236 -13.2013340555638
-2.90800745842793 9.45035202813696
-2.59478230837632 9.04713058098137
-0.186450738531255 -12.5381643350376
-2.05708664242031 9.12527558756067
-5.8259709071696 10.730831764641
-1.64547936860289 -13.730525304699
-6.9713773867467 9.26294091481357
-1.12185072150094 9.82051975207741
-6.31387399136776 -12.2834949302023
-6.06200885675982 0.568240560993479
-6.17833024075688 -0.0647689091961966
-5.36406035362284 -0.118141510720667
-2.40813853937526 -3.94812658095059
-2.69022515046814 -3.12835446462253
-1.39504493469792 -6.28251095143176
-5.24198280973713 0.556602091905256
-6.22041135059674 -1.88549315438749
-6.80584395658598 -2.37292306343876
-6.1117364825509 -2.5499833313883
-6.65820098106533 -2.98443379639006
-2.55925196534352 0.33491181984876
-2.31301843338944 0.960357290893125
-3.02244771169951 1.03772145518479
-3.3263555915182 0.436317112963723
-2.06477624055204 -3.39689316808917
-3.64731985317827 1.10804852779314
-4.06977044204126 0.633377788529314
-0.777416250017214 -6.60540808766379
-0.77626130578707 -5.96854882174129
-1.50508783038033 -3.3055843726607
-1.29665561019789 -2.73170231112327
-2.05079492166802 -2.72735657803408
-2.46363331613151 -0.478357298859446
-1.86539218226628 -0.0208887616309233
-1.72868527843602 -2.1908552046566
-0.860615014608858 -7.85774230319932
-4.54817624401189 -3.60105359960878
-1.50138018349315 -8.29241650653373
-0.935170805773872 -8.5529189382759
-3.94917451273627 -3.77267147865865
-1.84484256996032 0.614926649166798
-1.18747977078526 -2.13302193814921
-1.04327600662172 -1.55128080565283
-1.66170582500467 -1.51940610528992
-6.64659735155747 -0.437468327563027
-6.34434776992091 -1.17440528632417
-5.8554644947694 -0.669083855610856
-0.752230028503688 -7.25136500092455
-6.86254920614838 -1.66917398721511
-3.89086033580108 -0.0227471573284457
-3.77996179878124 -0.702714063494234
-3.18761362193827 -0.246319618306485
-3.07102248121106 -0.93894684817778
-2.37328019886322 -1.19540854027814
-1.80774745560117 -0.71335439214086
-2.8271789853823 -2.36363458365848
-3.39748421055153 -2.7935308345632
-3.5331709130888 -2.10088166363336
-2.95573439292719 -1.64663462389233
-4.37085970214299 -1.15736195191027
-4.50003578596449 -0.45035969665171
-3.65969482538245 -1.40008112216142
-5.51446123189454 -2.10724678077713
-5.38970866865118 -2.77036117600787
-4.83241283018171 -2.32874608291859
-4.95412160633093 -1.62653252435295
-4.24456212564591 -1.86121868887345
-4.70523538946262 -2.99235993849046
-4.11676841421431 -2.55402317695271
-5.08474939131741 -0.909746983201629
-5.64865287508453 -1.38915508142615
-6.0589165738315 -3.73362693856777
-1.19756510183713 -0.962367552560933
-4.31625572615883 1.17758381823819
-4.61846478764041 0.218598623546549
-3.99581922848185 -3.19915877654273
-2.26781920042441 -1.89798637117603
-5.96767852575252 -3.170554447567
-4.63007236133238 0.74352271913269
-5.01089281086166 1.10524280679655
-6.56757638562377 -3.49306157109554
-5.61623443228186 1.0060978698922
-1.26513126069881 -0.263793329656578
-6.91124602139242 -1.04712577770991
-1.36106923478136 0.319504189033577
-6.65814606405582 0.293859798038276
-1.1519220064259 -4.69468350999068
-9.57407607873346 8.36556142069824
-9.05680815332225 -13.2713100867498
-9.68651759870569 -13.0672943580133
-10.2967513992205 -12.7863678775403
-9.69085966417822 -12.5308877901057
-10.2951239518159 -12.081508265703
-6.97353954488096 -9.12406170608419
-7.67734140183793 -9.70640926146925
-9.12088846963943 -12.360313666795
-8.63552439258936 -12.8305012323764
-8.56005523189961 -12.2797882935767
-9.28675868620081 -12.8176509555791
-10.2634928802634 6.69314437036127
-9.57433369212594 -11.9787595616932
-10.3822374110388 -10.7032577872393
-9.87198285278881 -11.020126636679
-9.75643261634536 -10.3326449185903
-7.73523909460512 -8.909100393432
-7.8647284275215 -8.21763856673153
-8.49034858377793 -8.70358691396147
-8.74183180643494 7.58075036398601
-8.94455439881103 8.15773910612479
-9.4023435346188 7.74001868771046
-9.3324669781741 -10.7576929306348
-8.39941373087132 8.03262835936872
-8.02833951510252 7.40543946798824
-10.9018204587525 6.54643453978182
-10.5394558711311 7.6166855974815
-11.1840809342487 7.30994583971094
-10.4487793417923 6.93120545927057
-10.251948288121 5.48891728463319
-9.60668580979703 5.10591881670462
-9.5031431024939 5.8374644904769
-10.0867695644704 -7.68611612319567
-10.2349285181137 -8.42936469888349
-9.67305659564164 -8.26516040430692
-8.8909503764819 -11.2224883518734
-8.70680932077521 -10.602003686524
-10.282675049035 6.20722767099673
-11.0943072207863 6.59236329538361
-8.21993189286752 6.22537010554315
-7.54689978708383 6.66410329149291
-8.46226568975945 6.91036107862559
-9.90915402050608 -11.5548958063559
-6.86572996540949 6.1201816884749
-9.418679359837 -7.61394520253462
-6.53254741347458 4.70537797881153
-6.48852928072415 -7.7326016810118
-7.32763946751434 -7.67787147450203
-7.18463023712148 -8.41099808188848
-10.2197745996328 -13.4589079558723
-10.9233210274765 8.70512416132193
-6.37108269839186 -8.53186883733822
-9.43142138440524 -11.4037430499615
-10.9507971578573 5.86611787560361
-7.21141779422852 5.37369961471692
-7.4145585707415 4.62628690306961
-8.95461057672249 -8.24465883725938
-10.5509041850039 8.11345584243033
-6.3189271416943 5.51445306620744
-8.38288553873777 -11.0990905127622
-10.646583295187 -8.15518972733808
-10.9531010596675 -12.4815280916523
-7.56504344403403 6.02477066528308
-8.25449430981014 -9.33569310324987
-11.0492215979579 -10.3642987975953
-10.3034399703617 -10.0518869699594
-11.0087891103644 -9.66785602624097
-8.08583943873369 -10.4518617562356
-5.70238939702051 4.98745269467823
-5.73010554404358 -8.01979503187534
-10.7459895202281 -8.94275251067528
-10.3353322311764 -9.49646371471909
-9.98053533880116 -8.94938578177348
-12 -10
-10.9696032341301 -11.7562457998513
-8.71092818294953 -7.593669397486
-10.4121962130533 -11.4058091928971
-9.62636200289229 -9.59671656289513
-11.5264486949102 -12.0952438506468
-11.5298427827877 -12.836545324338
-8.50417325166117 -11.6879560825465
-5.06965828596932 4.52889734822424
-11.0131647941415 -11.0522365875739
-11.7491910310462 -10.6574859808311
-5.08934665796552 -7.57379511285911
-10.0596164815996 7.91473752734697
-11.1139514962751 7.98756825046584
-11.608207261277 8.42940698206981
-11.5985293056449 -11.3630431026529
-11.7636876769029 7.7143896731727
-8.50684725818255 8.58917807771058
-11.2698656029553 -8.51539821555573
-10.8796412917052 7.18220646972809
-5.8145430775323 4.4230943673656
-11.7059878346968 6.2525961912469
-5.78432245887377 -7.4574517369903
-11.5076908490094 7.51444068387649
-11.3869949592564 6.75617148357503
-11.06722972551 -7.7553041953968
-11.5573837433754 -9.25299103930231
-9.18646060289457 7.07168394282785
-12 7
-8.99888193869722 4.70029089837513
-9.11449177086486 -10.0355460224531
-8.85060879259932 -9.3897697029305
-9.27080136221083 -8.87893222705353
-8.19856147334881 4.59355478578806
-9.68848863082832 6.58533360859319
-9.88536965965472 7.27183363646341
-8.45096845265236 -9.92390920575081
-8.95925767567184 6.40955255768765
-8.73115659885916 5.75524785084401
-7.99974635063617 5.57726633979312
-9.09683997177746 5.33452155430987
-8.0258413825124 -7.59161354776661
-9.63225526183625 4.51116467381976
-8.41772034556135 -8.07759182439344
-9.01018685853573 -11.850178138416
-10.5798009066511 -7.53218643320624
-8.5304164831367 5.18808859911688
-7.82700624464716 5.04585878746115
1.29965120172334 -11.7627793592046
0.730034848988424 -12.1883275475181
1.30996573799107 -12.4138119133406
11.7594817489139 -0.297633588328154
2.04938068652482 7.48532456187012
11.3148632200571 0.0682605125281164
1.63202580586835 7.96984005615923
1.89206560463213 -12.6995495503718
1.26145765260429 -13.1272646163523
11.1381605035935 -1.54770597610385
-0.75163571685251 6.13635294194896
-0.0794085810678999 6.7416831584445
0.620338540854769 -13.2578628815055
0.216305693418196 -12.7329793905108
0.0220310058146786 -13.3915130914767
0.872986418889207 -12.720679957162
2.33077948980818 -8.05134744148225
0.038850397943878 5.93753675601784
0.214940317033738 5.23820378029043
0.826797962766432 5.74120790903767
0.652768843598557 -10.8447129059337
0.737637414611085 -11.509697357311
1.24011206580721 -11.057769147609
0.270124664131084 -11.2953293060908
0.0640061041657148 -10.561509428091
2.98147525480645 -7.95002689010279
2.35942408955708 -10.9086453600783
3.05696775828437 -10.5193222408331
2.37023648725323 -10.188848098039
2.29291655681825 -8.79700232334375
1.66477174411885 -8.41139133278834
1.5315532749248 -9.1113820141324
2.53458942639205 4.68393706249862
2.61624650911193 5.43912580540055
2.06128318634138 5.2789757688566
1.20554355142243 8.4326719442913
0.9716783336276 7.72739717443286
2.27848250785379 -9.47910462894073
3.07527406518859 -9.80940627158008
0.295957076533233 -9.43672069766812
-0.318980218570304 -9.82220691744974
0.478362062651799 -10.1263482315738
11.6383399765123 -1.07194036613253
-0.94116707488761 -9.26358197010476
1.85557739610529 4.62639227902934
-1.17640032946905 4.72601577940471
-1.29182716147177 -7.86838385523641
-0.307124653116415 4.68582515690784
-0.494659602837615 5.422326117598
0.926425500081875 -13.6614108718994
1.89592037481199 -11.9544482492421
2.54983072104671 -12.1091946554135
-1.32985732008435 5.52822827086235
1.80436945641635 8.71281811699357
2.28641704816392 -11.4594292653283
2.98692071061909 -9.15795014010077
-0.634648579171063 -8.5545173739625
-0.450029463253606 -7.83454729942263
1.33221215765147 5.27391631287061
3.27731378929747 7.5227615323465
2.56996817703218 7.19216601844476
3.2330161850536 6.72372272452202
-1.4738770343851 -8.65068936958384
3.07201439960326 5.95553741241658
2.61787610920645 6.56036104349796
2.31674749173854 5.96940832313591
0.60246408443569 8.22421946195926
3.06160252252773 5.14206418262635
10 1
-0.301148867621568 -9.20546098660097
0.545914436174174 6.385650376408
0.272639703834911 7.51100046186133
-1.9640505910443 4.99977362382066
-2.08040085815384 -8.1096124197077
10.6216344635143 -1.15190061034524
11.2051902335423 -0.764607777808262
10.6735882336046 -0.343807532645095
1.12903828301774 4.61231880612657
2.85089396111116 -11.2967719471032
10.0265151305313 0.0998416814360953
10.0618015149277 -0.72984626466789
3.24187644926878 -11.7740270612856
2.45893415734002 -13.0301141849975
-0.156252506630491 -14.0863623284231
1.93094216529721 6.69033559732932
-2.7037632865407 -7.6344509936994
-2.6127139230711 4.53621470466117
1.8432440227496 -11.2511951011113
6.60479889855392 -10.9391131723432
10.0379779780552 -1.56066289872564
3.52195905506018 -10.9380527343436
0.222813112866223 -12.0261487901274
8.4759041525513 1.33982860796283
2.944077207299 -8.53345045236812
-1.98758616928017 -7.55872795849532
3.76356396400645 -9.504643383503
-1.89401221422533 4.43486591708388
3.58743001639141 -8.86472774464132
3.53862436504158 4.71197645935752
3.47951439456691 -8.1727353520016
9.22287556230864 1.16288751349798
1.12698052820834 -10.3368283470176
4 -10
1.0776473637185 -7.99287383187166
1.40851272412337 7.14480510587027
1.15787771075171 6.45675490183109
1.60904282544859 5.92003804591767
0.302683212932683 -7.84529617228405
1.65715316185943 -9.85205475057791
1.76986650632589 -10.5582626735466
0.715345668127719 6.99874578049863
0.97344742710818 -9.65587756584736
0.792337308887514 -9.00217275028428
0.106271697166738 -8.79244044114763
1.15869122831684 -8.60923458885216
0.420869541673653 4.6075442917653
1.70325023426075 -7.8463687104053
0.792917716660838 5.10209549452253
1.41920203178521 9.14427274614455
3.05607879286368 4.51044636875996
0.616311889271625 -8.44042715272523
-0.0540987404853203 -8.265915403874
-11.1905876259394 -1.59307526874479
-12.1655239069704 -1.85082747661514
-11.8618651459925 -1.11581771091875
-11.6235929422395 -0.286953572487941
-11.9985057277562 0.382507775143401
-12.2928096940125 -0.605973195782481
-12.1318195184755 4.4105977098004
-12.3963190703267 5.10423303650268
-12.8957245203035 4.39912420825131
-14.2543695692287 -0.0529883792750478
-12.0466225501912 -7.45254469133198
-11.439387142554 -7.36714284507231
-11.4756786723199 -6.66430520149518
-12.0416046721459 -1.18515708537625
-12.1087585717833 -6.68048371149758
-12.4113531484478 6.40381570752778
-12.4815569500102 5.23760162317335
-13.077325332654 6.75018859765048
-11.4941558331428 -6.04416114735776
-12.0549377041742 -5.90360718700269
-12.7504530529281 -7.9435588482191
-12.1781125757383 -8.31275504717316
-12.7763751865502 -12.6563747813577
-12.1400478484708 -13.0665928353319
-12.08399503746 -12.4163330196573
-12.6430845456214 -13.2568625442718
-11.9321019129151 6.9957830828867
-11.6604040488311 -7.98487486637905
-11.6965277105679 -1.94133607215051
-11.9706224916783 5.68087442324781
-11.8102298139685 6.36393612327172
-12.5432549889126 5.75340028122328
-13.0671062382987 5.53137697064015
-12.5575619569019 -11.9439771583517
-12.9185642866346 3.52352269567165
-12.6760684139835 -6.36161276078967
-13.3453939132555 -6.79353005547366
-12.7340133165975 -7.13756336598869
-13.3651185932046 -7.56683784510351
-13.3722351088568 -8.33815601644953
-12.7415203245383 -8.719837159634
-13.2250309751437 -13.2751330791214
-14.6492327852258 -8.38715995786526
-15.0607286942217 0.29667442668438
-14.6354624413474 -0.349071895498192
-14.0086179616165 -7.98020260929452
-13.4513496600841 -1.01162128226206
-13.027256079524 -1.69321586903892
-14.0014555578008 -7.21642304490017
-13.7540516336301 -0.666519719803809
-13.5230624555513 0.301585039807608
-13.1056599045898 -0.345692632017621
-13.8689113790528 -0.350885733193558
-13.0880753288325 5.96939108738754
-14.2885574006333 0.293633628792861
-12.6958702413266 -1.02539278485718
-12.3788421042508 -0.346333476123482
-12.1933643937676 8.2707755564793
-12.9079405695122 7.42054750976249
-11.4962249898089 -5.37851645774334
-11.5556037434301 -2.83983573900823
-12.7091620913324 -9.49343617629273
-12.6807500832009 -2.33885419390934
-12.331751463116 -1.72568538572463
-14.0048789307628 -8.72705772451924
-12.906437605635 -11.3613346491815
-11.2043961221688 -2.31062345034812
-12.1175963790829 -2.36591759009408
-12.084220683188 -5.23416930474842
-12.2222672188898 -11.3119487271352
-12.3395785571848 3.81258203590257
-11.5359008570296 -4.79218606425154
-12.808243626628 -13.8899563802868
-12.144723448345 -9.09846114940076
-11.9977866138706 -11.8260400899437
-11.8709201888044 4.97331421413519
-12.3092442627935 7.6816734320886
-11.9870668908811 7.64048249323245
-11.7631232644173 -8.63203317264914
6.30582423164161 -10.3206964555818
9.43321913339828 -1.94908437654006
8.7256469137891 -2.25683667820695
9.05177456990555 -1.40095229333626
8.76176517220837 -0.734950619351919
9.45139545705335 -0.691274187844719
8.48807530448605 0.752675947751205
7.76977095870919 0.465364111559907
8.43909262023741 -0.0159930409289599
7.57505785854506 -0.208445200279288
4.573802889409 -7.12832528110664
3.93062919277565 -7.1479973638052
4.0448097868345 -7.79426507752601
9.62814516341221 -1.27149726740979
4.72442628205919 -7.83625324781833
4.56653271185864 3.47998061985793
5.66315580013758 0.366199439914711
6.11261910925057 -0.261720331611927
4.13258303335077 -8.35863234818005
4.752945812136 -8.53574472925087
5.74571500522024 -3.71173987257156
4.61343099821998 -6.36709764535568
4.66363266407062 -1.65327261267475
4.07491032686016 -1.20252337458595
4.0110791583603 -1.92576644819179
4.55491130135777 -0.988987437002192
4.06994152343413 2.91505845265727
4.09504369576985 -6.60714778826828
5.92082667760774 -9.78111735775803
4.11326269548615 4.2155971749358
3.95240695693259 3.54256473764201
7.1148607398079 0.303092256418609
5.36141653346812 -0.250465104142952
4.44367008230824 -2.45669332693084
9.3143891207469 0.00535214126456425
5.36452901194453 -8.18063427631447
6.8450597871243 -2.96235034642742
5.35070155254571 -7.47579654437768
6.1335353616164 -3.00311890057417
5.43016824903387 -3.0547230163947
5.05409905347562 -3.80496112168069
5.10584434303686 -0.964154472343974
5.44668015593895 -1.64234158092079
5.78523950484254 -0.931911678548642
6.15437743932016 -1.61446082649244
5.79403267693481 -2.32740286829866
7.22207052882713 -2.25619742415587
7.55361362095119 -2.93933779696618
6.50471460054319 -2.29093141666558
8.01560319556169 -0.820577256256453
7.26352564563314 -0.884999296901953
7.61187604099518 -1.53978668512615
6.88129821274539 -1.58327507474694
6.87104871008563 -0.262893214015268
6.52403498469166 -0.918015857406792
7.93641703343294 -2.21991058951605
8.31286943181691 -1.5014992817493
4.14112235635445 -0.467771884632445
4.54203448448671 1.843073547627
4.21807433666647 -8.95143715961718
5.0373559887698 -9.77141743834106
4.38534844904215 -3.92779506399841
7.80378682680031 -3.58125393231329
8.20269530600626 -2.91358063376164
5.10392968306325 -2.36750794955982
4.74854267164249 -3.11694688647271
5.59392968786696 -10.209305379881
8.32109513769649 -3.54926775102238
4.8683354579847 -9.14007654717258
4.13164751493698 -3.19156820536399
9.08966766269489 0.577674350988807
4.36161113174492 -9.45517543885428
4.73018945344005 -0.289929041036877
4.44818875193737 -5.68734051738513
3.92599200331916 -2.59045782319418
7.93073984787635 0.996375806130029
4.26886468728283 0.195285462558663
4.11000948070287 2.28300094529706
4.11617693309881 -6.03780063940045
-7.74843918234778 1.27034376073724
-9.72865384311573 -3.21088559542748
-6.77312339577082 3.19977336925829
-8.11289720998376 -2.46103131279025
-11.024083912514 -2.84490075911449
-9.49814068473988 1.33705513319212
-9.3515374765193 -2.01546646931535
-9.15792105891119 4.70959543309475
-8.94556556273555 1.61534648481542
-8.64409921235396 2.25535040758802
-10.4861630131274 -0.717498296530268
-9.69371130449712 3.33934083347601
-10.0173884233649 0.979614394391987
-8.4182220581068 1.81507272859093
-11.599094276514 -2.32187698194583
-11.7890841967163 2.14672423256532
-11.0716364731218 -0.299254923210328
-8 0
-10.044243121006 3.9763683218959
-8.59327500673181 -2.87660369142667
-8.36401486745545 1.62116783741135
-7.10002512367136 -2.09667406593408
-5.93574558596891 2.12539335096035
0.98046298628517 6.05540178785792
0.798829355589215 5.29684028844041
-7.757908302483 0.574665542862463
-7 -2
-6.1459989905715 -2.35865147241032
-5.40716944774054 -2.59193418123437
-6.05540178785792 0.98046298628517
-7.41230082942721 -2.14097343844493
-4.60200632745052 0.635811098560356
-7.58539047564137 -2.66709788113854
-7.90332593406592 -3.10002512367137
-5.1145670837912 2.14363652824083
-4.66065933050877 -2.73707690650052
-3.96448218000568 1.69244490762917
-3.90186716598829 -2.78624683852688
0.119275040844258 4.50545002043749
0.317132067670449 3.95498487495028
-9.63673905707837 -10.8862066258472
-9.12375104639042 -10.9031650836597
-10.138645794395 -10.8984121533524
-8.37747288296973 7.94243452686613
-10.5516251347535 -11.2669700846483
-8.09978860187357 8.65359618784495
-8.86135420560503 7.89841215335235
-8.58707212872322 -10.9486515630274
0.304240533280245 -11.502277692975
-0.15866396122205 8.31341927386132
0.30180915228944 8.74314194268925
0.711481511800504 -11.9586726633305
-1.37945258278684 -14.2763528835623
0.0425037931914951 8.98180505646198
-0.37945258278684 8.72364711643766
-0.569847837614387 -0.239001618939165
-1.27685438569395 -2.89296358917054
-1.99903534531153 0.130631582208701
-0.202161692638274 -3.59250202824716
-2.80645648063236 0.147810319292448
-1.98449679689211 -3.21533487934876
-0.168224238470066 1.27515019817143
-0.703399537273696 1.70876340884006
-0.487542321406241 2.43273372350858
0.237857419037951 -5.77174726481903
-0.351036379701215 3.18778387618584
0.121557198821592 3.41204482413916
-3.36014971210717 -3.21175881080145
1.73681817970983 -13.1424392949884
0.506152441556366 -12.5505344627995
-6.52243323228209 -12.8568690027919
-4.74752381937172 10.8815664090988
-6.74366647674892 -13.4852069447982
-2.66343375117282 -14.0642918258374
-9.86869972515502 -12.5636699790537
-0.992849747258286 10.6258967118081
-1.51766606955679 -12.2549032844304
2.9179788220848 -15.5377245859978
3.41057377170578 -16.115052902407
-5.11505290240702 -16.4105737717058
-6.3278872105254 -15.8016838369357
-6.3002842064345 -16.6307865248532
2.43539082409162 -14.9510159918903
3.68312434375544 -15.501393409922
-3.35671868334845 -14.939187240362
-2.74652998698745 -13.2492905461008
-2.90876084425762 10.7690024978459
-3.17295735058403 -14.6419807575891
1.42792879314542 -13.7680959812617
-3.90876084425762 -14.2309975021541
-3.32646967754047 -13.7497436114923
-2.13787474755454 -13.9608932211564
-10.4497662572168 -12.1182891181923
-6.34930983363206 -14.1218031886529
-6.82597090716961 -16.269168235359
-6.88171088180772 -15.4497662572168
-7.730831764641 9.17402909283039
-1.53816433503756 -12.8135492614687
-1.99284974725829 -14.3741032881919
-5.73705908518643 9.97137738674671
-0.179480247922593 9.12185072150094
-3.28251095143176 -3.60495506530208
-1.05187341904941 -5.40813853937526
-1.39894640039122 -7.54817624401189
-1.22732852134135 -6.94917451273627
-1.26637306143223 -9.0589165738315
-1 -10
-5.29241650653373 -3.49861981650685
-1.69468350999068 -3.8480779935741
-9.57407607873346 -13.6344385793018
-9.05680815332225 8.72868991325022
-10.9233210274765 -13.2948758386781
-10.2197745996328 8.54109204412767
-8.50684725818255 -13.4108219222894
-11.608207261277 -13.5705930179302
-10.8796412917052 5.18220646972809
-11.5076908490094 5.51444068387649
-8.10158784664765 8.86135420560503
-10.2634928802634 4.69314437036127
2.68513677994294 7.93173948747188
1.36166002348766 -13.9280596338675
4 7
2.24051825108611 8.29763358832815
2.36166002348766 9.07194036613253
10.7226862107025 0.4772384676535
1.86183949640651 -13.4522940238962
0.84374749336951 8.91363767157691
10.54106584266 -1.9698858150025
0.804369456416352 -14.2871818830064
9.93911317234323 -2.39520110144608
3.06088682765677 -12.6047988985539
3.83711248650202 6.22287556230864
3.66017139203717 5.4759041525513
0.419202031785212 -13.8557272538555
-11.1655239069704 -0.850827476615139
-12.9985057277562 -0.617492224856599
-13.052988379275 5.25436956922866
-12.6235929422395 -1.28695357248794
-12.4815569500102 7.23760162317335
-12.5235226956717 0.0814357133654124
-15.2966744266844 -8.0607286942217
-14.6509281045018 -7.63546244134738
-13.6128400421347 -12.6492327852258
-13.9392713057783 -13.2966744266844
-13.3067841309611 -6.02725607952405
-13.9883787177379 -6.45134966008409
-13.3991242082513 0.104275479696451
-14.5230624555513 -0.698414960192392
-12.7540516336301 0.333480280196192
-15.2885574006333 -0.706366371207139
-14.9693910873875 -0.0880753288324764
-12.5235226956717 2.08143571336541
-12.6611458060907 -5.68075008320091
-13.0671062382987 7.53137697064015
-13.7248669208786 7.77496902485634
-13.7063663712071 6.28855740063332
-13.7033255733156 7.0607286942217
-14.2164230449002 -0.99854444219924
-13.2729422754808 -12.0048789307628
-13.3613346491815 -9.09356239436502
-12.2341693047484 -2.91577931681198
-13.4686230293599 8.06710623829873
-12.5065638237073 -10.7091620913324
-12.4205475097625 6.09205943048779
-12.808243626628 8.11004361971316
-13.2250309751437 8.72486692087855
-12.1933643937676 -13.7292244435207
-11.7921860642515 -3.46409914297044
-12.6430845456214 8.74313745572822
-11.9870668908811 5.64048249323245
6.47998061985793 0.433467288141358
5.28826012742844 -6.74571500522024
4.63380056008529 2.66315580013758
8.78111735775803 -3.07917332239227
7.2155971749358 0.886737304513847
6.47579654437768 -3.64929844745429
5.36709764535568 -4.38656900178002
4.22858256165893 -11.0373559887698
5.77402706128556 -10.7581235507312
7.18063427631447 -3.63547098805547
5.41874606768671 -8.80378682680031
4.68734051738513 -4.55181124806263
3.79069462011896 -11.593929687867
9.32069645558182 -2.69417576835839
4.843073547627 0.457965515513291
4.00362419386997 4.93073984787635
5.45073224897762 -9.32109513769649
